3754.09  -49.5299
3755.12  99.1969
3756.15  98.8055
3757.18  46.8455
3758.21  66.9863
3759.24  2.98265
3760.27  16.6623
3761.3  89.6912
3762.33  -112.174
3763.36  28.4217
3764.39  160.181
3765.42  80.0674
3766.45  -177.856
3767.48  -8.15474
3768.51  -50.3949
3769.54  -92.6334
3770.57  -1.96369
3771.6  128.518
3772.63  44.5771
3773.66  32.0611
3774.69  49.9178
3775.72  -162.118
3776.75  86.0028
3777.78  -27.8406
3778.81  -26.7792
3779.84  279.031
3780.87  155.156
3781.9  -137.215
3782.93  45.7029
3783.96  108.042
3784.99  119.939
3786.02  -90.147
3787.05  -123.957
3788.08  23.401
3789.11  56.2188
3790.14  174.861
3791.17  37.9565
3792.2  -97.3686
3793.23  -21.8327
3794.26  146.712
3795.29  211.56
3796.32  94.5686
3797.35  -140.329
3798.38  55.3129
3799.41  -174.047
3800.44  92.9716
3801.47  160.845
3802.5  -9.51328
3803.53  243.955
3804.56  107.175
3805.59  8.35867
3806.62  -75.7721
3807.65  26.1442
3808.68  145.845
3809.71  -58.3375
3810.74  -32.6032
3811.77  215.107
3812.8  53.1185
3813.83  -121.308
3814.86  -11.6716
3815.89  -58.1086
3816.92  -93.8351
3817.95  62.4259
3818.98  70.8459
3820.01  -151.572
3821.04  25.876
3822.07  62.5716
3823.1  -26.4398
3824.13  0.919753
3825.16  -3.96369
3826.19  0.16023
3827.22  -27.9441
3828.25  132.291
3829.28  58.8501
3830.31  184.756
3831.34  71.2639
3832.37  43.3417
3833.4  -128.802
3834.43  -73.3885
3835.46  -33.7483
3836.49  17.5165
3837.52  -7.674
3838.55  23.8937
3839.58  -85.4177
3840.61  158.331
3841.64  6.74156
3842.67  -51.5663
3843.7  97.736
3844.73  81.2018
3845.76  5.34528
3846.79  94.066
3847.82  -67.0707
3848.85  -10.9958
3849.88  47.507
3850.91  147.489
3851.94  80.6673
3852.97  29.9776
3854.  46.4873
3855.03  -42.4447
3856.06  39.6022
3857.09  -143.918
3858.12  -129.129
3859.15  89.9465
3860.18  65.478
3861.21  23.6645
3862.24  -59.0081
3863.27  -43.5032
3864.3  14.3002
3865.33  -76.7813
3866.36  -88.5681
3867.39  57.2944
3868.42  157.503
3869.45  85.0994
3870.48  133.36
3871.51  -33.0715
3872.54  -84.1661
3873.57  28.4544
3874.6  68.6029
3875.63  21.2517
3876.66  -21.6602
3877.69  87.0562
3878.72  -33.1143
3879.75  111.167
3880.78  37.7777
3881.81  86.2094
3882.84  -72.3807
3883.87  68.0202
3884.9  125.697
3885.93  -73.4683
3886.96  56.9835
3887.99  -97.8736
3889.02  -43.6109
3890.05  102.939
3891.08  27.7312
3892.11  -39.9505
3893.14  -10.5811
3894.17  85.9174
3895.2  -145.191
3896.23  -96.2037
3897.26  64.9905
3898.29  46.6558
3899.32  18.2297
3900.35  -14.9947
3901.38  -134.707
3902.41  73.5763
3903.44  130.858
3904.47  -66.7606
3905.5  -76.7665
3906.53  -10.8452
3907.56  -12.345
3908.59  -35.4694
3909.62  -68.5567
3910.65  -30.7436
3911.68  -68.4273
3912.71  -1.14605
3913.74  53.875
3914.77  24.1102
3915.8  -41.4548
3916.83  -39.2061
3917.86  -16.5126
3918.89  -42.9094
3919.92  -121.177
3920.95  -30.1634
3921.98  55.6732
3923.01  79.4253
3924.04  35.3854
3925.07  -11.675
3926.1  4.43465
3927.13  51.0791
3928.16  104.292
3929.19  1.64963
3930.22  -32.2818
3931.25  39.1815
3932.28  83.7646
3933.31  -14.0159
3934.34  7.63548
3935.37  -0.72812
3936.4  15.3632
3937.43  -29.6104
3938.46  -51.3046
3939.49  -73.1246
3940.52  22.6601
3941.55  -13.727
3942.58  -21.4427
3943.61  45.1312
3944.64  43.1456
3945.67  -11.6004
3946.7  -56.9085
3947.73  -6.76846
3948.76  15.2064
3949.79  -60.9585
3950.82  41.9315
3951.85  -102.473
3952.88  20.0794
3953.91  25.1495
3954.94  9.69768
3955.97  -14.802
3957.  -51.1861
3958.03  8.25327
3959.06  16.8522
3960.09  -18.5732
3961.12  -93.3859
3962.15  31.524
3963.18  42.9427
3964.21  44.3591
3965.24  -18.2908
3966.27  -26.5478
3967.3  47.7379
3968.33  -48.6779
3969.36  -39.3481
3970.39  12.8759
3971.42  -97.0156
3972.45  -62.9013
3973.48  64.7865
3974.51  -36.4044
3975.54  -82.5922
3976.57  -29.39
3977.6  41.0118
3978.63  51.1296
3979.66  -64.4484
3980.69  -17.2975
3981.72  37.7042
3982.75  41.9912
3983.78  19.7189
3984.81  6.84244
3985.84  37.228
3986.87  -70.6717
3987.9  -14.7273
3988.93  -63.5665
3989.96  -30.753
3990.99  -73.8741
3992.02  -8.80595
3993.05  -27.8986
3994.08  66.5189
3995.11  33.661
3996.14  92.2464
3997.17  20.4947
3998.2  -61.177
3999.23  -58.9043
4000.26  -42.7895
4001.29  -30.523
4002.32  -41.8843
4003.35  -102.156
4004.38  42.0836
4005.41  25.1617
4006.44  44.0229
4007.47  100.998
4008.5  130.623
4009.53  -21.7614
4010.56  -15.0136
4011.59  27.1141
4012.62  36.9945
4013.65  -2.8227
4014.68  6.23809
4015.71  56.4635
4016.74  33.3276
4017.77  7.55713
4018.8  -43.5665
4019.83  87.2752
4020.86  -45.6566
4021.89  60.489
4022.92  20.1994
4023.95  58.5501
4024.98  94.0176
4026.01  20.6659
4027.04  33.9818
4028.07  27.6189
4029.1  -2.61711
4030.13  -74.9163
4031.16  -43.2254
4032.19  -52.0967
4033.22  -3.10105
4034.25  29.3873
4035.28  51.8646
4036.31  89.9586
4037.34  14.2839
4038.37  11.6209
4039.4  12.3937
4040.43  15.7098
4041.46  -95.7491
4042.49  -0.575053
4043.52  7.52413
4044.55  -3.72261
4045.58  24.8505
4046.61  -88.8857
4047.64  -27.5019
4048.67  -11.1857
4049.7  -34.9275
4050.73  -34.2082
4051.76  59.8688
4052.79  1.91433
4053.82  10.2618
4054.85  39.6105
4055.88  -63.5169
4056.91  37.5596
4057.94  -72.1572
4058.97  -57.4663
4060.  -86.2202
4061.03  -25.4716
4062.06  32.7643
4063.09  -31.8045
4064.12  10.6021
4065.15  -14.362
4066.18  -48.9471
4067.21  57.3346
4068.24  -83.771
4069.27  41.4563
4070.3  23.801
4071.33  -27.0009
4072.36  14.9477
4073.39  64.7601
4074.42  -45.5515
4075.45  15.2915
4076.48  36.9532
4077.51  47.2557
4078.54  -37.8512
4079.57  -17.2094
4080.6  0.937791
4081.63  3.55457
4082.66  57.249
4083.69  26.681
4084.72  -7.58939
4085.75  -13.6582
4086.78  16.1085
4087.81  -37.6749
4088.84  12.1263
4089.87  20.1039
4090.9  -43.0509
4091.93  45.7909
4092.96  63.6799
4093.99  98.1993
4095.02  49.5764
4096.05  4.29586
4097.08  12.5616
4098.11  6.9685
4099.14  49.9752
4100.17  -0.23702
4101.2  40.2937
4102.23  81.6275
4103.26  -9.52368
4104.29  -9.7535
4105.32  -12.4421
4106.35  -51.0759
4107.38  -111.823
4108.41  8.28654
4109.44  39.7564
4110.47  -38.7961
4111.5  48.7482
4112.53  18.6708
4113.56  -49.1337
4114.59  17.0806
4115.62  7.42332
4116.65  6.55204
4117.68  1.13409
4118.71  -5.15865
4119.74  -24.7264
4120.77  67.7873
4121.8  -23.2903
4122.83  -21.1584
4123.86  109.546
4124.89  -58.3519
4125.92  14.7333
4126.95  -14.1271
4127.98  -12.1879
4129.01  32.0577
4130.04  9.92438
4131.07  -20.6761
4132.1  -3.10218
4133.13  132.025
4134.16  2.72222
4135.19  52.2042
4136.22  -14.5425
4137.25  -0.965953
4138.28  -25.8998
4139.31  -81.075
4140.34  -19.0623
4141.37  18.2141
4142.4  -37.3153
4143.43  57.512
4144.46  38.6216
4145.49  12.7844
4146.52  22.8501
4147.55  34.6306
4148.58  19.9652
4149.61  -39.4739
4150.64  13.1482
4151.67  -45.026
4152.7  75.9164
4153.73  75.3704
4154.76  40.1874
4155.79  30.2048
4156.82  -12.0348
4157.85  23.8144
4158.88  9.14831
4159.91  6.65498
4160.94  -68.2138
4161.97  -18.2925
4163.  44.5734
4164.03  13.0328
4165.06  17.9211
4166.09  -15.4415
4167.12  4.90917
4168.15  20.9155
4169.18  -40.1685
4170.21  3.51839
4171.24  56.3669
4172.27  63.8458
4173.3  76.7424
4174.33  -7.43759
4175.36  -7.04166
4176.39  7.86157
4177.42  46.8341
4178.45  -33.5097
4179.48  -40.7307
4180.51  -4.15631
4181.54  -14.9417
4182.57  43.368
4183.6  32.7114
4184.63  -6.98295
4185.66  55.2483
4186.69  17.6482
4187.72  -33.6699
4188.75  -34.5594
4189.78  -1.67705
4190.81  34.5686
4191.84  -11.0162
4192.87  1.1293
4193.9  46.5618
4194.93  73.6991
4195.96  42.5071
4196.99  -8.27159
4198.02  -33.1476
4199.05  0.920989
4200.08  0.898676
4201.11  -6.73657
4202.14  8.98116
4203.17  -5.78602
4204.2  71.7797
4205.23  11.3549
4206.26  61.3485
4207.29  1.28774
4208.32  -19.747
4209.35  11.2686
4210.38  12.736
4211.41  -22.8212
4212.44  -86.7671
4213.47  -14.5663
4214.5  72.6106
4215.53  -0.219398
4216.56  54.5121
4217.59  -26.6626
4218.62  -5.67458
4219.65  -25.0078
4220.68  19.8343
4221.71  22.6614
4222.74  -17.1507
4223.77  31.9991
4224.8  3.61525
4225.83  42.9094
4226.86  -29.6309
4227.89  -13.1379
4228.92  12.8982
4229.95  6.90078
4230.98  7.23698
4232.01  -9.58837
4233.04  8.73454
4234.07  0.697323
4235.1  15.9413
4236.13  -2.6238
4237.16  39.8965
4238.19  16.0583
4239.22  76.7689
4240.25  0.95235
4241.28  8.60878
4242.31  10.1839
4243.34  -17.5067
4244.37  11.5937
4245.4  2.86145
4246.43  -3.6045
4247.46  37.5964
4248.49  18.6235
4249.52  -4.8832
4250.55  -24.901
4251.58  -12.402
4252.61  21.7861
4253.64  0.735775
4254.67  65.7841
4255.7  8.26795
4256.73  -0.436173
4257.76  -34.3027
4258.79  -43.2637
4259.82  45.0443
4260.85  46.3268
4261.88  -33.1582
4262.91  29.5847
4263.94  -39.8043
4264.97  11.151
4266.  3.67538
4267.03  9.14224
4268.06  25.1994
4269.09  13.7208
4270.12  1.60884
4271.15  -15.8588
4272.18  -7.08598
4273.21  -28.9524
4274.24  -3.94071
4275.27  11.4013
4276.3  31.5088
4277.33  12.6538
4278.36  -9.25978
4279.39  -17.4467
4280.42  -4.55227
4281.45  3.20658
4282.48  17.3726
4283.51  27.8124
4284.54  17.7533
4285.57  42.9489
4286.6  14.7413
4287.63  17.3
4288.66  -4.04712
4289.69  24.801
4290.72  -9.1214
4291.75  -22.9701
4292.78  17.3021
4293.81  -11.6982
4294.84  12.823
4295.87  -1.23106
4296.9  21.0626
4297.93  36.9637
4298.96  21.6524
4299.99  8.56143
4301.02  -45.1289
4302.05  -8.47673
4303.08  -12.9086
4304.11  -15.7383
4305.14  -2.56936
4306.17  54.6153
4307.2  26.7487
4308.23  0.425869
4309.26  21.9569
4310.29  72.8209
4311.32  12.6399
4312.35  -3.04892
4313.38  -50.0741
4314.41  4.75649
4315.44  28.0962
4316.47  19.5628
4317.5  45.8525
4318.53  28.9966
4319.56  49.0951
4320.59  -46.9676
4321.62  -50.6483
4322.65  19.0002
4323.68  -3.76528
4324.71  -1.25432
4325.74  -27.1478
4326.77  -1.38076
4327.8  13.3168
4328.83  -28.2195
4329.86  -11.1899
4330.89  14.0429
4331.92  -11.188
4332.95  37.8815
4333.98  37.2882
4335.01  20.5103
4336.04  17.1082
4337.07  27.7129
4338.1  14.0289
4339.13  30.1163
4340.16  45.8962
4341.19  56.0549
4342.22  -26.6682
4343.25  -20.2328
4344.28  10.6276
4345.31  0.0291765
4346.34  25.436
4347.37  22.5425
4348.4  11.7485
4349.43  57.3153
4350.46  17.6818
4351.49  25.397
4352.52  -11.6379
4353.55  -27.4293
4354.58  5.28462
4355.61  14.0442
4356.64  15.6249
4357.67  20.5678
4358.7  9.37848
4359.73  36.254
4360.76  21.3696
4361.79  25.5757
4362.82  28.6695
4363.85  13.4012
4364.88  22.9727
4365.91  40.3992
4366.94  12.2539
4367.97  16.249
4369.  -25.9777
4370.03  -24.9798
4371.06  20.7606
4372.09  28.9868
4373.12  13.6687
4374.15  1.81907
4375.18  -0.625758
4376.21  -21.4261
4377.24  -30.1562
4378.27  -21.3971
4379.3  21.5055
4380.33  36.1184
4381.36  50.602
4382.39  -6.18008
4383.42  -45.4539
4384.45  -16.7614
4385.48  -50.8132
4386.51  -2.49296
4387.54  7.54518
4388.57  23.1236
4389.6  16.4177
4390.63  4.76423
4391.66  -6.03065
4392.69  -18.4282
4393.72  -19.4048
4394.75  -7.92863
4395.78  26.7027
4396.81  5.52924
4397.84  -1.65255
4398.87  9.98034
4399.9  -9.77809
4400.93  -1.17617
4401.96  40.6583
4402.99  -19.3572
4404.02  4.21335
4405.05  -7.56807
4406.08  -7.88712
4407.11  21.2576
4408.14  14.1351
4409.17  -1.6797
4410.2  24.0209
4411.23  19.8405
4412.26  -1.73427
4413.29  -1.41693
4414.32  -14.5693
4415.35  4.67091
4416.38  10.938
4417.41  28.559
4418.44  -10.8559
4419.47  -20.1652
4420.5  -6.23283
4421.53  15.0138
4422.56  23.4089
4423.59  -8.31429
4424.62  -25.3698
4425.65  7.31992
4426.68  -26.9608
4427.71  -20.1792
4428.74  59.2012
4429.77  69.3525
4430.8  40.941
4431.83  -3.71135
4432.86  -13.4188
4433.89  -4.96396
4434.92  -2.56201
4435.95  48.0018
4436.98  27.7643
4438.01  12.8963
4439.04  1.99039
4440.07  5.95148
4441.1  15.861
4442.13  5.55207
4443.16  -15.3916
4444.19  -10.1021
4445.22  5.11441
4446.25  20.0698
4447.28  58.3508
4448.31  17.8632
4449.34  12.3694
4450.37  15.2691
4451.4  20.4031
4452.43  56.6976
4453.46  19.5731
4454.49  -3.05755
4455.52  -0.846323
4456.55  -10.7186
4457.58  -18.4182
4458.61  24.9001
4459.64  16.2573
4460.67  -7.79047
4461.7  -7.05886
4462.73  -18.9195
4463.76  3.30498
4464.79  46.8478
4465.82  25.007
4466.85  -16.6301
4467.88  -17.1463
4468.91  36.4482
4469.94  -1.59188
4470.97  -32.0785
4472.  5.75034
4473.03  -5.03065
4474.06  -34.0377
4475.09  -53.3619
4476.12  -6.05859
4477.15  -0.38687
4478.18  19.3084
4479.21  47.6252
4480.24  36.6537
4481.27  13.2031
4482.3  -20.0421
4483.33  15.448
4484.36  12.0013
4485.39  -38.9922
4486.42  -31.5814
4487.45  32.4011
4488.48  42.7145
4489.51  15.0721
4490.54  5.43903
4491.57  -7.33182
4492.6  -27.0389
4493.63  26.2022
4494.66  17.0323
4495.69  0.50555
4496.72  12.8222
4497.75  20.809
4498.78  33.1854
4499.81  -8.67559
4500.84  13.6512
4501.87  28.181
4502.9  22.4515
4503.93  33.2771
4504.96  8.92056
4505.99  -23.7659
4507.02  2.47688
4508.05  18.541
4509.08  -17.7513
4510.11  -0.232499
4511.14  27.8518
4512.17  -8.87254
4513.2  -18.9272
4514.23  28.8314
4515.26  15.317
4516.29  11.5861
4517.32  5.03885
4518.35  -21.9246
4519.38  -10.8354
4520.41  -2.6596
4521.44  -2.03076
4522.47  38.2718
4523.5  1.35442
4524.53  -30.7135
4525.56  -12.0412
4526.59  3.69272
4527.62  11.8021
4528.65  -12.2804
4529.68  31.8533
4530.71  46.2808
4531.74  27.4645
4532.77  21.8315
4533.8  7.91786
4534.83  11.0727
4535.86  14.4962
4536.89  24.6924
4537.92  -4.41858
4538.95  7.38159
4539.98  45.5808
4541.01  36.9051
4542.04  20.0903
4543.07  7.48914
4544.1  28.6642
4545.13  23.4189
4546.16  13.1312
4547.19  23.4621
4548.22  7.45713
4549.25  1.62637
4550.28  3.33624
4551.31  -9.49993
4552.34  21.5716
4553.37  53.4563
4554.4  47.9582
4555.43  -5.30291
4556.46  6.02709
4557.49  0.730205
4558.52  -24.5737
4559.55  -4.33889
4560.58  18.5815
4561.61  11.3397
4562.64  -1.45681
4563.67  -21.8097
4564.7  16.6603
4565.73  14.1799
4566.76  0.344835
4567.79  29.0021
4568.82  15.04
4569.85  -16.1458
4570.88  25.5116
4571.91  33.7667
4572.94  2.45733
4573.97  5.48388
4575.  2.32578
4576.03  -23.7292
4577.06  -10.3499
4578.09  3.17864
4579.12  10.3295
4580.15  -3.69091
4581.18  8.48114
4582.21  30.0847
4583.24  25.3414
4584.27  18.8779
4585.3  -10.6294
4586.33  -14.9548
4587.36  -29.9479
4588.39  -40.0383
4589.42  -19.0506
4590.45  2.89398
4591.48  -3.99376
4592.51  9.26771
4593.54  -21.8746
4594.57  -13.051
4595.6  9.22475
4596.63  -3.66272
4597.66  -32.7238
4598.69  -4.18747
4599.72  3.24549
4600.75  16.9694
4601.78  20.7368
4602.81  28.1748
4603.84  9.17174
4604.87  12.6513
4605.9  -0.73956
4606.93  13.683
4607.96  5.27152
4608.99  -0.785799
4610.02  7.8498
4611.05  44.0591
4612.08  55.4522
4613.11  15.4207
4614.14  -1.53297
4615.17  8.11719
4616.2  8.02861
4617.23  -27.378
4618.26  -20.8425
4619.29  16.0822
4620.32  2.59508
4621.35  37.3258
4622.38  31.6977
4623.41  20.9326
4624.44  12.0898
4625.47  20.2653
4626.5  16.9363
4627.53  15.6003
4628.56  9.0411
4629.59  23.677
4630.62  39.4124
4631.65  3.09271
4632.68  2.57621
4633.71  47.5921
4634.74  21.7478
4635.77  1.78745
4636.8  -1.42975
4637.83  -15.0973
4638.86  -13.5444
4639.89  12.9733
4640.92  -6.54304
4641.95  -25.4611
4642.98  -22.0225
4644.01  -13.8537
4645.04  -10.7515
4646.07  17.6406
4647.1  -1.54793
4648.13  -5.94567
4649.16  9.39968
4650.19  3.40994
4651.22  17.3648
4652.25  4.4461
4653.28  8.51394
4654.31  28.2313
4655.34  -3.08203
4656.37  14.1872
4657.4  44.6272
4658.43  13.8322
4659.46  -1.26684
4660.49  -9.71863
4661.52  6.37524
4662.55  29.2092
4663.58  8.61636
4664.61  -24.5301
4665.64  -0.398406
4666.67  0.171838
4667.7  -7.34205
4668.73  -10.1632
4669.76  13.9791
4670.79  -8.57795
4671.82  12.6257
4672.85  0.361674
4673.88  0.595723
4674.91  22.7612
4675.94  -8.45206
4676.97  -2.34132
4678.  12.4137
4679.03  -22.4005
4680.06  -2.53557
4681.09  16.5323
4682.12  7.2937
4683.15  12.969
4684.18  6.59476
4685.21  -22.7675
4686.24  -5.93645
4687.27  -17.7696
4688.3  24.7484
4689.33  -35.7004
4690.36  -22.2729
4691.39  -5.43269
4692.42  3.43184
4693.45  -1.89607
4694.48  -5.80041
4695.51  24.7623
4696.54  19.4902
4697.57  -22.6509
4698.6  -12.436
4699.63  22.6775
4700.66  10.0328
4701.69  -20.2733
4702.72  -12.677
4703.75  -8.96307
4704.78  -2.39243
4705.81  36.4144
4706.84  26.1888
4707.87  13.0497
4708.9  7.05449
4709.93  17.9754
4710.96  14.944
4711.99  25.1378
4713.02  4.85835
4714.05  4.89665
4715.08  15.1426
4716.11  29.1201
4717.14  8.26089
4718.17  6.36238
4719.2  11.8305
4720.23  17.6085
4721.26  -7.20375
4722.29  -4.0354
4723.32  4.94719
4724.35  3.22708
4725.38  -8.28422
4726.41  -15.6092
4727.44  -14.3563
4728.47  -21.1669
4729.5  26.9434
4730.53  -12.9922
4731.56  -37.7345
4732.59  24.6558
4733.62  13.9736
4734.65  -2.87616
4735.68  7.73743
4736.71  14.5414
4737.74  -12.0005
4738.77  -42.2086
4739.8  -26.7116
4740.83  -29.1856
4741.86  8.03856
4742.89  -8.96323
4743.92  2.02402
4744.95  19.6838
4745.98  11.0732
4747.01  16.0503
4748.04  -21.1448
4749.07  -40.777
4750.1  -0.196759
4751.13  3.90173
4752.16  12.1897
4753.19  37.9272
4754.22  13.1476
4755.25  5.76722
4756.28  -13.0078
4757.31  11.489
4758.34  19.8904
4759.37  -8.73643
4760.4  -2.59419
4761.43  -3.33981
4762.46  -12.8998
4763.49  -2.34297
4764.52  0.100399
4765.55  -8.67011
4766.58  -2.02576
4767.61  9.80439
4768.64  12.5223
4769.67  15.5706
4770.7  27.9376
4771.73  -16.037
4772.76  -12.1567
4773.79  39.8654
4774.82  17.2543
4775.85  17.5608
4776.88  12.7965
4777.91  -19.2496
4778.94  -27.3787
4779.97  8.97999
4781.  19.6882
4782.03  13.6063
4783.06  4.91397
4784.09  7.19196
4785.12  -9.45445
4786.15  21.6155
4787.18  31.6109
4788.21  3.38112
4789.24  2.46076
4790.27  12.188
4791.3  -20.1208
4792.33  -20.6287
4793.36  17.2824
4794.39  7.14406
4795.42  4.98497
4796.45  11.7705
4797.48  -2.64523
4798.51  -3.8047
4799.54  -1.62188
4800.57  13.8053
4801.6  -2.3924
4802.63  -6.27693
4803.66  -3.8569
4804.69  -17.7247
4805.72  4.56469
4806.75  23.4664
4807.78  3.08669
4808.81  2.93463
4809.84  -9.64294
4810.87  14.5337
4811.9  33.2693
4812.93  11.991
4813.96  20.872
4814.99  23.5111
4816.02  2.5867
4817.05  6.48998
4818.08  -0.849378
4819.11  2.09459
4820.14  7.65195
4821.17  -6.48035
4822.2  -11.5279
4823.23  22.3612
4824.26  0.958325
4825.29  13.0601
4826.32  13.3057
4827.35  43.5356
4828.38  39.7683
4829.41  16.9081
4830.44  14.6499
4831.47  -25.1521
4832.5  -22.4597
4833.53  -1.70771
4834.56  -13.7856
4835.59  -8.72153
4836.62  -1.95809
4837.65  0.883397
4838.68  17.0994
4839.71  3.859
4840.74  -17.825
4841.77  -31.5339
4842.8  -29.2202
4843.83  -1.70001
4844.86  14.9183
4845.89  2.09812
4846.92  4.93969
4847.95  24.7729
4848.98  26.2656
4850.01  8.82438
4851.04  16.0408
4852.07  16.3701
4853.1  15.3131
4854.13  -8.88726
4855.16  13.7624
4856.19  7.5291
4857.22  -3.25305
4858.25  -27.6476
4859.28  -30.3974
4860.31  -13.9103
4861.34  -3.08804
4862.37  12.2577
4863.4  6.40275
4864.43  -17.3908
4865.46  -4.32618
4866.49  5.68671
4867.52  22.9063
4868.55  18.3938
4869.58  -6.33816
4870.61  3.02676
4871.64  15.7568
4872.67  1.59366
4873.7  -5.05762
4874.73  0.701716
4875.76  11.8778
4876.79  11.7508
4877.82  -16.4905
4878.85  22.3268
4879.88  25.0451
4880.91  -8.27809
4881.94  7.6182
4882.97  10.017
4884.  -4.41297
4885.03  -8.92814
4886.06  -6.39166
4887.09  -10.8413
4888.12  9.46371
4889.15  13.6555
4890.18  18.532
4891.21  30.8562
4892.24  -1.84725
4893.27  -35.901
4894.3  -17.0151
4895.33  5.66375
4896.36  14.5191
4897.39  7.50722
4898.42  1.91938
4899.45  -16.6859
4900.48  2.48493
4901.51  21.5788
4902.54  10.0264
4903.57  -12.7474
4904.6  -2.68118
4905.63  13.784
4906.66  -16.8511
4907.69  -6.34821
4908.72  8.54073
4909.75  -3.26609
4910.78  2.12167
4911.81  15.5857
4912.84  9.63203
4913.87  0.468377
4914.9  7.94309
4915.93  21.258
4916.96  1.16249
4917.99  -12.919
4919.02  -9.92672
4920.05  -1.74592
4921.08  7.81724
4922.11  0.274375
4923.14  -9.45921
4924.17  3.02493
4925.2  -2.77572
4926.23  -11.3857
4927.26  -4.70189
4928.29  6.57048
4929.32  -5.21228
4930.35  3.01533
4931.38  24.8509
4932.41  26.3373
4933.44  -10.5991
4934.47  0.858388
4935.5  -2.1575
4936.53  -3.93547
4937.56  21.0405
4938.59  28.3165
4939.62  8.59398
4940.65  0.353282
4941.68  -22.6291
4942.71  -26.3149
4943.74  21.1044
4944.77  0.163717
4945.8  6.27718
4946.83  29.2144
4947.86  25.5955
4948.89  7.18791
4949.92  20.0714
4950.95  13.0582
4951.98  -22.6903
4953.01  -15.8778
4954.04  -5.01152
4955.07  -8.76458
4956.1  1.06994
4957.13  13.0787
4958.16  -2.03278
4959.19  17.042
4960.22  -3.23686
4961.25  -11.2423
4962.28  10.9075
4963.31  15.1205
4964.34  -18.779
4965.37  5.7193
4966.4  15.9092
4967.43  -7.41005
4968.46  -3.89895
4969.49  39.992
4970.52  14.5125
4971.55  3.5088
4972.58  23.0128
4973.61  7.40276
4974.64  -15.6305
4975.67  11.3626
4976.7  -13.4167
4977.73  -6.22538
4978.76  17.0863
4979.79  22.046
4980.82  22.591
4981.85  29.8824
4982.88  14.3009
4983.91  4.9324
4984.94  11.209
4985.97  10.4084
4987.  2.65331
4988.03  15.2654
4989.06  -0.297516
4990.09  6.75601
4991.12  1.8515
4992.15  25.5038
4993.18  0.587054
4994.21  5.74222
4995.24  9.51914
4996.27  9.85489
4997.3  2.11766
4998.33  29.6759
4999.36  6.42983
5000.39  -13.8524
5001.42  41.1609
5002.45  24.0726
5003.48  -29.9562
5004.51  -1.06248
5005.54  20.0241
5006.57  34.6099
5007.6  6.84565
5008.63  16.8256
5009.66  36.4294
5010.69  14.4075
5011.72  31.2919
5012.75  10.4342
5013.78  -29.3892
5014.81  -10.8478
5015.84  17.4618
5016.87  36.5336
5017.9  38.866
5018.93  34.11
5019.96  9.20412
5020.99  22.2652
5022.02  19.6434
5023.05  20.5804
5024.08  24.3597
5025.11  12.8941
5026.14  -2.81901
5027.17  5.26222
5028.2  -23.1358
5029.23  -17.5419
5030.26  35.0913
5031.29  30.4782
5032.32  6.31163
5033.35  21.3959
5034.38  6.7482
5035.41  -5.61008
5036.44  0.451247
5037.47  4.51686
5038.5  28.4922
5039.53  4.43982
5040.56  39.6457
5041.59  9.34984
5042.62  -7.62141
5043.65  -1.29095
5044.68  7.12563
5045.71  1.62066
5046.74  12.8408
5047.77  33.484
5048.8  27.6721
5049.83  6.57019
5050.86  13.3029
5051.89  23.5243
5052.92  -3.11254
5053.95  34.132
5054.98  24.6747
5056.01  -9.19448
5057.04  6.25982
5058.07  -0.658581
5059.1  11.4965
5060.13  4.60892
5061.16  30.6284
5062.19  20.8057
5063.22  9.45109
5064.25  5.02888
5065.28  -3.16313
5066.31  7.85671
5067.34  3.76375
5068.37  10.803
5069.4  8.16695
5070.43  18.4054
5071.46  31.0133
5072.49  29.0704
5073.52  -17.4104
5074.55  9.12314
5075.58  3.65172
5076.61  -25.245
5077.64  4.39995
5078.67  -6.02541
5079.7  -23.1887
5080.73  27.7271
5081.76  29.7464
5082.79  11.8942
5083.82  -0.387058
5084.85  -0.159256
5085.88  4.39427
5086.91  -4.55014
5087.94  20.8386
5088.97  2.87407
5090.  -8.30672
5091.03  42.4418
5092.06  -11.7672
5093.09  -9.73985
5094.12  -18.5539
5095.15  9.0721
5096.18  27.1727
5097.21  14.6339
5098.24  -6.02673
5099.27  22.3334
5100.3  30.9779
5101.33  10.6666
5102.36  9.10789
5103.39  18.478
5104.42  1.86478
5105.45  22.4169
5106.48  8.92294
5107.51  16.2996
5108.54  11.0291
5109.57  6.0357
5110.6  30.0734
5111.63  10.2304
5112.66  -12.5103
5113.69  13.5684
5114.72  -6.18115
5115.75  21.4469
5116.78  0.366438
5117.81  23.3619
5118.84  17.5838
5119.87  23.573
5120.9  21.4712
5121.93  20.0979
5122.96  -0.685748
5123.99  -0.927848
5125.02  15.0092
5126.05  -10.0603
5127.08  3.70321
5128.11  1.19769
5129.14  4.87724
5130.17  9.25188
5131.2  32.2137
5132.23  21.1835
5133.26  12.0083
5134.29  4.87655
5135.32  -4.44509
5136.35  -19.8721
5137.38  9.10231
5138.41  18.2454
5139.44  -12.4527
5140.47  -15.1663
5141.5  6.91606
5142.53  2.65791
5143.56  5.7281
5144.59  -3.73618
5145.62  19.9824
5146.65  25.9962
5147.68  8.83765
5148.71  16.7883
5149.74  25.8476
5150.77  5.29735
5151.8  1.27301
5152.83  11.8596
5153.86  30.4431
5154.89  37.6194
5155.92  16.1686
5156.95  4.33844
5157.98  1.60987
5159.01  5.79335
5160.04  18.3746
5161.07  3.86623
5162.1  31.8718
5163.13  32.88
5164.16  6.45586
5165.19  24.0334
5166.22  21.656
5167.25  3.40762
5168.28  -7.81918
5169.31  -8.34246
5170.34  4.00635
5171.37  9.04241
5172.4  11.5519
5173.43  8.34941
5174.46  12.848
5175.49  -1.15194
5176.52  7.95413
5177.55  14.2279
5178.58  12.08
5179.61  0.825853
5180.64  15.3779
5181.67  17.401
5182.7  35.0854
5183.73  35.0914
5184.76  -7.28935
5185.79  -2.613
5186.82  26.2674
5187.85  17.6268
5188.88  -0.459944
5189.91  1.77265
5190.94  -4.7833
5191.97  7.67627
5193.  1.13597
5194.03  2.41565
5195.06  9.81114
5196.09  16.6907
5197.12  3.45854
5198.15  4.5406
5199.18  -21.8277
5200.21  -18.581
5201.24  -3.19021
5202.27  20.1312
5203.3  7.00079
5204.33  12.9235
5205.36  1.35381
5206.39  -6.88878
5207.42  12.5777
5208.45  -4.12905
5209.48  -4.89275
5210.51  11.7053
5211.54  17.4467
5212.57  0.943847
5213.6  1.36645
5214.63  19.2383
5215.66  10.9198
5216.69  4.16351
5217.72  -31.9508
5218.75  -16.1806
5219.78  4.96124
5220.81  2.44539
5221.84  -10.783
5222.87  -11.8258
5223.9  14.3827
5224.93  -11.2827
5225.96  4.75165
5226.99  9.56369
5228.02  12.3737
5229.05  6.01294
5230.08  -23.6978
5231.11  22.5267
5232.14  34.8049
5233.17  4.47157
5234.2  -17.7205
5235.23  -2.97024
5236.26  3.85212
5237.29  -0.387224
5238.32  2.32532
5239.35  6.97958
5240.38  16.8986
5241.41  2.10203
5242.44  37.3643
5243.47  20.3164
5244.5  24.2591
5245.53  -24.5669
5246.56  24.117
5247.59  6.37212
5248.62  7.0721
5249.65  12.3811
5250.68  4.08809
5251.71  -10.9328
5252.74  10.9512
5253.77  -0.661588
5254.8  28.1739
5255.83  13.0168
5256.86  -0.386816
5257.89  14.041
5258.92  1.77251
5259.95  6.60428
5260.98  -2.58105
5262.01  3.60187
5263.04  -6.95163
5264.07  20.1057
5265.1  19.6822
5266.13  7.34544
5267.16  1.92496
5268.19  -28.2789
5269.22  -21.8488
5270.25  -1.27376
5271.28  -5.68468
5272.31  4.84881
5273.34  15.0976
5274.37  -0.347855
5275.4  7.52387
5276.43  11.927
5277.46  13.4495
5278.49  10.2733
5279.52  -20.4461
5280.55  -15.2437
5281.58  -16.6055
5282.61  -30.5472
5283.64  -1.41319
5284.67  25.4824
5285.7  26.431
5286.73  10.8686
5287.76  8.6737
5288.79  5.73065
5289.82  21.2197
5290.85  6.57301
5291.88  -0.709973
5292.91  7.66735
5293.94  28.9359
5294.97  22.4656
5296.  2.56032
5297.03  10.9892
5298.06  15.3233
5299.09  -1.33537
5300.12  -2.07697
5301.15  6.51431
5302.18  8.47623
5303.21  22.9521
5304.24  8.31274
5305.27  16.9052
5306.3  14.7362
5307.33  -9.15766
5308.36  -17.0623
5309.39  8.34793
5310.42  28.2105
5311.45  30.776
5312.48  25.4747
5313.51  24.6246
5314.54  16.8302
5315.57  11.9866
5316.6  17.8791
5317.63  -3.79278
5318.66  -3.93902
5319.69  -1.36168
5320.72  14.3045
5321.75  27.3577
5322.78  16.0149
5323.81  7.58353
5324.84  5.81648
5325.87  5.05862
5326.9  -3.63806
5327.93  18.0907
5328.96  2.83917
5329.99  6.66337
5331.02  22.9914
5332.05  22.1331
5333.08  34.9344
5334.11  25.2718
5335.14  24.9465
5336.17  15.2116
5337.2  -6.97123
5338.23  14.4466
5339.26  16.2782
5340.29  17.947
5341.32  17.299
5342.35  15.8111
5343.38  10.4726
5344.41  19.1149
5345.44  11.5256
5346.47  24.7008
5347.5  35.2591
5348.53  5.05898
5349.56  15.5997
5350.59  31.9434
5351.62  16.1401
5352.65  8.79035
5353.68  19.6075
5354.71  23.6309
5355.74  11.5256
5356.77  -6.80591
5357.8  -22.0841
5358.83  5.56082
5359.86  34.3878
5360.89  29.3517
5361.92  4.81531
5362.95  38.6722
5363.98  23.8778
5365.01  35.0452
5366.04  0.5416
5367.07  11.8664
5368.1  0.888237
5369.13  -24.4658
5370.16  8.36014
5371.19  8.1947
5372.22  9.51121
5373.25  8.17975
5374.28  16.8756
5375.31  3.69315
5376.34  14.5507
5377.37  9.73312
5378.4  -7.32209
5379.43  15.1803
5380.46  25.1505
5381.49  16.845
5382.52  16.099
5383.55  25.6227
5384.58  22.95
5385.61  8.09012
5386.64  26.8111
5387.67  22.8259
5388.7  -3.93532
5389.73  -4.7388
5390.76  6.27967
5391.79  -4.56881
5392.82  11.4808
5393.85  15.7586
5394.88  4.82361
5395.91  19.5195
5396.94  15.1886
5397.97  9.7795
5399.  -1.53583
5400.03  5.37091
5401.06  21.9699
5402.09  28.8165
5403.12  20.204
5404.15  20.8849
5405.18  15.3907
5406.21  -9.33057
5407.24  -6.22169
5408.27  9.70748
5409.3  16.2511
5410.33  24.3554
5411.36  19.0318
5412.39  14.2606
5413.42  15.0797
5414.45  6.41731
5415.48  17.7301
5416.51  37.4609
5417.54  14.3306
5418.57  1.80505
5419.6  13.8085
5420.63  8.66424
5421.66  -2.73348
5422.69  21.6162
5423.72  60.8374
5424.75  35.942
5425.78  18.7848
5426.81  7.36033
5427.84  0.409427
5428.87  5.35458
5429.9  7.98234
5430.93  20.7831
5431.96  9.60125
5432.99  9.70156
5434.02  -1.84314
5435.05  5.88072
5436.08  8.56762
5437.11  1.37817
5438.14  3.48798
5439.17  14.258
5440.2  32.5816
5441.23  17.1651
5442.26  62.4127
5443.29  31.0848
5444.32  35.2467
5445.35  28.6578
5446.38  13.058
5447.41  6.73251
5448.44  20.332
5449.47  -5.71678
5450.5  31.0271
5451.53  -4.85425
5452.56  21.3484
5453.59  13.6286
5454.62  1.25111
5455.65  29.78
5456.68  17.2566
5457.71  0.980631
5458.74  -28.4391
5459.77  21.7213
5460.8  8.47261
5461.83  20.2734
5462.86  -2.22216
5463.89  15.0896
5464.92  25.1366
5465.95  23.4101
5466.98  23.8708
5468.01  43.5315
5469.04  28.8447
5470.07  19.0879
5471.1  4.19891
5472.13  32.2481
5473.16  6.42331
5474.19  25.1701
5475.22  33.458
5476.25  -4.0491
5477.28  -3.74113
5478.31  27.5788
5479.34  27.8428
5480.37  11.7703
5481.4  7.2889
5482.43  13.5949
5483.46  4.13299
5484.49  7.41771
5485.52  18.6101
5486.55  17.7866
5487.58  10.4194
5488.61  28.3532
5489.64  17.5399
5490.67  -8.30537
5491.7  -5.28905
5492.73  -1.82131
5493.76  9.81397
5494.79  32.3088
5495.82  24.927
5496.85  14.437
5497.88  18.4555
5498.91  14.4102
5499.94  10.1108
5500.97  33.8991
5502.  14.0209
5503.03  5.1851
5504.06  15.1885
5505.09  13.9869
5506.12  22.6746
5507.15  19.3673
5508.18  7.42011
5509.21  1.19491
5510.24  17.4027
5511.27  14.8978
5512.3  5.20891
5513.33  10.6549
5514.36  -2.53964
5515.39  9.45044
5516.42  31.5084
5517.45  21.4071
5518.48  3.10299
5519.51  31.7374
5520.54  14.1693
5521.57  25.2976
5522.6  37.5292
5523.63  19.3361
5524.66  32.9357
5525.69  8.52512
5526.72  5.65631
5527.75  37.9078
5528.78  -20.2886
5529.81  -20.8968
5530.84  25.0142
5531.87  21.2881
5532.9  29.8725
5533.93  7.38454
5534.96  -1.15418
5535.99  20.4526
5537.02  1.96924
5538.05  31.869
5539.08  9.44372
5540.11  2.03318
5541.14  -3.36278
5542.17  22.2873
5543.2  3.42543
5544.23  55.0163
5545.26  24.9864
5546.29  -4.50136
5547.32  22.0041
5548.35  27.0501
5549.38  7.87782
5550.41  4.88389
5551.44  24.1353
5552.47  33.5041
5553.5  15.9999
5554.53  -0.978217
5555.56  15.473
5556.59  0.0236837
5557.62  14.1179
5558.65  12.6348
5559.68  4.30466
5560.71  -0.191898
5561.74  17.2864
5562.77  8.17478
5563.8  -7.02401
5564.83  2.35434
5565.86  -4.65904
5566.89  16.475
5567.92  11.064
5568.95  -4.75505
5569.98  17.2459
5571.01  0.564531
5572.04  -1.72869
5573.07  17.85
5574.1  3.0568
5575.13  10.1694
5576.16  6.79339
5577.19  -4.34863
5578.22  -7.14451
5579.25  -1.74977
5580.28  5.65429
5581.31  10.4597
5582.34  0.928449
5583.37  -2.23837
5584.4  4.46532
5585.43  4.5195
5586.46  33.1454
5587.49  21.6528
5588.52  -10.4641
5589.55  17.4364
5590.58  17.8032
5591.61  -2.67791
5592.64  3.43518
5593.67  -4.1478
5594.7  7.00487
5595.73  6.0974
5596.76  -7.61964
5597.79  13.9892
5598.82  -13.9231
5599.85  3.24501
5600.88  15.959
5601.91  -2.60168
5602.94  20.0973
5603.97  20.4937
5605.  8.00206
5606.03  -5.98927
5607.06  20.1155
5608.09  4.40357
5609.12  2.57136
5610.15  0.0867804
5611.18  20.1005
5612.21  1.54975
5613.24  -11.4319
5614.27  29.9772
5615.3  7.85355
5616.33  11.6582
5617.36  7.67547
5618.39  -12.4458
5619.42  -1.35829
5620.45  -2.56838
5621.48  -20.2482
5622.51  0.195633
5623.54  -18.3236
5624.57  -14.6194
5625.6  7.14666
5626.63  11.2725
5627.66  0.783345
5628.69  0.266425
5629.72  -6.70551
5630.75  -18.2941
5631.78  -14.2219
5632.81  4.06921
5633.84  29.8858
5634.87  15.7991
5635.9  8.86357
5636.93  26.6087
5637.96  6.90791
5638.99  2.00215
5640.02  2.1545
5641.05  0.675545
5642.08  -2.09174
5643.11  3.78948
5644.14  18.6016
5645.17  23.4651
5646.2  14.3779
5647.23  34.8368
5648.26  -11.7972
5649.29  9.41236
5650.32  11.2506
5651.35  -11.4619
5652.38  9.63564
5653.41  30.514
5654.44  41.2477
5655.47  -24.4907
5656.5  8.689
5657.53  8.3349
5658.56  20.4649
5659.59  -10.7326
5660.62  20.8584
5661.65  -10.7407
5662.68  12.3377
5663.71  9.50939
5664.74  13.3794
5665.77  34.0032
5666.8  1.44221
5667.83  -15.3736
5668.86  15.1763
5669.89  -5.96311
5670.92  7.51837
5671.95  14.4559
5672.98  6.90443
5674.01  19.6261
5675.04  36.3574
5676.07  22.1459
5677.1  0.256437
5678.13  10.9044
5679.16  -14.1045
5680.19  -23.7566
5681.22  15.1929
5682.25  -15.4131
5683.28  4.38332
5684.31  16.0166
5685.34  6.18601
5686.37  6.03333
5687.4  20.5144
5688.43  18.6377
5689.46  -1.5569
5690.49  4.88516
5691.52  18.7411
5692.55  7.74527
5693.58  3.8021
5694.61  28.4974
5695.64  68.3739
5696.67  46.8272
5697.7  -15.0014
5698.73  2.22744
5699.76  20.533
5700.79  9.19112
5701.82  15.5551
5702.85  14.8427
5703.88  2.37224
5704.91  15.1486
5705.94  30.8614
5706.97  5.47394
5708.  9.45501
5709.03  10.0798
5710.06  17.3208
5711.09  43.452
5712.12  18.5104
5713.15  45.0214
5714.18  27.6285
5715.21  42.2802
5716.24  35.5944
5717.27  1.87161
5718.3  44.3975
5719.33  -24.6728
5720.36  11.1326
5721.39  35.5396
5722.42  0.859429
5723.45  31.0917
5724.48  35.3577
5725.51  55.1157
5726.54  37.9698
5727.57  -8.968
5728.6  43.4801
5729.63  11.4653
5730.66  -4.79021
5731.69  5.44516
5732.72  -4.83218
5733.75  1.24357
5734.78  12.7534
5735.81  21.0659
5736.84  -8.94773
5737.87  14.6393
5738.9  5.43342
5739.93  16.6723
5740.96  13.2669
5741.99  6.17593
5743.02  -4.9022
5744.05  10.8976
5745.08  9.51331
5746.11  -22.6073
5747.14  -14.5777
5748.17  -1.34614
5749.2  10.8006
5750.23  21.8021
5751.26  22.6339
5752.29  17.59
5753.32  17.97
5754.35  25.2221
5755.38  17.5033
5756.41  19.1332
5757.44  20.2815
5758.47  19.5296
5759.5  14.2347
5760.53  9.53028
5761.56  0.0881865
5762.59  -0.191005
5763.62  10.903
5764.65  32.4683
5765.68  33.1816
5766.71  27.0781
5767.74  18.32
5768.77  9.17714
5769.8  3.6909
5770.83  9.79645
5771.86  22.5843
5772.89  35.9464
5773.92  16.5415
5774.95  18.5478
5775.98  55.1041
5777.01  34.8987
5778.04  5.32165
5779.07  -8.60573
5780.1  -21.7375
5781.13  -26.029
5782.16  -2.65359
5783.19  13.7707
5784.22  22.7812
5785.25  36.2043
5786.28  41.9862
5787.31  36.2907
5788.34  15.9291
5789.37  -1.41319
5790.4  3.79588
5791.43  11.6291
5792.46  17.184
5793.49  0.73401
5794.52  -8.54164
5795.55  -7.89533
5796.58  -2.43959
5797.61  4.00585
5798.64  9.36156
5799.67  13.3692
5800.7  13.4147
5801.73  4.1999
5802.76  -4.01638
5803.79  -9.31972
5804.82  -1.53428
5805.85  0.90818
5806.88  -4.76105
5807.91  -3.51687
5808.94  -2.27177
5809.97  -5.28694
5811.  1.01311
5812.03  5.77943
5813.06  -11.8641
5814.09  -4.69892
5815.12  18.0447
5816.15  10.8887
5817.18  5.14201
5818.21  7.486
5819.24  -0.84369
5820.27  -6.37195
5821.3  -0.382604
5822.33  15.0801
5823.36  33.0514
5824.39  36.7799
5825.42  51.7539
5826.45  70.9787
5827.48  27.5456
5828.51  3.67265
5829.54  31.9045
5830.57  16.9265
5831.6  -1.60978
5832.63  5.29224
5833.66  2.96687
5834.69  -2.71167
5835.72  -4.0456
5836.75  3.48202
5837.78  18.3038
5838.81  12.4139
5839.84  7.70378
5840.87  14.2037
5841.9  16.2557
5842.93  15.2949
5843.96  7.66514
5844.99  10.6011
5846.02  16.4436
5847.05  -7.61028
5848.08  -4.83722
5849.11  32.8994
5850.14  22.2112
5851.17  8.54125
5852.2  15.923
5853.23  10.8356
5854.26  7.31964
5855.29  28.9212
5856.32  22.3691
5857.35  -2.05641
5858.38  13.1469
5859.41  19.3965
5860.44  4.41987
5861.47  22.2048
5862.5  37.2922
5863.53  24.005
5864.56  8.53708
5865.59  -4.80882
5866.62  3.62635
5867.65  -3.23748
5868.68  -23.8853
5869.71  -30.6977
5870.74  -25.3955
5871.77  -5.62275
5872.8  22.8391
5873.83  36.778
5874.86  -4.84324
5875.89  -1.63046
5876.92  23.4198
5877.95  28.69
5878.98  27.565
5880.01  21.2861
5881.04  13.2506
5882.07  11.1855
5883.1  21.9585
5884.13  24.729
5885.16  25.0898
5886.19  27.0113
5887.22  23.5227
5888.25  16.5569
5889.28  11.2536
5890.31  10.9464
5891.34  16.266
5892.37  12.935
5893.4  6.70706
5894.43  -2.15175
5895.46  -3.45783
5896.49  1.68676
5897.52  18.3375
5898.55  25.1773
5899.58  22.9838
5900.61  16.7149
5901.64  14.9507
5902.67  21.2085
5903.7  17.792
5904.73  14.9258
5905.76  19.9176
5906.79  25.9774
5907.82  29.2828
5908.85  17.0192
5909.88  10.8031
5910.91  11.5318
5911.94  13.3831
5912.97  11.8492
5914.  3.49169
5915.03  3.08789
5916.06  5.24313
5917.09  8.633
5918.12  1.53024
5919.15  -7.75697
5920.18  4.05852
5921.21  15.2645
5922.24  22.4068
5923.27  16.246
5924.3  9.26424
5925.33  7.49272
5926.36  9.86427
5927.39  10.8167
5928.42  -3.22982
5929.45  7.86303
5930.48  30.5448
5931.51  11.4068
5932.54  -1.61276
5933.57  0.726725
5934.6  20.3333
5935.63  33.3565
5936.66  17.9096
5937.69  12.9526
5938.72  9.52971
5939.75  -3.82481
5940.78  4.42163
5941.81  28.4009
5942.84  32.7268
5943.87  27.0407
5944.9  11.4499
5945.93  8.00076
5946.96  8.57049
5947.99  8.86761
5949.02  15.4149
5950.05  23.7661
5951.08  26.3136
5952.11  21.1144
5953.14  9.97009
5954.17  9.93794
5955.2  14.5243
5956.23  24.3504
5957.26  11.4051
5958.29  -2.23489
5959.32  5.49439
5960.35  14.4663
5961.38  22.0595
5962.41  15.0316
5963.44  14.7543
5964.47  23.5011
5965.5  26.2117
5966.53  22.191
5967.56  6.30049
5968.59  3.68468
5969.62  5.37543
5970.65  4.39884
5971.68  3.61936
5972.71  3.99493
5973.74  10.6908
5974.77  14.6291
5975.8  13.8227
5976.83  23.4291
5977.86  28.1548
5978.89  13.5279
5979.92  16.1689
5980.95  20.3034
5981.98  1.47388
5983.01  -6.61141
5984.04  -3.57213
5985.07  6.62549
5986.1  13.8882
5987.13  14.3755
5988.16  4.24761
5989.19  -2.5314
5990.22  9.22916
5991.25  19.9555
5992.28  27.9614
5993.31  24.347
5994.34  18.6383
5995.37  12.8484
5996.4  18.4554
5997.43  20.4868
5998.46  11.0489
5999.49  13.4938
6000.52  18.6069
6001.55  21.2989
6002.58  14.5968
6003.61  4.57514
6004.64  10.8898
6005.67  12.5405
6006.7  7.18417
6007.73  12.6758
6008.76  16.9563
6009.79  13.8948
6010.82  8.36576
6011.85  5.39239
6012.88  18.1008
6013.91  16.2112
6014.94  4.38745
6015.97  0.381272
6017.  4.63701
6018.03  18.2126
6019.06  19.5333
6020.09  18.0977
6021.12  18.7405
6022.15  16.2737
6023.18  11.9573
6024.21  5.05861
6025.24  6.12603
6026.27  14.0469
6027.3  19.4546
6028.33  22.0596
6029.36  20.8697
6030.39  18.7922
6031.42  17.5409
6032.45  19.9615
6033.48  21.6619
6034.51  22.3278
6035.54  20.674
6036.57  14.9203
6037.6  6.56871
6038.63  14.0257
6039.66  20.5113
6040.69  18.3632
6041.72  22.764
6042.75  25.2538
6043.78  15.2385
6044.81  12.1023
6045.84  13.6209
6046.87  15.8413
6047.9  16.2828
6048.93  14.4748
6049.96  16.3868
6050.99  16.0483
6052.02  8.30202
6053.05  8.01232
6054.08  11.7185
6055.11  20.4037
6056.14  19.0992
6057.17  11.3141
6058.2  13.6297
6059.23  16.037
6060.26  16.552
6061.29  23.0591
6062.32  25.6582
6063.35  13.3323
6064.38  14.379
6065.41  19.4501
6066.44  15.6379
6067.47  14.7466
6068.5  17.1038
6069.53  22.1082
6070.56  22.5575
6071.59  14.4529
6072.62  19.0843
6073.65  25.0922
6074.68  23.6327
6075.71  23.776
6076.74  23.4646
6077.77  17.7557
6078.8  14.5168
6079.83  13.7165
6080.86  2.22322
6081.89  -3.32317
6082.92  5.8384
6083.95  16.8981
6084.98  23.602
6086.01  11.6635
6087.04  6.44412
6088.07  6.98583
6089.1  13.8862
6090.13  20.1577
6091.16  24.248
6092.19  25.828
6093.22  22.7178
6094.25  8.67474
6095.28  17.9855
6096.31  31.1497
6097.34  24.0417
6098.37  13.0721
6099.4  2.63086
6100.43  14.1208
6101.46  24.4485
6102.49  27.9051
6103.52  15.2846
6104.55  6.57369
6105.58  23.0641
6106.61  20.2362
6107.64  11.6379
6108.67  17.2484
6109.7  15.9082
6110.73  8.72605
6111.76  13.6565
6112.79  19.9088
6113.82  24.8881
6114.85  21.7315
6115.88  15.9346
6116.91  10.0939
6117.94  14.498
6118.97  21.4774
6120.  9.67332
6121.03  4.63619
6122.06  8.83186
6123.09  13.631
6124.12  17.2124
6125.15  17.4775
6126.18  18.0709
6127.21  17.4665
6128.24  13.0308
6129.27  12.7062
6130.3  14.6624
6131.33  11.6909
6132.36  13.9952
6133.39  23.0454
6134.42  18.4547
6135.45  14.6137
6136.48  22.0346
6137.51  16.3913
6138.54  9.39799
6139.57  18.7967
6140.6  15.2087
6141.63  3.23366
6142.66  12.5629
6143.69  14.6977
6144.72  1.70459
6145.75  2.25478
6146.78  5.90594
6147.81  8.53519
6148.84  6.28384
6149.87  3.50761
6150.9  10.421
6151.93  11.1109
6152.96  6.63233
6153.99  16.354
6155.02  22.3278
6156.05  17.5104
6157.08  15.7223
6158.11  12.5334
6159.14  2.76077
6160.17  2.28507
6161.2  8.50414
6162.23  20.533
6163.26  22.1999
6164.29  12.5506
6165.32  16.3152
6166.35  18.9855
6167.38  13.6157
6168.41  12.6769
6169.44  15.6968
6170.47  28.0796
6171.5  30.1909
6172.53  23.1824
6173.56  5.78342
6174.59  -1.9537
6175.62  4.68586
6176.65  19.1134
6177.68  27.9173
6178.71  16.0353
6179.74  16.7739
6180.77  20.7295
6181.8  19.9154
6182.83  15.5575
6183.86  10.59
6184.89  24.5796
6185.92  27.7832
6186.95  10.133
6187.98  17.4899
6189.01  24.8168
6190.04  13.0934
6191.07  8.30624
6192.1  6.99232
6193.13  6.88955
6194.16  7.93946
6195.19  9.94963
6196.22  12.0998
6197.25  14.018
6198.28  15.5878
6199.31  13.5995
6200.34  14.6706
6201.37  30.3346
6202.4  30.993
6203.43  22.6157
6204.46  16.1602
6205.49  13.0777
6206.52  13.8397
6207.55  17.207
6208.58  14.7027
6209.61  -2.64624
6210.64  -2.68303
6211.67  3.77876
6212.7  10.3066
6213.73  10.7455
6214.76  8.16164
6215.79  15.1995
6216.82  21.149
6217.85  23.9605
6218.88  32.0594
6219.91  35.3969
6220.94  25.1194
6221.97  17.5018
6223.  11.032
6224.03  5.74666
6225.06  7.72472
6226.09  15.4297
6227.12  18.7364
6228.15  22.8272
6229.18  29.1482
6230.21  28.555
6231.24  26.8576
6232.27  29.2161
6233.3  26.6153
6234.33  21.3457
6235.36  16.6392
6236.39  11.1594
6237.42  5.85384
6238.45  10.7518
6239.48  13.8536
6240.51  9.37949
6241.54  9.60071
6242.57  13.9917
6243.6  28.2597
6244.63  28.2399
6245.66  18.6605
6246.69  7.5224
6247.72  3.39599
6248.75  7.66533
6249.78  10.9058
6250.81  11.861
6251.84  7.38596
6252.87  8.06678
6253.9  10.6627
6254.93  13.5403
6255.96  13.8323
6256.99  12.5391
6258.02  13.0467
6259.05  17.4383
6260.08  26.3719
6261.11  13.5387
6262.14  0.960737
6263.17  2.97943
6264.2  9.46815
6265.23  18.6013
6266.26  26.1163
6267.29  30.141
6268.32  30.3299
6269.35  26.5214
6270.38  16.3095
6271.41  -2.30303
6272.44  -6.65942
6273.47  -2.01998
6274.5  14.8728
6275.53  19.31355
6276.56  19.89367
6277.59  20.47351
6278.62  21.05363
6279.65  21.63348
6280.68  22.2136
6281.71  22.79344
6282.74  23.37356
6283.77  23.9534
6284.8  24.53325
6285.83  25.11337
6286.86  25.69321
6287.89  27.3829
6288.92  12.9615
6289.95  6.99769
6290.98  13.1404
6292.01  16.2908
6293.04  17.4351
6294.07  15.2554
6295.1  11.4576
6296.13  7.55419
6297.16  5.09756
6298.19  10.5912
6299.22  19.9059
6300.25  13.2608
6301.28  8.89358
6302.31  10.9732
6303.34  -3.848
6304.37  -12.6323
6305.4  4.28326
6306.43  17.0651
6307.46  23.6466
6308.49  8.14951
6309.52  2.44269
6310.55  6.6831
6311.58  9.82734
6312.61  10.8407
6313.64  8.13442
6314.67  9.92536
6315.7  11.5179
6316.73  8.98954
6317.76  6.6764
6318.79  5.04156
6319.82  6.14704
6320.85  8.39668
6321.88  11.1705
6322.91  8.44376
6323.94  9.116
6324.97  19.2522
6326.  16.295
6327.03  9.72354
6328.06  6.7026
6329.09  4.7616
6330.12  4.69419
6331.15  10.1402
6332.18  14.292
6333.21  16.235
6334.24  30.317
6335.27  33.9692
6336.3  4.71755
6337.33  10.7306
6338.36  26.8115
6339.39  31.9876
6340.42  21.2312
6341.45  1.64429
6342.48  7.78718
6343.51  15.0482
6344.54  18.1489
6345.57  10.1042
6346.6  2.13823
6347.63  2.69274
6348.66  7.50879
6349.69  12.8125
6350.72  8.51231
6351.75  8.30308
6352.78  12.2823
6353.81  15.897
6354.84  15.6445
6355.87  9.08677
6356.9  7.38242
6357.93  6.65305
6358.96  3.16101
6359.99  9.06802
6361.02  17.5384
6362.05  11.421
6363.08  6.08976
6364.11  3.31314
6365.14  2.0344
6366.17  4.07331
6367.2  12.3928
6368.23  6.19758
6369.26  0.178444
6370.29  13.936
6371.32  13.4804
6372.35  5.04568
6373.38  7.63946
6374.41  12.2744
6375.44  17.5546
6376.47  16.9128
6377.5  15.1266
6378.53  14.5803
6379.56  14.6181
6380.59  13.9492
6381.62  8.33567
6382.65  10.6083
6383.68  18.0818
6384.71  15.8691
6385.74  12.4069
6386.77  9.3121
6387.8  13.5765
6388.83  17.5947
6389.86  15.1514
6390.89  12.1913
6391.92  11.2267
6392.95  21.8292
6393.98  24.7244
6395.01  19.5905
6396.04  14.1578
6397.07  12.1467
6398.1  16.6306
6399.13  14.611
6400.16  10.6183
6401.19  5.86098
6402.22  8.10597
6403.25  12.6898
6404.28  6.74026
6405.31  3.89519
6406.34  5.81719
6407.37  12.4261
6408.4  15.7185
6409.43  9.84259
6410.46  7.58866
6411.49  7.5857
6412.52  11.8793
6413.55  13.3505
6414.58  12.9918
6415.61  14.2036
6416.64  14.7946
6417.67  14.3819
6418.7  12.4869
6419.73  10.5865
6420.76  9.38135
6421.79  11.0429
6422.82  12.4313
6423.85  6.19326
6424.88  8.82228
6425.91  18.0052
6426.94  18.8157
6427.97  18.4312
6429.  18.1931
6430.03  20.592
6431.06  21.6698
6432.09  16.9423
6433.12  15.3486
6434.15  16.2175
6435.18  21.9201
6436.21  22.2286
6437.24  17.2346
6438.27  13.6502
6439.3  17.3546
6440.33  34.1069
6441.36  29.8607
6442.39  17.906
6443.42  3.97984
6444.45  0.585415
6445.48  3.46636
6446.51  2.71135
6447.54  5.01598
6448.57  10.3163
6449.6  2.85669
6450.63  2.21268
6451.66  21.2675
6452.69  33.1204
6453.72  39.0137
6454.75  33.5404
6455.78  24.5393
6456.81  13.4184
6457.84  1.9811
6458.87  5.40718
6459.9  27.1407
6460.93  21.9072
6461.96  14.8727
6462.99  21.6218
6464.02  16.9989
6465.05  10.4047
6466.08  14.7385
6467.11  15.8561
6468.14  13.7427
6469.17  10.1474
6470.2  11.1648
6471.23  20.0177
6472.26  6.66301
6473.29  -6.72711
6474.32  -3.96191
6475.35  8.82103
6476.38  24.0189
6477.41  22.6951
6478.44  17.1414
6479.47  10.6857
6480.5  26.6294
6481.53  37.4058
6482.56  31.6532
6483.59  15.1396
6484.62  2.54996
6485.65  16.8503
6486.68  21.3276
6487.71  20.0858
6488.74  19.9226
6489.77  20.1382
6490.8  20.7197
6491.83  19.7809
6492.86  18.1392
6493.89  16.1521
6494.92  11.6289
6495.95  9.74578
6496.98  21.2094
6498.01  22.6471
6499.04  18.1939
6500.07  26.2814
6501.1  31.5754
6502.13  30.8372
6503.16  12.3013
6504.19  -2.03892
6505.22  5.75451
6506.25  14.5895
6507.28  23.2014
6508.31  25.1918
6509.34  19.8559
6510.37  10.3217
6511.4  16.9528
6512.43  20.9263
6513.46  16.0787
6514.49  20.8228
6515.52  23.7475
6516.55  14.0743
6517.58  9.8325
6518.61  9.06895
6519.64  10.6182
6520.67  15.4291
6521.7  22.8059
6522.73  26.7284
6523.76  26.2633
6524.79  18.8795
6525.82  22.215
6526.85  24.4048
6527.88  8.94694
6528.91  14.5219
6529.94  30.9911
6530.97  31.9312
6532.  27.8449
6533.03  20.3005
6534.06  18.6427
6535.09  21.138
6536.12  30.5278
6537.15  27.6152
6538.18  20.1592
6539.21  12.9257
6540.24  15.9541
6541.27  24.9764
6542.3  20.2566
6543.33  16.5176
6544.36  16.8376
6545.39  18.3885
6546.42  20.6109
6547.45  23.8675
6548.48  21.3137
6549.51  16.3911
6550.54  14.1528
6551.57  11.2973
6552.6  8.1885
6553.63  7.40095
6554.66  9.98132
6555.69  17.2971
6556.72  13.0103
6557.75  9.8368
6558.78  21.8543
6559.81  18.8639
6560.84  11.0697
6561.87  20.7363
6562.9  25.0021
6563.93  21.866
6564.96  14.5315
6565.99  10.5078
6567.02  15.1661
6568.05  13.6119
6569.08  12.5036
6570.11  19.0237
6571.14  21.2186
6572.17  19.8273
6573.2  14.3234
6574.23  13.3132
6575.26  18.225
6576.29  19.7857
6577.32  19.7251
6578.35  18.2941
6579.38  13.2628
6580.41  7.73061
6581.44  5.90153
6582.47  7.09714
6583.5  10.3152
6584.53  10.7449
6585.56  12.3007
6586.59  15.9072
6587.62  20.3992
6588.65  21.2293
6589.68  10.9131
6590.71  13.1
6591.74  20.0712
6592.77  23.8419
6593.8  17.6404
6594.83  4.78549
6595.86  14.3449
6596.89  19.275
6597.92  9.12148
6598.95  18.1496
6599.98  27.435
6601.01  20.7514
6602.04  16.1889
6603.07  13.8947
6604.1  19.4338
6605.13  18.8235
6606.16  11.7478
6607.19  17.5947
6608.22  22.2835
6609.25  19.0984
6610.28  21.4741
6611.31  23.4997
6612.34  18.8197
6613.37  16.56
6614.4  16.0263
6615.43  15.9839
6616.46  14.59
6617.49  11.4874
6618.52  9.28109
6619.55  8.97581
6620.58  11.6938
6621.61  17.5934
6622.64  22.9499
6623.67  21.209
6624.7  17.3679
6625.73  11.8695
6626.76  4.11974
6627.79  3.22351
6628.82  12.408
6629.85  13.5147
6630.88  13.5394
6631.91  15.8673
6632.94  19.3959
6633.97  22.0259
6635.  17.9061
6636.03  16.5681
6637.06  18.0466
6638.09  17.8109
6639.12  14.2992
6640.15  5.23187
6641.18  11.3345
6642.21  18.8576
6643.24  15.7713
6644.27  11.8732
6645.3  8.11405
6646.33  8.50669
6647.36  10.0249
6648.39  12.4868
6649.42  20.318
6650.45  21.6953
6651.48  6.64082
6652.51  11.3838
6653.54  20.2202
6654.57  19.848
6655.6  14.6719
6656.63  7.28473
6657.66  6.94603
6658.69  9.53216
6659.72  14.3921
6660.75  16.3126
6661.78  16.6572
6662.81  15.2505
6663.84  14.6173
6664.87  13.8889
6665.9  10.8272
6666.93  14.989
6667.96  23.1911
6668.99  16.2001
6670.02  9.93612
6671.05  8.5399
6672.08  8.53674
6673.11  9.46167
6674.14  10.1808
6675.17  13.6882
6676.2  18.1417
6677.23  20.9133
6678.26  19.2249
6679.29  14.3964
6680.32  21.7474
6681.35  23.3357
6682.38  10.9458
6683.41  6.13627
6684.44  4.9231
6685.47  7.22934
6686.5  11.4199
6687.53  14.9669
6688.56  7.28456
6689.59  8.4704
6690.62  20.1524
6691.65  22.0562
6692.68  18.94
6693.71  9.31176
6694.74  10.1015
6695.77  15.358
6696.8  22.9872
6697.83  22.0925
6698.86  15.822
6699.89  15.7521
6700.92  15.862
6701.95  15.2411
6702.98  13.616
6704.01  13.549
6705.04  18.0494
6706.07  18.8036
6707.1  18.6618
6708.13  21.562
6709.16  20.7758
6710.19  17.0273
6711.22  15.8587
6712.25  14.8689
6713.28  13.5998
6714.31  11.3067
6715.34  11.2682
6716.37  18.3235
6717.4  19.8927
6718.43  18.9147
6719.46  20.1642
6720.49  17.2798
6721.52  10.6716
6722.55  8.83104
6723.58  7.64206
6724.61  5.2563
6725.64  12.2012
6726.67  19.3922
6727.7  16.6487
6728.73  17.3691
6729.76  18.5489
6730.79  10.5862
6731.82  8.88567
6732.85  15.3869
6733.88  22.2707
6734.91  25.1926
6735.94  18.81
6736.97  18.9561
6738.  19.7919
6739.03  16.3758
6740.06  10.083
6741.09  3.54241
6742.12  9.59057
6743.15  11.1337
6744.18  4.37697
6745.21  3.62869
6746.24  5.18994
6747.27  8.73971
6748.3  10.8708
6749.33  12.04
6750.36  11.3628
6751.39  13.5999
6752.42  17.1412
6753.45  8.98447
6754.48  5.06284
6755.51  10.8737
6756.54  12.2584
6757.57  11.7413
6758.6  8.43951
6759.63  8.91244
6760.66  11.3461
6761.69  13.8159
6762.72  12.5434
6763.75  8.47246
6764.78  16.7348
6765.81  22.5258
6766.84  19.4267
6767.87  16.0398
6768.9  11.3917
6769.93  3.28746
6770.96  7.05012
6771.99  16.3978
6773.02  12.6805
6774.05  11.1944
6775.08  13.9983
6776.11  17.6355
6777.14  19.5075
6778.17  17.2316
6779.2  14.0356
6780.23  11.2977
6781.26  13.683
6782.29  8.14141
6783.32  -0.351353
6784.35  13.81
6785.38  19.026
6786.41  7.71501
6787.44  8.45593
6788.47  12.6174
6789.5  18.6255
6790.53  17.8095
6791.56  15.7425
6792.59  23.7736
6793.62  20.3818
6794.65  8.66482
6795.68  18.2554
6796.71  23.987
6797.74  18.2395
6798.77  1.84015
6799.8  -10.3175
6800.83  0.529631
6801.86  4.17298
6802.89  6.00493
6803.92  15.584
6804.95  19.9031
6805.98  18.034
6807.01  14.8705
6808.04  12.937
6809.07  14.2601
6810.1  16.006
6811.13  16.6546
6812.16  12.8942
6813.19  10.2708
6814.22  8.97736
6815.25  10.6808
6816.28  12.3732
6817.31  13.397
6818.34  11.3357
6819.37  11.0298
6820.4  17.4068
6821.43  13.8039
6822.46  9.47668
6823.49  16.7847
6824.52  21.3894
6825.55  23.3502
6826.58  24.4397
6827.61  22.4079
6828.64  16.575
6829.67  13.9305
6830.7  12.6439
6831.73  13.0372
6832.76  10.3249
6833.79  6.77485
6834.82  6.30126
6835.85  3.18054
6836.88  -0.995119
6837.91  5.87217
6838.94  20.8773
6839.97  46.5069
6841.  32.5032
6842.03  12.4698
6843.06  12.7964
6844.09  20.3496
6845.12  28.7542
6846.15  16.0872
6847.18  12.4568
6848.21  20.1943
6849.24  24.0244
6850.27  26.7525
6851.3  28.8201
6852.33  25.916
6853.36  21.0215
6854.39  16.3863
6855.42  14.9228
6856.45  15.6013
6857.48  15.8138
6858.51  14.1666
6859.54  10.4039
6860.57  9.76729
6861.6  8.73512
6862.63  3.00989
6863.66  12.581
6864.69  22.7935
6865.72  10.5589
6866.75  6.70761
6867.78  9.92794
6868.81  10.7413
6869.84  12.0264
6870.87  14.106
6871.9  20.5143
6872.93  22.442
6873.96  10.0798
6874.99  1.61135
6876.02  -2.77947
6877.05  2.63524
6878.08  9.75749
6879.11  17.3529
6880.14  20.6765
6881.17  25.5652
6882.2  35.5018
6883.23  27.4989
6884.26  13.0604
6885.29  -5.14393
6886.32  4.32574
6887.35  25.4594
6888.38  20.2406
6889.41  13.2178
6890.44  7.09973
6891.47  0.662805
6892.5  -1.26823
6893.53  4.76712
6894.56  13.9642
6895.59  19.096
6896.62  3.63126
6897.65  5.1397
6898.68  16.9732
6899.71  18.2886
6900.74  16.4369
6901.77  12.3304
6902.8  11.9556
6903.83  13.6616
6904.86  17.5476
6905.89  22.4921
6906.92  25.0462
6907.95  17.6931
6908.98  9.11448
6910.01  1.10478
6911.04  -0.0651263
6912.07  7.40099
6913.1  25.2648
6914.13  25.3001
6915.16  18.2842
6916.19  5.02881
6917.22  11.8858
6918.25  22.3288
6919.28  -2.67024
6920.31  4.02272
6921.34  39.5608
6922.37  38.6035
6923.4  29.0895
6924.43  16.5928
6925.46  16.1849
6926.49  18.3692
6927.52  15.3678
6928.55  13.4678
6929.58  12.6118
6930.61  13.5314
6931.64  15.4594
6932.67  17.9945
6933.7  16.9508
6934.73  15.2302
6935.76  14.0702
6936.79  12.6621
6937.82  11.9125
6938.85  13.1192
6939.88  15.4999
6940.91  18.3808
6941.94  20.5306
6942.97  16.3673
6944.  4.78182
6945.03  5.25284
6946.06  10.6224
6947.09  21.3988
6948.12  18.1061
6949.15  10.1666
6950.18  8.08335
6951.21  11.4891
6952.24  18.0395
6953.27  14.558
6954.3  9.38947
6955.33  4.2101
6956.36  8.30194
6957.39  12.6986
6958.42  9.6418
6959.45  8.29376
6960.48  8.34002
6961.51  11.1902
6962.54  14.8539
6963.57  18.5179
6964.6  16.869
6965.63  13.8023
6966.66  10.1439
6967.69  11.9471
6968.72  14.7774
6969.75  15.1667
6970.78  11.4697
6971.81  7.58709
6972.84  17.6949
6973.87  20.2537
6974.9  12.8872
6975.93  10.4437
6976.96  13.0194
6977.99  25.4295
6979.02  21.7547
6980.05  13.5442
6981.08  12.4672
6982.11  6.66887
6983.14  -0.0303862
6984.17  10.2911
6985.2  16.1704
6986.23  12.9505
6987.26  13.2529
6988.29  14.6414
6989.32  17.1635
6990.35  19.1611
6991.38  20.3655
6992.41  19.6602
6993.44  18.7669
6994.47  17.3759
6995.5  12.0283
6996.53  9.5054
6997.56  12.329
6998.59  13.8972
6999.62  15.3948
7000.65  17.391
7001.68  16.6131
7002.71  15.1147
7003.74  17.8736
7004.77  18.5864
7005.8  16.7316
7006.83  12.1291
7007.86  11.1318
7008.89  17.5295
7009.92  21.54069
7010.95  21.29613
7011.98  21.05169
7013.01  20.80725
7014.04  20.5627
7015.07  20.31826
7016.1  20.0737
7017.13  19.82926
7018.16  5.19624
7019.19  11.6414
7020.22  22.7308
7021.25  22.5455
7022.28  17.4975
7023.31  9.19541
7024.34  0.978395
7025.37  5.08242
7026.4  25.1384
7027.43  20.2118
7028.46  13.0555
7029.49  18.2305
7030.52  15.6867
7031.55  10.8089
7032.58  10.2585
7033.61  6.90565
7034.64  1.82918
7035.67  3.63329
7036.7  8.93579
7037.73  17.6937
7038.76  18.021
7039.79  15.1311
7040.82  11.2927
7041.85  10.008
7042.88  9.66002
7043.91  6.76126
7044.94  4.95708
7045.97  4.8812
7047.  10.149
7048.03  13.5688
7049.06  11.4066
7050.09  9.73103
7051.12  6.96244
7052.15  1.80839
7053.18  -4.55538
7054.21  -8.2047
7055.24  8.24586
7056.27  15.4257
7057.3  8.62239
7058.33  2.5339
7059.36  2.87893
7060.39  19.5423
7061.42  19.6214
7062.45  11.5673
7063.48  -5.25854
7064.51  -0.180411
7065.54  18.9911
7066.57  14.2989
7067.6  10.8905
7068.63  14.0104
7069.66  12.5513
7070.69  9.06651
7071.72  2.91729
7072.75  1.89964
7073.78  4.13785
7074.81  9.27901
7075.84  11.4453
7076.87  10.3629
7077.9  5.50993
7078.93  4.81209
7079.96  12.2081
7080.99  12.8569
7082.02  11.4925
7083.05  10.7861
7084.08  6.76706
7085.11  2.50259
7086.14  5.93916
7087.17  9.89952
7088.2  13.2125
7089.23  12.4372
7090.26  8.82276
7091.29  0.716771
7092.32  6.66332
7093.35  17.5306
7094.38  28.5251
7095.41  25.6589
7096.44  14.6962
7097.47  14.038
7098.5  12.0459
7099.53  7.55121
7100.56  18.8939
7101.59  25.6738
7102.62  10.8255
7103.65  16.2364
7104.68  26.0941
7105.71  25.5033
7106.74  16.6213
7107.77  3.77771
7108.8  7.78079
7109.83  14.7742
7110.86  21.9292
7111.89  16.8556
7112.92  12.9242
7113.95  22.0674
7114.98  24.6206
7116.01  24.0917
7117.04  22.7287
7118.07  22.587
7119.1  23.7623
7120.13  26.0593
7121.16  27.5353
7122.19  27.6833
7123.22  20.0714
7124.25  12.8896
7125.28  14.8566
7126.31  16.4193
7127.34  17.6056
7128.37  15.6134
7129.4  18.6805
7130.43  27.0449
7131.46  29.5704
7132.49  29.6653
7133.52  27.8779
7134.55  24.9997
7135.58  22.5331
7136.61  23.4846
7137.64  22.3879
7138.67  20.4403
7139.7  21.5389
7140.73  23.6107
7141.76  26.2535
7142.79  26.2218
7143.82  29.0464
7144.85  42.195
7145.88  37.911
7146.91  27.3536
7147.94  20.2745
7148.97  22.5332
7150.  31.2695
7151.03  31.7376
7152.06  29.0293
7153.09  23.5872
7154.12  23.9223
7155.15  26.1488
7156.18  28.631
7157.21  30.7078
7158.24  31.1909
7159.27  24.7368
7160.3  25.8983
7161.33  33.7055
7162.36  30.1227
7163.39  27.2721
7164.42  28.7272
7165.45  38.6183
7166.48  45.714
7167.51  34.9912
7168.54  31.4324
7169.57  31.4116
7170.6  27.4706
7171.63  28.4508
7172.66  35.0443
7173.69  42.3226
7174.72  43.7047
7175.75  31.8778
7176.78  33.2844
7177.81  38.6609
7178.84  42.1924
7179.87  40.0767
7180.9  35.3378
7181.93  40.5299
7182.96  42.1492
7183.99  37.6268
7185.02  34.2448
7186.05  32.3317
7187.08  33.2709
7188.11  34.9508
7189.14  38.0195
7190.17  45.023
7191.2  45.6518
7192.23  40.31
7193.26  30.5514
7194.29  27.2067
7195.32  34.7302
7196.35  31.2517
7197.38  28.9821
7198.41  39.2297
7199.44  36.2824
7200.47  28.9299
7201.5  32.8627
7202.53  33.6391
7203.56  30.7484
7204.59  29.137
7205.62  31.2121
7206.65  40.7923
7207.68  23.8678
7208.71  8.26057
7209.74  23.1355
7210.77  39.3674
7211.8  51.2981
7212.83  31.6108
7213.86  27.1017
7214.89  42.7158
7215.92  38.0995
7216.95  30.4256
7217.98  23.7084
7219.01  31.7989
7220.04  44.2185
7221.07  51.1809
7222.1  46.8701
7223.13  36.5879
7224.16  41.2393
7225.19  48.0712
7226.22  54.7969
7227.25  55.67
7228.28  56.1035
7229.31  61.1737
7230.34  57.7543
7231.37  48.6584
7232.4  32.0923
7233.43  26.9567
7234.46  32.0064
7235.49  36.4364
7236.52  37.4274
7237.55  32.8501
7238.58  33.1865
7239.61  34.8284
7240.64  36.808
7241.67  36.2399
7242.7  32.2569
7243.73  14.6497
7244.76  26.1561
7245.79  62.0389
7246.82  29.651
7247.85  9.52399
7248.88  37.0593
7249.91  44.5218
7250.94  42.5825
7251.97  25.0189
7253.  32.9946
7254.03  50.807
7255.06  30.377
7256.09  23.5366
7257.12  36.4539
7258.15  34.6261
7259.18  28.3377
7260.21  17.0298
7261.24  25.5978
7262.27  37.733
7263.3  33.3624
7264.33  30.9323
7265.36  30.9799
7266.39  37.677
7267.42  37.9149
7268.45  28.3369
7269.48  21.1638
7270.51  20.5437
7271.54  35.9341
7272.57  37.8239
7273.6  33.3318
7274.63  26.6642
7275.66  24.5837
7276.69  26.8794
7277.72  31.2012
7278.75  29.1303
7279.78  15.6984
7280.81  27.1147
7281.84  40.8911
7282.87  38.1797
7283.9  44.9785
7284.93  50.7668
7285.96  29.5122
7286.99  17.4545
7288.02  17.6942
7289.05  22.5789
7290.08  24.644
7291.11  17.7608
7292.14  22.5611
7293.17  31.5299
7294.2  42.665
7295.23  39.8687
7296.26  28.335
7297.29  19.8034
7298.32  20.5132
7299.35  31.1524
7300.38  25.3486
7301.41  21.6561
7302.44  32.191
7303.47  27.9691
7304.5  24.0618
7305.53  42.2013
7306.56  48.6069
7307.59  43.7118
7308.62  26.6713
7309.65  20.1675
7310.68  30.9852
7311.71  28.5836
7312.74  23.0789
7313.77  16.616
7314.8  19.4104
7315.83  25.2922
7316.86  24.6442
7317.89  23.9936
7318.92  23.3378
7319.95  19.0432
7320.98  18.925
7322.01  26.7276
7323.04  25.5575
7324.07  23.1112
7325.1  23.792
7326.13  30.5524
7327.16  36.8722
7328.19  22.85
7329.22  17.9907
7330.25  24.0853
7331.28  19.4469
7332.31  20.2293
7333.34  35.1425
7334.37  42.3636
7335.4  40.1477
7336.43  16.1081
7337.46  3.58926
7338.49  0.811568
7339.52  7.63618
7340.55  11.8082
7341.58  11.1219
7342.61  20.3935
7343.64  27.7528
7344.67  25.1165
7345.7  28.452
7346.73  30.618
7347.76  21.0504
7348.79  18.3993
7349.82  21.3916
7350.85  23.2315
7351.88  23.1161
7352.91  20.3105
7353.94  22.2939
7354.97  25.0492
7356.  27.5957
7357.03  21.2374
7358.06  13.9834
7359.09  23.0223
7360.12  25.3818
7361.15  21.1332
7362.18  22.544
7363.21  24.2232
7364.24  24.9265
7365.27  23.1649
7366.3  22.3705
7367.33  27.8501
7368.36  25.3927
7369.39  20.9604
7370.42  30.4945
7371.45  34.2138
7372.48  29.9172
7373.51  20.372
7374.54  13.7339
7375.57  15.8499
7376.6  13.8883
7377.63  13.073
7378.66  19.1495
7379.69  22.7751
7380.72  24.6848
7381.75  27.642
7382.78  26.564
7383.81  20.5675
7384.84  14.2949
7385.87  12.0348
7386.9  19.9442
7387.93  20.9107
7388.96  18.1944
7389.99  10.3148
7391.02  11.5242
7392.05  18.3782
7393.08  8.40928
7394.11  7.97992
7395.14  25.0832
7396.17  15.6785
7397.2  6.75981
7398.23  20.0174
7399.26  19.722
7400.29  15.539
7401.32  21.9458
7402.35  25.8288
7403.38  26.5157
7404.41  27.336
7405.44  22.6839
7406.47  8.67342
7407.5  10.3782
7408.53  15.9154
7409.56  16.8186
7410.59  17.3052
7411.62  17.3933
7412.65  17.844
7413.68  16.6515
7414.71  13.7463
7415.74  11.1189
7416.77  12.8823
7417.8  24.232
7418.83  21.3069
7419.86  14.1369
7420.89  9.84816
7421.92  13.0421
7422.95  19.7182
7423.98  14.2071
7425.01  10.6718
7426.04  11.6716
7427.07  9.48622
7428.1  8.91306
7429.13  13.4058
7430.16  17.6669
7431.19  19.2717
7432.22  9.11882
7433.25  9.30586
7434.28  17.5123
7435.31  17.4941
7436.34  15.5043
7437.37  12.4002
7438.4  14.208
7439.43  19.52
7440.46  32.2083
7441.49  25.9222
7442.52  12.6812
7443.55  13.7654
7444.58  15.2846
7445.61  15.6405
7446.64  9.51775
7447.67  3.91351
7448.7  0.895894
7449.73  8.47093
7450.76  17.8811
7451.79  21.2585
7452.82  19.2685
7453.85  13.9099
7454.88  9.43074
7455.91  9.67783
7456.94  14.9692
7457.97  17.6835
7459.  19.0785
7460.03  19.0646
7461.06  17.248
7462.09  15.0308
7463.12  13.9526
7464.15  15.8988
7465.18  18.7924
7466.21  13.3586
7467.24  9.90089
7468.27  10.5626
7469.3  11.0808
7470.33  11.4604
7471.36  10.1013
7472.39  14.7287
7473.42  21.1574
7474.45  24.6613
7475.48  22.6163
7476.51  16.4603
7477.54  14.6599
7478.57  15.4607
7479.6  19.2379
7480.63  14.5876
7481.66  10.0545
7482.69  12.9056
7483.72  15.3607
7484.75  14.7
7485.78  -2.14747
7486.81  -4.27206
7487.84  9.60676
7488.87  26.2323
7489.9  31.7809
7490.93  15.8205
7491.96  10.6264
7492.99  9.75178
7494.02  12.9993
7495.05  15.1576
7496.08  14.6533
7497.11  2.07961
7498.14  -0.747632
7499.17  8.97038
7500.2  13.8017
7501.23  17.2359
7502.26  20.1559
7503.29  16.3065
7504.32  11.537
7505.35  13.3951
7506.38  17.9708
7507.41  22.9435
7508.44  16.9665
7509.47  14.8991
7510.5  20.1223
7511.53  17.3931
7512.56  13.2518
7513.59  9.70169
7514.62  12.7278
7515.65  18.3614
7516.68  21.6217
7517.71  21.3417
7518.74  17.905
7519.77  13.0148
7520.8  10.8513
7521.83  13.1292
7522.86  22.3459
7523.89  26.8875
7524.92  9.58066
7525.95  13.3187
7526.98  24.5437
7528.01  17.1221
7529.04  14.5036
7530.07  17.4572
7531.1  10.3145
7532.13  3.65034
7533.16  0.841963
7534.19  5.91777
7535.22  14.0104
7536.25  21.9723
7537.28  20.5173
7538.31  15.4779
7539.34  27.4326
7540.37  30.4137
7541.4  20.771
7542.43  12.7751
7543.46  9.79527
7544.49  18.4495
7545.52  16.1717
7546.55  12.4213
7547.58  19.4039
7548.61  14.5943
7549.64  3.52854
7550.67  12.985
7551.7  21.4022
7552.73  24.0428
7553.76  21.4042
7554.79  18.2998
7555.82  18.5891
7556.85  20.9165
7557.88  21.7811
7558.91  10.5644
7559.94  10.1925
7560.97  19.3093
7562.  24.0139
7563.03  13.1437
7564.06  -22.9754
7565.09  2.10295
7566.12  28.4274
7567.15  0.0866853
7568.18  -4.49064
7569.21  4.80549
7570.24  24.0578
7571.27  21.1167
7572.3  -3.96773
7573.33  -2.79525
7574.36  3.18293
7575.39  7.87085
7576.42  10.6075
7577.45  14.9556
7578.48  28.3389
7579.51  29.4681
7580.54  21.5558
7581.57  9.76816
7582.6  6.09257
7583.63  12.5345
7584.66  6.54891
7585.69  1.58466
7586.72  5.04663
7587.75  6.04791
7588.78  8.84949
7589.81  20.4664
7590.84  25.4337
7591.87  24.139
7592.9  17.1622
7593.93  16.065
7594.96  24.6954
7595.99  20.8661
7597.02  12.9738
7598.05  2.15418
7599.08  3.80855
7600.11  11.3694
7601.14  17.397
7602.17  16.2645
7603.2  9.60777
7604.23  14.0165
7605.26  14.274
7606.29  3.97515
7607.32  9.61004
7608.35  16.9242
7609.38  14.693
7610.41  11.3975
7611.44  8.43302
7612.47  12.8422
7613.5  9.95379
7614.53  -0.232805
7615.56  6.7726
7616.59  14.5616
7617.62  16.3928
7618.65  19.0959
7619.68  18.5938
7620.71  6.80542
7621.74  7.52919
7622.77  15.5845
7623.8  14.6291
7624.83  13.5581
7625.86  13.628
7626.89  13.5299
7627.92  13.1402
7628.95  11.6349
7629.98  13.5448
7631.01  15.8613
7632.04  12.8804
7633.07  17.613
7634.1  26.4662
7635.13  18.8142
7636.16  11.4135
7637.19  8.35412
7638.22  7.51907
7639.25  9.45583
7640.28  16.2471
7641.31  17.599
7642.34  15.7103
7643.37  12.1652
7644.4  8.70607
7645.43  5.88876
7646.46  7.39887
7647.49  5.67131
7648.52  -4.02151
7649.55  7.83048
7650.58  20.3441
7651.61  13.3764
7652.64  9.70339
7653.67  8.32153
7654.7  11.2199
7655.73  10.592
7656.76  6.11923
7657.79  9.94476
7658.82  13.083
7659.85  10.8191
7660.88  12.4687
7661.91  15.1473
7662.94  17.3121
7663.97  16.5728
7665.  14.294
7666.03  16.7269
7667.06  14.2064
7668.09  5.10188
7669.12  8.46327
7670.15  14.0564
7671.18  17.5427
7672.21  16.9518
7673.24  15.5116
7674.27  19.6001
7675.3  16.906
7676.33  10.6877
7677.36  22.7487
7678.39  30.3033
7679.42  26.8713
7680.45  21.7913
7681.48  14.8175
7682.51  4.16533
7683.54  6.7421
7684.57  15.8569
7685.6  23.5815
7686.63  19.3744
7687.66  6.03325
7688.69  19.6022
7689.72  24.3542
7690.75  4.18898
7691.78  3.81433
7692.81  8.24212
7693.84  8.89885
7694.87  7.29723
7695.9  5.247
7696.93  7.57359
7697.96  13.3513
7698.99  21.7456
7700.02  20.0042
7701.05  17.1344
7702.08  17.3465
7703.11  15.7771
7704.14  14.7827
7705.17  18.9703
7706.2  14.6262
7707.23  5.49038
7708.26  3.12152
7709.29  11.8226
7710.32  33.0964
7711.35  55.3952
7712.38  63.0935
7713.41  36.6011
7714.44  16.749
7715.47  2.37787
7716.5  3.00691
7717.53  8.14273
7718.56  14.525
7719.59  3.39644
7720.62  0.979531
7721.65  16.4169
7722.68  15.0053
7723.71  10.1459
7724.74  8.50042
7725.77  10.8184
7726.8  13.5526
7727.83  6.5204
7728.86  7.47367
7729.89  16.3204
7730.92  16.7913
7731.95  16.3213
7732.98  17.1443
7734.01  16.3259
7735.04  14.9127
7736.07  11.5674
7737.1  19.9268
7738.13  32.2915
7739.16  26.4875
7740.19  18.8673
7741.22  11.7128
7742.25  4.32642
7743.28  0.431962
7744.31  2.60219
7745.34  9.90751
7746.37  16.9401
7747.4  13.0303
7748.43  16.5204
7749.46  24.0488
7750.49  22.4267
7751.52  15.3384
7752.55  3.20575
7753.58  8.0272
7754.61  13.0287
7755.64  7.58102
7756.67  -2.08549
7757.7  -8.30613
7758.73  8.55096
7759.76  19.2608
7760.79  23.5658
7761.82  31.5546
7762.85  28.8323
7763.88  9.12813
7764.91  10.7054
7765.94  16.1385
7766.97  15.2375
7768.  8.28194
7769.03  2.16015
7770.06  18.523
7771.09  19.3389
7772.12  4.23103
7773.15  12.2337
7774.18  15.6737
7775.21  1.6975
7776.24  4.08113
7777.27  12.572
7778.3  24.0761
7779.33  24.6353
7780.36  17.141
7781.39  5.53419
7782.42  1.69557
7783.45  7.65653
7784.48  13.5892
7785.51  16.1439
7786.54  7.66895
7787.57  25.8369
7788.6  43.5721
7789.63  22.0942
7790.66  8.80344
7791.69  4.06476
7792.72  9.42923
7793.75  13.5716
7794.78  13.3374
7795.81  15.3424
7796.84  17.6753
7797.87  20.6459
7798.9  16.8267
7799.93  12.1864
7800.96  18.7107
7801.99  20.0853
7803.02  15.2026
7804.05  -2.28966
7805.08  -4.13636
7806.11  22.754
7807.14  29.0552
7808.17  26.4473
7809.2  13.2633
7810.23  21.4841
7811.26  34.1755
7812.29  7.09861
7813.32  2.54215
7814.35  24.1027
7815.38  38.5455
7816.41  35.7092
7817.44  -1.43878
7818.47  26.6939
7819.5  54.3699
7820.53  4.19169
7821.56  -12.767
7822.59  -7.35529
7823.62  -1.76663
7824.65  0.401951
7825.68  -1.84347
7826.71  12.3287
7827.74  22.6328
7828.77  15.3665
7829.8  13.1171
7830.83  12.4118
7831.86  11.2063
7832.89  20.8398
7833.92  35.5714
7834.95  26.393
7835.98  18.1365
7837.01  16.6108
7838.04  15.5626
7839.07  15.8822
7840.1  17.1159
7841.13  25.7046
7842.16  31.4611
7843.19  9.01554
7844.22  -0.219933
7845.25  4.78433
7846.28  13.5025
7847.31  18.7209
7848.34  16.4547
7849.37  8.66916
7850.4  6.46509
7851.43  30.2887
7852.46  20.976
7853.49  0.818518
7854.52  25.0963
7855.55  26.2084
7856.58  0.906815
7857.61  11.8386
7858.64  18.4601
7859.67  0.824327
7860.7  5.74121
7861.73  16.6728
7862.76  21.9945
7863.79  23.6525
7864.82  21.9945
7865.85  16.6299
7866.88  13.982
7867.91  15.417
7868.94  17.9093
7869.97  18.648
7871.  13.2621
7872.03  18.4949
7873.06  22.1642
7874.09  3.44317
7875.12  -5.03507
7876.15  -2.97371
7877.18  10.894
7878.21  17.936
7879.24  12.0409
7880.27  3.79911
7881.3  -0.644859
7882.33  8.46442
7883.36  10.1607
7884.39  9.18368
7885.42  11.0671
7886.45  11.7993
7887.48  11.2943
7888.51  11.1387
7889.54  9.54606
7890.57  5.28042
7891.6  6.79321
7892.63  12.0806
7893.66  26.1062
7894.69  14.1108
7895.72  -8.8934
7896.75  -8.30105
7897.78  -2.81115
7898.81  5.43222
7899.84  15.4916
7900.87  18.9052
7901.9  7.63738
7902.93  10.4439
7903.96  15.1647
7904.99  10.2691
7906.02  5.97022
7907.05  4.30472
7908.08  16.071
7909.11  22.2085
7910.14  18.8714
7911.17  17.4078
7912.2  15.0322
7913.23  9.51095
7914.26  11.3718
7915.29  16.2224
7916.32  20.247
7917.35  20.7178
7918.38  17.6229
7919.41  9.65666
7920.44  5.97169
7921.47  10.0905
7922.5  -2.73438
7923.53  -6.61128
7924.56  30.692
7925.59  19.2702
7926.62  -5.58429
7927.65  20.2104
7928.68  34.6848
7929.71  33.0436
7930.74  10.8214
7931.77  -0.795634
7932.8  15.1551
7933.83  4.75183
7934.86  -5.44276
7935.89  8.86566
7936.92  16.0126
7937.95  17.8659
7938.98  11.0238
7940.01  18.0451
7941.04  39.4867
7942.07  25.9872
7943.1  13.7226
7944.13  21.1908
7945.16  19.409
7946.19  15.1291
7947.22  11.5107
7948.25  10.2556
7949.28  10.8219
7950.31  10.0337
7951.34  15.5682
7952.37  28.6994
7953.4  14.3292
7954.43  -0.970355
7955.46  -1.5198
7956.49  3.5323
7957.52  10.2661
7958.55  8.78646
7959.58  11.7404
7960.61  17.2465
7961.64  10.7329
7962.67  6.20289
7963.7  7.79266
7964.73  9.04192
7965.76  10.3526
7966.79  11.0394
7967.82  12.7265
7968.85  14.1872
7969.88  12.0949
7970.91  12.4535
7971.94  15.0782
7972.97  11.8442
7974.  12.4428
7975.03  22.4002
7976.06  18.474
7977.09  14.4225
7978.12  26.4878
7979.15  22.2063
7980.18  9.41511
7981.21  5.95173
7982.24  7.38673
7983.27  12.7629
7984.3  7.31597
7985.33  2.99158
7986.36  6.91172
7987.39  3.88991
7988.42  0.424356
7989.45  2.85616
7990.48  8.58965
7991.51  15.4961
7992.54  13.8114
7993.57  14.7414
7994.6  20.66
7995.63  16.0409
7996.66  12.1084
7997.69  16.7291
7998.72  19.5922
7999.75  21.2488
8000.78  20.9759
8001.81  16.0654
8002.84  8.19694
8003.87  8.0164
8004.9  9.43483
8005.93  11.2026
8006.96  8.75498
8007.99  6.1027
8009.02  5.3854
8010.05  11.2175
8011.08  20.0433
8012.11  27.3389
8013.14  21.0592
8014.17  3.62592
8015.2  14.618
8016.23  21.8172
8017.26  10.8783
8018.29  11.9217
8019.32  14.5091
8020.35  9.84938
8021.38  10.3667
8022.41  15.0938
8023.44  26.2556
8024.47  25.3963
8025.5  10.3279
8026.53  8.93869
8027.56  8.91455
8028.59  4.66999
8029.62  6.60044
8030.65  8.7735
8031.68  0.883196
8032.71  7.4122
8033.74  21.2202
8034.77  7.58747
8035.8  0.392301
8036.83  7.33876
8037.86  2.42527
8038.89  -0.235528
8039.92  9.14678
8040.95  16.6599
8041.98  21.9858
8043.01  20.9697
8044.04  17.3865
8045.07  12.2324
8046.1  10.2655
8047.13  8.75901
8048.16  6.54199
8049.19  16.7511
8050.22  24.2604
8051.25  12.1585
8052.28  8.84255
8053.31  10.5691
8054.34  15.2298
8055.37  14.8541
8056.4  9.68376
8057.43  14.6538
8058.46  18.7825
8059.49  17.6257
8060.52  15.0446
8061.55  12.6707
8062.58  14.1153
8063.61  12.3889
8064.64  9.24236
8065.67  9.65829
8066.7  11.111
8067.73  13.1288
8068.76  11.5732
8069.79  10.7353
8070.82  13.9076
8071.85  13.1128
8072.88  11.179
8073.91  10.0916
8074.94  12.0538
8075.97  16.0987
8077.  18.3183
8078.03  18.1827
8079.06  15.2018
8080.09  19.3244
8081.12  23.6392
8082.15  23.6397
8083.18  23.2053
8084.21  20.7674
8085.24  12.0894
8086.27  7.32579
8087.3  7.05719
8088.33  11.0011
8089.36  15.1608
8090.39  18.2178
8091.42  14.6222
8092.45  10.5905
8093.48  12.603
8094.51  11.5606
8095.54  9.63663
8096.57  10.9655
8097.6  13.4774
8098.63  16.4356
8099.66  12.6031
8100.69  10.8181
8101.72  16.0044
8102.75  17.9781
8103.78  18.0086
8104.81  14.7997
8105.84  13.3877
8106.87  13.5574
8107.9  15.9261
8108.93  16.0894
8109.96  13.2923
8110.99  13.7604
8112.02  14.1688
8113.05  12.4217
8114.08  12.9911
8115.11  14.7313
8116.14  17.6528
8117.17  17.4649
8118.2  15.2396
8119.23  17.3005
8120.26  16.9864
8121.29  12.4572
8122.32  14.1686
8123.35  15.6764
8124.38  11.7654
8125.41  11.2416
8126.44  12.8379
8127.47  16.6687
8128.5  19.0851
8129.53  19.3559
8130.56  13.2488
8131.59  9.73644
8132.62  12.8399
8133.65  12.9024
8134.68  12.8724
8135.71  14.2338
8136.74  17.0764
8137.77  20.3873
8138.8  22.3387
8139.83  20.0524
8140.86  13.7678
8141.89  12.979
8142.92  12.7849
8143.95  11.3965
8144.98  9.73425
8146.01  9.82224
8147.04  17.1572
8148.07  14.8463
8149.1  7.37352
8150.13  9.4565
8151.16  14.9266
8152.19  22.8127
8153.22  25.3242
8154.25  24.0251
8155.28  16.3385
8156.31  21.0457
8157.34  25.5065
8158.37  7.91178
8159.4  4.82998
8160.43  13.467
8161.46  12.3873
8162.49  17.6513
8163.52  34.14
8164.55  22.9264
8165.58  9.94201
8166.61  15.3478
8167.64  11.9563
8168.67  7.74084
8169.7  17.7625
8170.73  19.7824
8171.76  13.9163
8172.79  17.6676
8173.82  17.5764
8174.85  7.83806
8175.88  7.48639
8176.91  9.39412
8177.94  8.1529
8178.97  11.9766
8180.  17.1696
8181.03  13.3268
8182.06  10.7516
8183.09  11.0846
8184.12  19.4203
8185.15  24.0977
8186.18  16.9251
8187.21  17.3721
8188.24  19.6186
8189.27  20.9149
8190.3  14.9002
8191.33  6.19677
8192.36  14.4646
8193.39  17.9671
8194.42  12.3607
8195.45  6.7528
8196.48  4.65452
8197.51  12.4
8198.54  10.4856
8199.57  7.95476
8200.6  19.2607
8201.63  22.2257
8202.66  16.9755
8203.69  5.84658
8204.72  2.81486
8205.75  13.6855
8206.78  14.6449
8207.81  15.838
8208.84  26.6468
8209.87  21.2233
8210.9  9.65297
8211.93  10.5153
8212.96  7.54719
8213.99  0.886043
8215.02  2.49988
8216.05  8.90533
8217.08  21.2645
8218.11  17.4213
8219.14  11.0855
8220.17  15.1977
8221.2  15.7464
8222.23  14.0267
8223.26  12.3938
8224.29  8.16151
8225.32  1.74991
8226.35  8.18463
8227.38  12.9254
8228.41  6.45424
8229.44  11.6288
8230.47  18.5205
8231.5  18.5447
8232.53  9.38787
8233.56  -3.12489
8234.59  5.72653
8235.62  15.0023
8236.65  20.4991
8237.68  32.0239
8238.71  36.8984
8239.74  23.2596
8240.77  13.2983
8241.8  5.15458
8242.83  -2.95368
8243.86  9.99827
8244.89  36.5831
8245.92  26.7046
8246.95  15.8766
8247.98  13.666
8249.01  11.4611
8250.04  10.9185
8251.07  12.7676
8252.1  17.5528
8253.13  21.5371
8254.16  14.2318
8255.19  8.05118
8256.22  6.23772
8257.25  32.1279
8258.28  48.0091
8259.31  36.4919
8260.34  11.1427
8261.37  -10.8637
8262.4  -3.16128
8263.43  5.04472
8264.46  12.6658
8265.49  11.5252
8266.52  14.077
8267.55  21.6555
8268.58  19.9142
8269.61  15.8218
8270.64  11.7293
8271.67  9.35525
8272.7  7.28101
8273.73  2.14102
8274.76  5.1999
8275.79  13.7527
8276.82  17.1901
8277.85  16.5549
8278.88  11.5118
8279.91  12.1388
8280.94  12.6302
8281.97  9.13827
8283.  6.51764
8284.03  6.17386
8285.06  14.0242
8286.09  17.1275
8287.12  15.4074
8288.15  12.347
8289.18  10.56
8290.21  11.6622
8291.24  7.62846
8292.27  4.43716
8293.3  7.7124
8294.33  9.72225
8295.36  11.6343
8296.39  15.746
8297.42  17.08757
8298.45  17.95623
8299.48  18.82488
8300.51  19.69271
8301.54  20.56137
8302.57  21.43002
8303.6  22.29785
8304.63  23.16651
8305.66  24.03516
8306.69  24.90381
8307.72  25.77164
8308.75  26.6403
8309.78  27.50895
8310.81  28.37678
8311.84  29.24544
8312.87  14.8875
8313.9  9.83488
8314.93  7.36819
8315.96  3.21926
8316.99  2.59774
8318.02  6.45492
8319.05  21.5575
8320.08  32.2361
8321.11  34.1784
8322.14  35.2542
8323.17  31.9294
8324.2  18.5396
8325.23  19.6264
8326.26  26.203
8327.29  28.0304
8328.32  21.8184
8329.35  9.51311
8330.38  5.31563
8331.41  5.92414
8332.44  11.8707
8333.47  10.2457
8334.5  9.37117
8335.53  19.418
8336.56  12.9764
8337.59  -0.350373
8338.62  -2.61493
8339.65  4.69118
8340.68  20.3703
8341.71  28.6532
8342.74  33.3863
8343.77  36.9926
8344.8  15.2693
8345.83  -5.44454
8346.86  9.46514
8347.89  17.1889
8348.92  18.1109
8349.95  6.09139
8350.98  2.92198
8352.01  12.3002
8353.04  8.95966
8354.07  7.35585
8355.1  16.1683
8356.13  21.0549
8357.16  23.4752
8358.19  22.9666
8359.22  16.6648
8360.25  6.84482
8361.28  5.05948
8362.31  3.67878
8363.34  0.996484
8364.37  0.772106
8365.4  4.81396
8366.43  18.9937
8367.46  18.6884
8368.49  12.2682
8369.52  11.7611
8370.55  8.15931
8371.58  2.64528
8372.61  8.39296
8373.64  14.6306
8374.67  18.652
8375.7  6.36438
8376.73  -1.90276
8377.76  21.0174
8378.79  18.1456
8379.82  4.5712
8380.85  13.1788
8381.88  16.0601
8382.91  10.9422
8383.94  11.9742
8384.97  9.25566
8386.  -4.65798
8387.03  2.79046
8388.06  15.17
8389.09  18.9165
8390.12  10.2181
8391.15  -2.24431
8392.18  17.7179
8393.21  24.9072
8394.24  11.2162
8395.27  10.8044
8396.3  10.3588
8397.33  2.53031
8398.36  3.19546
8399.39  6.79032
8400.42  7.89726
8401.45  8.25733
8402.48  8.38464
8403.51  11.2264
8404.54  13.5939
8405.57  14.8239
8406.6  3.28802
8407.63  -3.22133
8408.66  14.9356
8409.69  16.907
8410.72  12.4155
8411.75  14.8125
8412.78  11.1794
8413.81  2.19268
8414.84  -0.627319
8415.87  2.20722
8416.9  13.0745
8417.93  8.53881
8418.96  2.27751
8419.99  8.21067
8421.02  0.761488
8422.05  -10.3916
8423.08  -0.359534
8424.11  11.6739
8425.14  21.8129
8426.17  5.07232
8427.2  -3.18195
8428.23  21.3855
8429.26  13.1699
8430.29  -1.83376
8431.32  -0.323118
8432.35  0.779201
8433.38  2.19613
8434.41  6.31435
8435.44  12.3522
8436.47  19.9191
8437.5  14.1964
8438.53  8.23052
8439.56  9.3977
8440.59  18.0567
8441.62  24.8012
8442.65  9.01708
8443.68  2.30689
8444.71  4.80394
8445.74  13.0354
8446.77  16.5045
8447.8  11.0185
8448.83  5.42681
8449.86  4.75907
8450.89  20.0678
8451.92  17.0854
8452.95  7.30021
8453.98  8.72652
8455.01  13.5569
8456.04  19.7141
8457.07  11.9242
8458.1  7.22564
8459.13  12.3102
8460.16  26.0644
8461.19  33.7338
8462.22  12.8065
8463.25  0.392926
8464.28  -4.43258
8465.31  2.61317
8466.34  11.8508
8467.37  20.5978
8468.4  11.0071
8469.43  2.79718
8470.46  7.39872
8471.49  6.6986
8472.52  5.74167
8473.55  8.43257
8474.58  11.73
8475.61  14.9179
8476.64  14.6017
8477.67  15.5987
8478.7  18.934
8479.73  20.8995
8480.76  20.3264
8481.79  13.6958
8482.82  15.643
8483.85  19.2549
8484.88  14.0759
8485.91  12.1504
8486.94  13.188
8487.97  12.033
8489.  12.1347
8490.03  14.6278
8491.06  13.37
8492.09  10.8581
8493.12  6.95204
8494.15  11.1411
8495.18  17.5301
8496.21  13.3579
8497.24  9.64099
8498.27  8.149
8499.3  18.0121
8500.33  22.7438
8501.36  13.6361
8502.39  11.4112
8503.42  9.50626
8504.45  0.289041
8505.48  8.92922
8506.51  24.5546
8507.54  13.7078
8508.57  10.8073
8509.6  19.556
8510.63  5.24846
8511.66  -2.15302
8512.69  17.9882
8513.72  16.5572
8514.75  9.94147
8515.78  12.0592
8516.81  14.5508
8517.84  16.0357
8518.87  9.19939
8519.9  5.29444
8520.93  7.05104
8521.96  6.09359
8522.99  5.87737
8524.02  8.36002
8525.05  10.9239
8526.08  14.021
8527.11  18.9744
8528.14  19.8462
8529.17  17.3331
8530.2  18.2467
8531.23  17.4421
8532.26  12.9941
8533.29  16.8575
8534.32  20.9517
8535.35  18.7987
8536.38  15.2625
8537.41  11.201
8538.44  7.91383
8539.47  12.5161
8540.5  23.7765
8541.53  19.0804
8542.56  15.0207
8543.59  19.2306
8544.62  13.2849
8545.65  5.48318
8546.68  0.619389
8547.71  8.98641
8548.74  23.7694
8549.77  24.7799
8550.8  21.8243
8551.83  16.3262
8552.86  13.0805
8553.89  11.8367
8554.92  13.718
8555.95  14.9207
8556.98  15.388
8558.01  13.5437
8559.04  12.9299
8560.07  13.2427
8561.1  12.3087
8562.13  14.1699
8563.16  19.997
8564.19  12.6183
8565.22  7.56381
8566.25  18.5958
8567.28  19.768
8568.31  17.4758
8569.34  18.7491
8570.37  18.7845
8571.4  17.4341
8572.43  15.0808
8573.46  12.7718
8574.49  10.9722
8575.52  9.65161
8576.55  5.95231
8577.58  -6.65101
8578.61  -5.04351
8579.64  3.91269
8580.67  8.4752
8581.7  9.15327
8582.73  6.02124
8583.76  2.033
8584.79  0.669931
8585.82  4.97862
8586.85  5.69407
8587.88  4.54732
8588.91  1.3001
8589.94  -1.77606
8590.97  -3.26547
8592.  3.33332
8593.03  8.55439
8594.06  10.4541
8595.09  2.20796
8596.12  0.236679
8597.15  19.5043
8598.18  24.7397
8599.21  23.5489
8600.24  18.0503
8601.27  15.2274
8602.3  14.068
8603.33  7.35245
8604.36  5.38801
8605.39  11.0724
8606.42  15.6416
8607.45  18.997
8608.48  19.6311
8609.51  18.8585
8610.54  17.7228
8611.57  21.1968
8612.6  15.0445
8613.63  -0.112244
8614.66  -16.6817
8615.69  -18.5492
8616.72  4.65329
8617.75  3.83534
8618.78  -1.30252
8619.81  2.36087
8620.84  2.40178
8621.87  3.61752
8622.9  22.8955
8623.93  24.1041
8624.96  5.23106
8625.99  3.98115
8627.02  3.1076
8628.05  -5.41581
8629.08  4.42466
8630.11  16.6726
8631.14  13.928
8632.17  11.7077
8633.2  10.883
8634.23  16.6185
8635.26  21.0447
8636.29  22.3435
8637.32  12.3248
8638.35  5.72218
8639.38  13.541
8640.41  22.5555
8641.44  28.3084
8642.47  17.5269
8643.5  9.18808
8644.53  4.26102
8645.56  5.06236
8646.59  7.60614
8647.62  10.9305
8648.65  8.21633
8649.68  5.73679
8650.71  8.56755
8651.74  10.9517
8652.77  12.7069
8653.8  11.3355
8654.83  12.9221
8655.86  16.9481
8656.89  14.0432
8657.92  15.5022
8658.95  27.5455
8659.98  16.4035
8661.01  5.86322
8662.04  21.8436
8663.07  20.5727
8664.1  11.5671
8665.13  15.9585
8666.16  15.5612
8667.19  9.21506
8668.22  13.5351
8669.25  17.2063
8670.28  14.9389
8671.31  12.2246
8672.34  10.8487
8673.37  15.7697
8674.4  17.5787
8675.43  16.2987
8676.46  9.68505
8677.49  7.03999
8678.52  10.5343
8679.55  19.7033
8680.58  25.0239
8681.61  17.1336
8682.64  12.9437
8683.67  10.2064
8684.7  8.85058
8685.73  9.82223
8686.76  12.2006
8687.79  10.7979
8688.82  9.33007
8689.85  8.67217
8690.88  9.59167
8691.91  10.6966
8692.94  10.6754
8693.97  11.3379
8695.  11.7976
8696.03  9.17383
8697.06  11.1505
8698.09  16.8927
8699.12  13.7995
8700.15  7.27336
8701.18  -2.58589
8702.21  0.730765
8703.24  7.81543
8704.27  11.3889
8705.3  14.7805
8706.33  16.4512
8707.36  10.3712
8708.39  7.02637
8709.42  7.98317
8710.45  10.6758
8711.48  16.5264
8712.51  30.2555
8713.54  15.5868
8714.57  -3.21467
8715.6  3.68049
8716.63  4.18279
8717.66  2.37188
8718.69  19.5988
8719.72  19.2195
8720.75  -6.34252
8721.78  19.6746
8722.81  40.3586
8723.84  14.241
8724.87  10.4022
8725.9  9.02677
8726.93  -21.3506
8727.96  -6.38787
8728.99  40.9412
8730.02  24.8844
8731.05  13.3224
8732.08  25.0482
8733.11  26.6183
8734.14  20.3314
8735.17  0.994794
8736.2  -18.9694
8737.23  -31.1941
8738.26  -5.4616
8739.29  6.7632
8740.32  3.11097
8741.35  11.6763
8742.38  16.7031
8743.41  12.4312
8744.44  5.0622
8745.47  2.27569
8746.5  18.8897
8747.53  24.8053
8748.56  22.4267
8749.59  11.2503
8750.62  8.09687
8751.65  15.0255
8752.68  9.02665
8753.71  5.15285
8754.74  11.535
8755.77  16.0657
8756.8  18.9898
8757.83  17.3729
8758.86  16.5192
8759.89  15.0727
8760.92  5.10283
8761.95  -0.307861
8762.98  2.03468
8764.01  4.56578
8765.04  6.10584
8766.07  2.82082
8767.1  9.03765
8768.13  16.743
8769.16  13.049
8770.19  9.66108
8771.22  7.58379
8772.25  10.7536
8773.28  10.2757
8774.31  2.14516
8775.34  10.8779
8776.37  19.5109
8777.4  13.7728
8778.43  8.6986
8779.46  3.71821
8780.49  -2.53103
8781.52  4.13258
8782.55  21.9737
8783.58  15.8276
8784.61  9.93088
8785.64  13.5362
8786.67  19.3926
8787.7  23.6595
8788.73  19.2379
8789.76  15.354
8790.79  13.5927
8791.82  21.8291
8792.85  27.9934
8793.88  29.7932
8794.91  21.6442
8795.94  15.8304
8796.97  22.0927
8798.  19.805
8799.03  13.9814
8800.06  6.56761
8801.09  1.23578
8802.12  -0.940897
8803.15  6.82181
8804.18  11.0411
8805.21  8.16557
8806.24  -2.95175
8807.27  -7.07247
8808.3  12.6035
8809.33  24.8709
8810.36  29.2372
8811.39  12.403
8812.42  4.07755
8813.45  6.23241
8814.48  23.564
8815.51  31.2112
8816.54  18.8387
8817.57  4.17789
8818.6  -4.70633
8819.63  5.61327
8820.66  18.6861
8821.69  30.6789
8822.72  27.8864
8823.75  22.5476
8824.78  16.6058
8825.81  17.2707
8826.84  19.1568
8827.87  20.7524
8828.9  18.0919
8829.93  13.7697
8830.96  9.20613
8831.99  9.49079
8833.02  11.5613
8834.05  2.45889
8835.08  5.83817
8836.11  24.2115
8837.14  -0.139438
8838.17  -19.8752
8839.2  -4.83411
8840.23  -2.88682
8841.26  -1.61679
8842.29  9.76286
8843.32  20.3709
8844.35  26.4766
8845.38  6.73702
8846.41  -3.94574
8847.44  4.10129
8848.47  10.2443
8849.5  14.3842
8850.53  13.616
8851.56  8.78292
8852.59  2.39539
8853.62  -1.93366
8854.65  2.50927
8855.68  13.1865
8856.71  4.93498
8857.74  7.39739
8858.77  34.5144
8859.8  21.2502
8860.83  1.81911
8861.86  1.34564
8862.89  9.36464
8863.92  17.2247
8864.95  -6.08106
8865.98  -9.8092
8867.01  8.67965
8868.04  -1.32123
8869.07  -10.2619
8870.1  -7.54505
8871.13  10.3089
8872.16  25.3358
8873.19  11.023
8874.22  -2.00647
8875.25  -10.0388
8876.28  9.37475
8877.31  9.94104
8878.34  -16.5884
8879.37  -22.7427
8880.4  -19.8118
8881.43  -5.86129
8882.46  -4.75847
8883.49  -7.59445
8884.52  -7.07181
8885.55  -1.14702
8886.58  7.79082
8887.61  8.89777
8888.64  1.7295
8889.67  -15.3878
8890.7  3.32344
8891.73  18.6028
8892.76  -6.61918
8893.79  0.816664
8894.82  19.8126
8895.85  21.0211
8896.88  22.9079
8897.91  23.4703
8898.94  -8.12169
8899.97  -23.6947
8901.  -1.05059
