       3624.9666  1.14839e-17  7.60167e-18
       3630.4912  2.63351e-18  7.91507e-18
       3636.0159  3.74529e-18  8.41660e-18
       3641.5406  3.23732e-18  8.48692e-18
       3647.0653 -2.61310e-18  8.46798e-18
       3652.5900  1.99282e-18  8.35020e-18
       3658.1147  8.61628e-18  8.17108e-18
       3663.6394  8.40681e-18  7.95740e-18
       3669.1641  9.76676e-19  7.60091e-18
       3674.6888  4.90483e-18  7.33962e-18
       3680.2135  1.44913e-17  7.25459e-18
       3685.7382  1.19915e-18  7.05221e-18
       3691.2629  2.77234e-18  7.05227e-18
       3696.7876 -1.14634e-18  6.95866e-18
       3702.3123  6.75352e-18  7.08060e-18
       3707.8370  6.43667e-18  6.85679e-18
       3713.3617  3.98808e-18  6.85699e-18
       3718.8864  6.02572e-18  6.88496e-18
       3724.4111  4.43450e-18  6.94461e-18
       3729.9358 -2.73844e-18  6.89058e-18
       3735.4605  5.17611e-18  6.87877e-18
       3740.9852  1.69722e-17  7.05071e-18
       3746.5099 -3.03623e-18  6.64486e-18
       3752.0346  3.91977e-18  6.50699e-18
       3757.5593 -1.92030e-18  6.37921e-18
       3763.0840  1.55153e-18  6.16128e-18
       3768.6087 -5.57183e-18  6.12829e-18
       3774.1334  7.04543e-18  6.10488e-18
       3779.6581  8.10863e-18  6.13385e-18
       3785.1827  1.78378e-19  5.98806e-18
       3790.7074  2.33860e-18  5.83335e-18
       3796.2321  5.51906e-18  5.82574e-18
       3801.7568  8.64573e-18  5.71658e-18
       3807.2815  6.49515e-18  5.62168e-18
       3812.8062  1.08077e-17  5.67177e-18
       3818.3309 -2.33624e-18  5.56416e-18
       3823.8556  9.03839e-19  5.59991e-18
       3829.3803  1.35386e-17  5.72439e-18
       3834.9050 -1.17111e-18  5.59992e-18
       3840.4297  6.99573e-18  5.55596e-18
       3845.9544  7.40141e-18  5.44613e-18
       3851.4791  4.90898e-18  5.37532e-18
       3857.0038  4.91475e-18  5.24904e-18
       3862.5285  4.03205e-18  5.11867e-18
       3868.0532  8.31393e-18  5.07964e-18
       3873.5779 -1.67944e-18  4.91932e-18
       3879.1026  7.26875e-18  4.88197e-18
       3884.6273  1.03961e-17  4.87644e-18
       3890.1520  4.14148e-18  4.82999e-18
       3895.6767  4.00446e-18  4.82511e-18
       3901.2014  8.86841e-18  4.94165e-18
       3906.7261  8.63442e-18  5.05574e-18
       3912.2508  1.03370e-17  5.06025e-18
       3917.7755  9.77128e-18  4.99310e-18
       3923.3002  8.69215e-18  4.86702e-18
       3928.8249  6.68907e-18  4.74628e-18
       3934.3495  1.68410e-17  4.81155e-18
       3939.8742  1.10868e-17  4.78495e-18
       3945.3989  6.29124e-18  4.71119e-18
       3950.9236  1.39684e-17  4.79639e-18
       3956.4483  1.18065e-17  4.68056e-18
       3961.9730  1.15200e-17  4.60446e-18
       3967.4977  1.54565e-17  4.62804e-18
       3973.0224  1.60842e-17  4.56426e-18
       3978.5471  2.01046e-17  4.62177e-18
       3984.0718  1.43266e-17  4.56591e-18
       3989.5965  1.96948e-17  4.56368e-18
       3995.1212  1.84565e-17  4.61101e-18
       4000.6459  2.01656e-17  4.61783e-18
       4006.1706  1.99178e-17  4.62153e-18
       4011.6953  2.23359e-17  4.59384e-18
       4017.2200  2.42087e-17  4.63943e-18
       4022.7447  2.68292e-17  4.58474e-18
       4028.2694  2.69563e-17  4.55281e-18
       4033.7941  3.02960e-17  4.56419e-18
       4039.3188  3.33684e-17  4.60802e-18
       4044.8435  3.16516e-17  4.59246e-18
       4050.3682  3.02093e-17  4.60439e-18
       4055.8929  3.11373e-17  4.65720e-18
       4061.4176  2.87595e-17  4.63012e-18
       4066.9423  2.61753e-17  4.57498e-18
       4072.4670  2.91874e-17  4.94862e-18
       4077.9917  3.21537e-17  4.58502e-18
       4083.5163  2.56865e-17  4.47945e-18
       4089.0410  2.49833e-17  4.36767e-18
       4094.5657  2.39561e-17  4.32418e-18
       4100.0904  2.08943e-17  4.21618e-18
       4105.6151  2.41663e-17  4.20485e-18
       4111.1398  1.84585e-17  4.11321e-18
       4116.6645  2.23827e-17  4.14815e-18
       4122.1892  2.01117e-17  4.13112e-18
       4127.7139  2.38581e-17  4.11928e-18
       4133.2386  1.93009e-17  4.05909e-18
       4138.7633  2.22696e-17  4.11323e-18
       4144.2880  1.70688e-17  4.00635e-18
       4149.8127  1.75987e-17  4.01030e-18
       4155.3374  1.90114e-17  4.03506e-18
       4160.8621  2.05887e-17  4.03727e-18
       4166.3868  1.77716e-17  4.01708e-18
       4171.9115  1.47053e-17  4.00980e-18
       4177.4362  1.46227e-17  3.98424e-18
       4182.9609  1.38835e-17  3.92650e-18
       4188.4856  1.45514e-17  3.86145e-18
       4194.0103  1.93888e-17  3.83624e-18
       4199.5350  1.76044e-17  4.17593e-18
       4205.0597  1.27689e-17  3.70470e-18
       4210.5844  2.00148e-17  3.72376e-18
       4216.1091  8.14674e-18  3.57741e-18
       4221.6338  1.19949e-17  3.55156e-18
       4227.1585  1.16695e-17  3.56017e-18
       4232.6832  1.40694e-17  3.51165e-18
       4238.2078  1.36199e-17  3.50461e-18
       4243.7325  1.17582e-17  3.49218e-18
       4249.2572  1.20140e-17  3.46878e-18
       4254.7819  1.22497e-17  3.49166e-18
       4260.3066  1.01581e-17  3.47329e-18
       4265.8313  1.26051e-17  3.52181e-18
       4271.3560  6.49813e-18  3.39670e-18
       4276.8807  9.39668e-18  3.40329e-18
       4282.4054  1.31098e-17  3.42434e-18
       4287.9301  1.43313e-17  3.42597e-18
       4293.4548  1.18496e-17  3.39776e-18
       4298.9795  6.97111e-18  3.33033e-18
       4304.5042  1.14455e-17  3.35996e-18
       4310.0289  1.19823e-17  3.38362e-18
       4315.5536  8.49558e-18  3.34019e-18
       4321.0783  6.25832e-18  3.29721e-18
       4326.6030  9.85851e-18  3.35647e-18
       4332.1277  9.24545e-18  3.32931e-18
       4337.6524  1.06685e-17  3.29430e-18
       4343.1771  8.24325e-18  3.26883e-18
       4348.7018  3.99275e-18  3.25746e-18
       4354.2265  1.17698e-17  3.34250e-18
       4359.7512  1.19362e-17  3.31499e-18
       4365.2759  1.05348e-17  3.29352e-18
       4370.8006  1.25033e-17  3.29278e-18
       4376.3253  1.13371e-17  3.20269e-18
       4381.8500  1.02914e-17  3.21757e-18
       4387.3746  1.00466e-17  3.20217e-18
       4392.8993  1.23418e-17  3.22515e-18
       4398.4240  1.25582e-17  3.27022e-18
       4403.9487  1.58934e-17  3.32996e-18
       4409.4734  1.49633e-17  3.36090e-18
       4414.9981  1.79485e-17  3.40885e-18
       4420.5228  2.07035e-17  3.43947e-18
       4426.0475  2.02556e-17  3.43221e-18
       4431.5722  1.98402e-17  3.40740e-18
       4437.0969  1.31930e-17  3.34778e-18
       4442.6216  1.49770e-17  3.32684e-18
       4448.1463  1.53621e-17  3.33544e-18
       4453.6710  1.67793e-17  3.27813e-18
       4459.1957  1.99798e-17  3.28059e-18
       4464.7204  2.14754e-17  3.28601e-18
       4470.2451  1.74572e-17  3.23235e-18
       4475.7698  1.87194e-17  3.25199e-18
       4481.2945  2.01778e-17  3.24262e-18
       4486.8192  1.89966e-17  3.23255e-18
       4492.3439  1.89350e-17  3.24460e-18
       4497.8686  2.05466e-17  3.24587e-18
       4503.3933  1.69452e-17  3.21889e-18
       4508.9180  1.52330e-17  3.21697e-18
       4514.4427  1.90382e-17  3.25365e-18
       4519.9674  1.52454e-17  3.21841e-18
       4525.4921  1.72721e-17  3.25379e-18
       4531.0168  1.64523e-17  3.25989e-18
       4536.5415  1.43803e-17  3.25590e-18
       4542.0661  1.89261e-17  3.26603e-18
       4547.5908  2.15584e-17  3.31138e-18
       4553.1155  1.88552e-17  3.27283e-18
       4558.6402  1.98021e-17  3.23480e-18
       4564.1649  2.47952e-17  3.27496e-18
       4569.6896  2.54725e-17  3.22750e-18
       4575.2143  1.69495e-17  3.20050e-18
       4580.7390  1.99385e-17  3.20586e-18
       4586.2637  2.44950e-17  3.22780e-18
       4591.7884  2.38568e-17  3.21889e-18
       4597.3131  2.44834e-17  3.21628e-18
       4602.8378  2.60156e-17  3.18754e-18
       4608.3625  2.40958e-17  3.18019e-18
       4613.8872  2.89141e-17  3.18341e-18
       4619.4119  2.76555e-17  3.14569e-18
       4624.9366  2.77313e-17  3.15785e-18
       4630.4613  2.82247e-17  3.17658e-18
       4635.9860  3.38018e-17  3.21235e-18
       4641.5107  3.27119e-17  3.20116e-18
       4647.0354  3.12212e-17  3.16732e-18
       4652.5601  3.37921e-17  3.22850e-18
       4658.0848  3.68049e-17  3.26005e-18
       4663.6095  3.61860e-17  3.25751e-18
       4669.1342  3.99601e-17  3.29238e-18
       4674.6589  4.03663e-17  3.34255e-18
       4680.1836  4.01228e-17  3.32561e-18
       4685.7083  4.41413e-17  3.35022e-18
       4691.2329  4.25286e-17  3.33294e-18
       4696.7576  4.61842e-17  3.33017e-18
       4702.2823  5.03445e-17  3.35534e-18
       4707.8070  4.92437e-17  3.33259e-18
       4713.3317  4.88838e-17  3.33309e-18
       4718.8564  4.95793e-17  3.32167e-18
       4724.3811  4.89999e-17  3.31758e-18
       4729.9058  4.77983e-17  3.31159e-18
       4735.4305  4.89504e-17  3.30245e-18
       4740.9552  4.40848e-17  3.25695e-18
       4746.4799  4.43208e-17  3.23432e-18
       4752.0046  4.35581e-17  3.22788e-18
       4757.5293  4.55015e-17  3.23904e-18
       4763.0540  4.22016e-17  3.19858e-18
       4768.5787  4.04249e-17  3.20460e-18
       4774.1034  4.06010e-17  3.18776e-18
       4779.6281  3.53326e-17  3.15135e-18
       4785.1528  3.54492e-17  3.13414e-18
       4790.6775  3.27172e-17  3.13070e-18
       4796.2022  3.13554e-17  3.09161e-18
       4801.7269  2.85307e-17  3.08638e-18
       4807.2516  2.81292e-17  3.07028e-18
       4812.7763  2.37253e-17  3.06078e-18
       4818.3010  2.17035e-17  3.03510e-18
       4823.8257  2.37381e-17  3.08081e-18
       4829.3504  1.99416e-17  3.04797e-18
       4834.8751  2.06753e-17  3.12632e-18
       4840.3997  1.90306e-17  3.25257e-18
       4845.9244  2.15030e-17  3.20933e-18
       4851.4491  2.11148e-17  3.02690e-18
       4856.9738  2.20303e-17  3.00992e-18
       4862.4985  2.12653e-17  2.97578e-18
       4868.0232  1.87414e-17  2.93960e-18
       4873.5479  1.84068e-17  2.93551e-18
       4879.0726  1.79204e-17  2.91735e-18
       4884.5973  1.98696e-17  2.94571e-18
       4890.1220  1.89498e-17  2.99745e-18
       4895.6467  2.33047e-17  3.58540e-18
       4901.1714  2.03568e-17  3.32870e-18
       4906.6961  2.08666e-17  3.00508e-18
       4912.2208  1.88047e-17  2.93484e-18
       4917.7455  2.22737e-17  2.93493e-18
       4923.2702  1.93437e-17  2.91803e-18
       4928.7949  2.57426e-17  2.96983e-18
       4934.3196  2.33141e-17  2.94107e-18
       4939.8443  2.06733e-17  2.91393e-18
       4945.3690  1.81829e-17  2.89257e-18
       4950.8937  2.20180e-17  2.94658e-18
       4956.4184  2.30125e-17  2.93352e-18
       4961.9431  2.38553e-17  2.94576e-18
       4967.4678  1.89176e-17  2.90490e-18
       4972.9925  2.26311e-17  2.95328e-18
       4978.5172  2.18129e-17  2.96447e-18
       4984.0419  1.93674e-17  2.94818e-18
       4989.5666  2.60561e-17  3.00900e-18
       4995.0912  2.40112e-17  2.97325e-18
       5000.6159  2.34860e-17  2.95583e-18
       5006.1406  2.67125e-17  2.98335e-18
       5011.6653  2.85191e-17  2.98046e-18
       5017.1900  2.84098e-17  2.95757e-18
       5022.7147  3.15640e-17  2.99366e-18
       5028.2394  3.55277e-17  3.02532e-18
       5033.7641  3.64220e-17  3.02855e-18
       5039.2888  3.85829e-17  3.04821e-18
       5044.8135  4.23900e-17  3.07317e-18
       5050.3382  4.58658e-17  3.08305e-18
       5055.8629  4.28640e-17  3.06066e-18
       5061.3876  4.35472e-17  3.06341e-18
       5066.9123  4.28582e-17  3.04644e-18
       5072.4370  4.43850e-17  3.04580e-18
       5077.9617  4.02412e-17  3.02011e-18
       5083.4864  3.50321e-17  2.97279e-18
       5089.0111  3.27986e-17  2.94354e-18
       5094.5358  2.78604e-17  2.88820e-18
       5100.0605  2.40230e-17  2.84838e-18
       5105.5852  2.39501e-17  2.83892e-18
       5111.1099  2.30063e-17  2.79032e-18
       5116.6346  2.04812e-17  2.76744e-18
       5122.1593  1.92979e-17  2.77797e-18
       5127.6840  1.94898e-17  2.77715e-18
       5133.2087  1.74101e-17  2.76496e-18
       5138.7334  2.04805e-17  2.80922e-18
       5144.2580  1.96729e-17  2.80265e-18
       5149.7827  1.85030e-17  2.80078e-18
       5155.3074  2.01286e-17  2.81068e-18
       5160.8321  2.30434e-17  2.80305e-18
       5166.3568  2.05132e-17  2.79073e-18
       5171.8815  2.05389e-17  2.78796e-18
       5177.4062  2.07284e-17  2.79794e-18
       5182.9309  2.42616e-17  2.80663e-18
       5188.4556  2.40242e-17  2.82334e-18
       5193.9803  2.86498e-17  2.86517e-18
       5199.5050  2.67979e-17  2.87453e-18
       5205.0297  2.49426e-17  2.84749e-18
       5210.5544  2.66812e-17  2.87827e-18
       5216.0791  2.21553e-17  2.83504e-18
       5221.6038  2.54078e-17  2.84209e-18
       5227.1285  2.47168e-17  2.84141e-18
       5232.6532  2.61620e-17  2.85568e-18
       5238.1779  2.75050e-17  2.85750e-18
       5243.7026  2.85367e-17  2.84613e-18
       5249.2273  2.76261e-17  2.83731e-18
       5254.7520  2.61055e-17  2.80012e-18
       5260.2767  2.52371e-17  2.81188e-18
       5265.8014  2.65063e-17  2.80808e-18
       5271.3261  2.76632e-17  2.81549e-18
       5276.8508  2.80108e-17  2.83983e-18
       5282.3755  2.92445e-17  2.82090e-18
       5287.9002  2.66895e-17  2.82494e-18
       5293.4249  2.84793e-17  2.85956e-18
       5298.9495  2.73676e-17  2.83994e-18
       5304.4742  2.66832e-17  2.85704e-18
       5309.9989  3.04681e-17  2.90093e-18
       5315.5236  2.93878e-17  2.90698e-18
       5321.0483  2.86090e-17  2.88779e-18
       5326.5730  3.00267e-17  2.92214e-18
       5332.0977  3.05907e-17  2.92108e-18
       5337.6224  3.34030e-17  2.93866e-18
       5343.1471  3.40974e-17  2.95758e-18
       5348.6718  3.24509e-17  2.93064e-18
       5354.1965  3.59188e-17  2.95201e-18
       5359.7212  3.73511e-17  2.97181e-18
       5365.2459  3.54792e-17  2.96304e-18
       5370.7706  3.77063e-17  2.98889e-18
       5376.2953  3.45518e-17  2.96410e-18
       5381.8200  3.99165e-17  2.99335e-18
       5387.3447  4.27976e-17  3.01789e-18
       5392.8694  3.64210e-17  2.95692e-18
       5398.3941  3.99585e-17  2.98440e-18
       5403.9188  4.21330e-17  3.00383e-18
       5409.4435  4.04749e-17  2.96585e-18
       5414.9682  4.08318e-17  2.97217e-18
       5420.4929  4.10758e-17  2.98505e-18
       5426.0176  4.15248e-17  2.97045e-18
       5431.5423  4.28711e-17  2.99942e-18
       5437.0670  4.15352e-17  3.00377e-18
       5442.5917  4.21170e-17  2.99614e-18
       5448.1163  4.38765e-17  3.01904e-18
       5453.6410  4.75013e-17  3.06107e-18
       5459.1657  4.57301e-17  3.05819e-18
       5464.6904  4.72561e-17  3.06096e-18
       5470.2151  4.68875e-17  3.05853e-18
       5475.7398  4.70311e-17  3.05888e-18
       5481.2645  4.84828e-17  3.05472e-18
       5486.7892  4.57082e-17  3.01365e-18
       5492.3139  4.15115e-17  2.99637e-18
       5497.8386  4.18203e-17  3.01597e-18
       5503.3633  4.29817e-17  3.02100e-18
       5508.8880  4.01291e-17  3.00130e-18
       5514.4127  4.10293e-17  3.01956e-18
       5519.9374  4.05126e-17  3.00585e-18
       5525.4621  4.22264e-17  3.01870e-18
       5530.9868  4.50255e-17  3.06059e-18
       5536.5115  4.22127e-17  3.05918e-18
       5542.0362  4.32333e-17  3.05837e-18
       5547.5609  4.71326e-17  3.12392e-18
       5553.0856  4.61952e-17  3.03163e-18
       5558.6103  4.99411e-17  4.00492e-18
       5564.1350  4.99855e-17  5.61166e-18
       5569.6597  5.22499e-17  6.19432e-18
       5575.1844  5.62548e-17  6.17819e-18
       5580.7091  5.70743e-17  6.17949e-18
       5586.2338  5.57696e-17  6.25697e-18
       5591.7585  5.63093e-17  5.34097e-18
       5597.2831  6.18148e-17  3.67486e-18
       5602.8078  6.35463e-17  3.26331e-18
       5608.3325  6.38192e-17  3.30179e-18
       5613.8572  6.47783e-17  3.28302e-18
       5619.3819  6.42941e-17  3.28456e-18
       5624.9066  6.74022e-17  3.30408e-18
       5630.4313  6.58176e-17  3.29567e-18
       5635.9560  6.60416e-17  3.28650e-18
       5641.4807  6.41566e-17  3.27351e-18
       5647.0054  6.52275e-17  3.27294e-18
       5652.5301  6.48476e-17  3.28449e-18
       5658.0548  6.27507e-17  3.25767e-18
       5663.5795  6.23189e-17  3.25745e-18
       5669.1042  6.00028e-17  3.26519e-18
       5674.6289  5.94018e-17  3.26694e-18
       5680.1536  5.49789e-17  3.25534e-18
       5685.6783  5.52041e-17  3.25973e-18
       5691.2030  5.61283e-17  3.26128e-18
       5696.7277  5.19945e-17  3.22731e-18
       5702.2524  5.05241e-17  3.21460e-18
       5707.7771  4.73701e-17  3.14638e-18
       5713.3018  4.60313e-17  3.10222e-18
       5718.8265  4.36559e-17  3.07630e-18
       5724.3512  4.45669e-17  3.05360e-18
       5729.8759  3.54880e-17  3.03735e-18
       5735.4006  3.42854e-17  3.03979e-18
       5740.9253  4.42250e-17  3.05990e-18
       5746.4500  4.09964e-17  3.03161e-18
       5751.9746  4.02921e-17  3.02604e-18
       5757.4993  3.81376e-17  3.01658e-18
       5763.0240  3.96929e-17  3.02760e-18
       5768.5487  3.75185e-17  3.01433e-18
       5774.0734  3.53123e-17  2.98052e-18
       5779.5981  3.67943e-17  3.00223e-18
       5785.1228  3.85245e-17  3.00952e-18
       5790.6475  3.79911e-17  3.00055e-18
       5796.1722  3.72949e-17  2.99320e-18
       5801.6969  3.39561e-17  2.96285e-18
       5807.2216  3.07300e-17  2.93875e-18
       5812.7463  3.07419e-17  2.94986e-18
       5818.2710  3.12708e-17  2.94921e-18
       5823.7957  2.88382e-17  2.94454e-18
       5829.3204  3.27495e-17  2.98119e-18
       5834.8451  3.12781e-17  2.95888e-18
       5840.3698  2.89573e-17  2.93816e-18
       5845.8945  2.97409e-17  2.94309e-18
       5851.4192  2.66125e-17  2.98060e-18
       5856.9439  2.67498e-17  3.01621e-18
       5862.4686  2.73985e-17  3.01399e-18
       5867.9933  2.91677e-17  3.05079e-18
       5873.5180  2.74393e-17  3.16447e-18
       5879.0427  2.77080e-17  3.31862e-18
       5884.5674  3.09707e-17  3.34368e-18
       5890.0921  2.71185e-17  3.29492e-18
       5895.6168  2.73021e-17  3.30599e-18
       5901.1414  3.05865e-17  3.34692e-18
       5906.6661  2.77344e-17  3.17868e-18
       5912.1908  2.71873e-17  3.08765e-18
       5917.7155  2.97414e-17  3.09773e-18
       5923.2402  3.31776e-17  3.13362e-18
       5928.7649  3.13535e-17  3.12391e-18
       5934.2896  3.25017e-17  3.09825e-18
       5939.8143  3.18586e-17  3.12808e-18
       5945.3390  3.45718e-17  3.13761e-18
       5950.8637  3.28751e-17  3.07857e-18
       5956.3884  3.27400e-17  3.08950e-18
       5961.9131  3.47619e-17  3.10452e-18
       5967.4378  3.72566e-17  3.11575e-18
       5972.9625  3.22078e-17  3.03155e-18
       5978.4872  3.70560e-17  3.05680e-18
       5984.0119  3.72193e-17  3.04297e-18
       5989.5366  3.61880e-17  3.05355e-18
       5995.0613  3.62291e-17  3.01640e-18
       6000.5860  3.39645e-17  2.99686e-18
       6006.1107  3.51402e-17  2.99462e-18
       6011.6354  3.42046e-17  2.99748e-18
       6017.1601  3.43343e-17  2.98248e-18
       6022.6848  3.09995e-17  2.95489e-18
       6028.2095  3.27507e-17  2.97880e-18
       6033.7342  3.08846e-17  2.96891e-18
       6039.2589  3.56956e-17  2.98378e-18
       6044.7836  3.21111e-17  2.94852e-18
       6050.3083  3.31967e-17  2.95417e-18
       6055.8329  3.39267e-17  3.43571e-18
       6061.3576  3.01656e-17  3.27022e-18
       6066.8823  2.94164e-17  2.91089e-18
       6072.4070  3.44781e-17  2.93712e-18
       6077.9317  3.33285e-17  2.94182e-18
       6083.4564  3.12438e-17  2.90619e-18
       6088.9811  2.97339e-17  2.87671e-18
       6094.5058  3.34087e-17  2.91848e-18
       6100.0305  3.53687e-17  2.93355e-18
       6105.5552  3.00510e-17  2.88648e-18
       6111.0799  2.78545e-17  2.85779e-18
       6116.6046  3.02398e-17  2.87727e-18
       6122.1293  3.05882e-17  2.89402e-18
       6127.6540  2.73875e-17  2.88503e-18
       6133.1787  3.06580e-17  2.91028e-18
       6138.7034  3.15489e-17  2.91430e-18
       6144.2281  3.02120e-17  2.93065e-18
       6149.7528  2.92056e-17  2.91300e-18
       6155.2775  3.03812e-17  2.92276e-18
       6160.8022  2.97141e-17  2.91128e-18
       6166.3269  2.83922e-17  2.90443e-18
       6171.8516  3.07540e-17  2.93317e-18
       6177.3763  2.78505e-17  2.89667e-18
       6182.9010  2.90186e-17  2.88934e-18
       6188.4257  3.25665e-17  2.90473e-18
       6193.9504  3.14686e-17  2.89578e-18
       6199.4751  3.12229e-17  2.89510e-18
       6204.9997  3.10824e-17  2.90271e-18
       6210.5244  2.85417e-17  2.89204e-18
       6216.0491  2.92376e-17  2.92299e-18
       6221.5738  2.85766e-17  2.99925e-18
       6227.0985  2.79873e-17  3.03662e-18
       6232.6232  2.97405e-17  3.03428e-18
       6238.1479  2.61990e-17  3.04092e-18
       6243.6726  2.79092e-17  3.10540e-18
       6249.1973  3.09406e-17  3.13046e-18
       6254.7220  2.83044e-17  3.03307e-18
       6260.2467  2.97303e-17  3.00699e-18
       6265.7714  2.86756e-17  2.98632e-18
       6271.2961  2.68934e-17  2.98071e-18
       6276.8208  2.82686e-17  2.98103e-18
       6282.3455  2.63617e-17  3.27300e-18
       6287.8702  3.06518e-17  3.67254e-18
       6293.3949  2.77568e-17  3.72811e-18
       6298.9196  2.99385e-17  3.76086e-18
       6304.4443  3.47752e-17  3.73690e-18
       6309.9690  1.06865e-17  4.12981e-18
       6315.4937  2.45394e-17  3.37096e-18
       6321.0184  3.20166e-17  2.99763e-18
       6326.5431  3.07778e-17  2.91688e-18
       6332.0678  2.79697e-17  2.92592e-18
       6337.5925  2.68254e-17  2.90861e-18
       6343.1172  2.48384e-17  2.92192e-18
       6348.6419  2.66149e-17  3.07321e-18
       6354.1665  2.82881e-17  3.12823e-18
       6359.6912  2.70620e-17  3.10673e-18
       6365.2159  2.44228e-17  3.09293e-18
       6370.7406  2.87857e-17  3.11437e-18
       6376.2653  3.09243e-17  3.03422e-18
       6381.7900  3.01755e-17  2.89430e-18
       6387.3147  2.94019e-17  2.82868e-18
       6392.8394  3.21911e-17  2.85141e-18
       6398.3641  3.27143e-17  2.85377e-18
       6403.8888  3.17734e-17  2.83361e-18
       6409.4135  3.09106e-17  2.81222e-18
       6414.9382  3.26388e-17  2.82369e-18
       6420.4629  3.31193e-17  2.83471e-18
       6425.9876  3.18434e-17  2.81086e-18
       6431.5123  3.32326e-17  2.82601e-18
       6437.0370  3.24380e-17  2.82504e-18
       6442.5617  3.26811e-17  2.81935e-18
       6448.0864  3.30909e-17  2.86305e-18
       6453.6111  3.31511e-17  2.92040e-18
       6459.1358  3.41613e-17  2.96361e-18
       6464.6605  3.33267e-17  2.95789e-18
       6470.1852  3.40527e-17  2.94322e-18
       6475.7099  3.25403e-17  2.93260e-18
       6481.2346  3.26287e-17  2.95387e-18
       6486.7593  3.31318e-17  2.98482e-18
       6492.2840  3.53720e-17  2.98457e-18
       6497.8087  3.71599e-17  3.00159e-18
       6503.3334  3.59009e-17  2.99768e-18
       6508.8580  3.45474e-17  2.98783e-18
       6514.3827  3.66418e-17  3.00192e-18
       6519.9074  3.55681e-17  2.96495e-18
       6525.4321  3.96899e-17  3.01479e-18
       6530.9568  3.90413e-17  3.01783e-18
       6536.4815  3.79383e-17  3.06343e-18
       6542.0062  3.78567e-17  3.08337e-18
       6547.5309  3.69943e-17  3.08173e-18
       6553.0556  4.10221e-17  3.10561e-18
       6558.5803  4.33043e-17  3.12893e-18
       6564.1050  4.36563e-17  3.15301e-18
       6569.6297  4.30681e-17  3.08457e-18
       6575.1544  4.39840e-17  3.06468e-18
       6580.6791  4.49341e-17  3.04921e-18
       6586.2038  4.58695e-17  3.03424e-18
       6591.7285  4.61084e-17  3.03287e-18
       6597.2532  4.58400e-17  2.98554e-18
       6602.7779  4.91993e-17  3.00474e-18
       6608.3026  4.72597e-17  2.97978e-18
       6613.8273  4.84590e-17  2.99532e-18
       6619.3520  4.93977e-17  2.99244e-18
       6624.8767  4.88901e-17  2.95019e-18
       6630.4014  4.73525e-17  2.94811e-18
       6635.9261  4.76815e-17  2.95453e-18
       6641.4508  4.62231e-17  2.95611e-18
       6646.9755  4.55897e-17  2.93870e-18
       6652.5002  4.59892e-17  2.94501e-18
       6658.0248  4.65988e-17  2.96402e-18
       6663.5495  4.23813e-17  2.91842e-18
       6669.0742  3.91764e-17  2.89142e-18
       6674.5989  4.09760e-17  2.90149e-18
       6680.1236  3.89886e-17  2.91113e-18
       6685.6483  3.62260e-17  2.87789e-18
       6691.1730  3.72859e-17  2.84081e-18
       6696.6977  3.34664e-17  2.80932e-18
       6702.2224  3.75747e-17  2.82965e-18
       6707.7471  3.39648e-17  2.78768e-18
       6713.2718  3.35631e-17  2.78760e-18
       6718.7965  2.99209e-17  2.74297e-18
       6724.3212  3.06119e-17  2.71354e-18
       6729.8459  3.02334e-17  2.72907e-18
       6735.3706  2.88493e-17  2.72270e-18
       6740.8953  2.26998e-17  2.64992e-18
       6746.4200  2.70082e-17  2.68984e-18
       6751.9447  2.25547e-17  2.64085e-18
       6757.4694  2.21039e-17  2.62594e-18
       6762.9941  2.51697e-17  2.64912e-18
       6768.5188  2.11425e-17  2.61418e-18
       6774.0435  1.97080e-17  2.57886e-18
       6779.5682  2.19984e-17  2.61405e-18
       6785.0929  1.77703e-17  2.62826e-18
       6790.6176  1.95504e-17  2.74589e-18
       6796.1423  1.94377e-17  2.75229e-18
       6801.6670  1.90309e-17  2.67383e-18
       6807.1917  2.01355e-17  2.61608e-18
       6812.7163  2.02028e-17  2.76963e-18
       6818.2410  1.91398e-17  2.90268e-18
       6823.7657  1.71483e-17  2.96394e-18
       6829.2904  1.66275e-17  2.99223e-18
       6834.8151  1.69797e-17  3.00159e-18
       6840.3398  1.67225e-17  2.97210e-18
       6845.8645  1.85547e-17  2.95768e-18
       6851.3892  1.72943e-17  2.95783e-18
       6856.9139  1.72740e-17  2.88582e-18
       6862.4386  1.59350e-17  2.84049e-18
       6867.9633  1.39191e-17  2.84717e-18
       6873.4880  1.34065e-17  2.81838e-18
       6879.0127  1.50552e-17  2.71657e-18
       6884.5374  1.49030e-17  2.55429e-18
       6890.0621  1.54849e-17  2.59326e-18
       6895.5868  1.83596e-17  2.62555e-18
       6901.1115  1.33657e-17  2.61278e-18
       6906.6362  1.53070e-17  2.68858e-18
       6912.1609  1.85284e-17  2.77174e-18
       6917.6856  1.78094e-17  2.74351e-18
       6923.2103  1.46451e-17  2.75467e-18
       6928.7350  1.75359e-17  2.76944e-18
       6934.2597  1.83237e-17  2.84770e-18
       6939.7844  1.71271e-17  2.81516e-18
       6945.3091  1.78236e-17  2.78191e-18
       6950.8338  1.64915e-17  2.78324e-18
       6956.3585  1.70187e-17  2.77851e-18
       6961.8831  1.76524e-17  2.79150e-18
       6967.4078  1.92639e-17  2.75349e-18
       6972.9325  1.67826e-17  2.69070e-18
       6978.4572  1.36547e-17  2.65567e-18
       6983.9819  1.61106e-17  2.66501e-18
       6989.5066  1.42223e-17  2.63083e-18
       6995.0313  1.13971e-17  2.57270e-18
       7000.5560  1.46736e-17  2.56655e-18
       7006.0807  1.49098e-17  2.55168e-18
       7011.6054  1.42399e-17  2.54771e-18
       7017.1301  1.62500e-17  2.54628e-18
       7022.6548  1.35795e-17  2.50479e-18
       7028.1795  1.19702e-17  2.46840e-18
       7033.7042  1.21399e-17  2.47006e-18
       7039.2289  1.40929e-17  2.53079e-18
       7044.7536  1.59912e-17  2.55572e-18
       7050.2783  1.50026e-17  2.56565e-18
       7055.8030  1.27591e-17  2.55996e-18
       7061.3277  1.43649e-17  2.57814e-18
       7066.8524  1.41159e-17  2.54661e-18
       7072.3771  1.44617e-17  2.53561e-18
       7077.9018  1.63046e-17  2.57238e-18
       7083.4265  1.61444e-17  2.55321e-18
       7088.9512  1.80057e-17  2.58060e-18
       7094.4759  1.48358e-17  2.52576e-18
       7100.0006  1.87212e-17  2.55094e-18
       7105.5253  1.89577e-17  2.53862e-18
       7111.0499  1.75653e-17  2.51482e-18
       7116.5746  1.96595e-17  2.56156e-18
       7122.0993  2.24191e-17  2.60220e-18
       7127.6240  2.07175e-17  2.59708e-18
       7133.1487  2.10792e-17  2.61138e-18
       7138.6734  2.10260e-17  2.67698e-18
       7144.1981  2.08932e-17  2.75087e-18
       7149.7228  2.18722e-17  2.73528e-18
       7155.2475  2.22951e-17  2.65896e-18
       7160.7722  2.51297e-17  2.67367e-18
       7166.2969  2.49835e-17  2.62921e-18
       7171.8216  2.50357e-17  2.61233e-18
       7177.3463  2.66285e-17  2.59828e-18
       7182.8710  2.45198e-17  2.54814e-18
       7188.3957  2.28305e-17  2.52721e-18
       7193.9204  2.74696e-17  2.55639e-18
       7199.4451  2.52361e-17  2.56357e-18
       7204.9698  2.50738e-17  2.55290e-18
       7210.4945  2.60682e-17  2.57657e-18
       7216.0192  2.77340e-17  2.63962e-18
       7221.5439  2.66607e-17  2.73810e-18
       7227.0686  2.93558e-17  3.10652e-18
       7232.5933  2.98811e-17  3.37637e-18
       7238.1180  2.58943e-17  3.41626e-18
       7243.6427  2.91901e-17  3.47710e-18
       7249.1674  2.79925e-17  3.47620e-18
       7254.6921  3.05300e-17  3.41450e-18
       7260.2168  2.91541e-17  3.35880e-18
       7265.7414  2.92247e-17  3.37332e-18
       7271.2661  3.19175e-17  3.47221e-18
       7276.7908  3.12549e-17  3.51094e-18
       7282.3155  2.90422e-17  3.52205e-18
       7287.8402  3.31764e-17  3.60648e-18
       7293.3649  3.19389e-17  3.36946e-18
       7298.8896  2.90362e-17  3.25786e-18
       7304.4143  3.36866e-17  3.38509e-18
       7309.9390  3.18533e-17  3.39384e-18
       7315.4637  3.34891e-17  3.45701e-18
       7320.9884  3.67165e-17  3.56771e-18
       7326.5131  3.61059e-17  3.74432e-18
       7332.0378  3.85843e-17  3.77945e-18
       7337.5625  4.15661e-17  3.60493e-18
       7343.0872  4.31271e-17  3.63727e-18
       7348.6119  4.61020e-17  3.69357e-18
       7354.1366  4.48109e-17  3.73489e-18
       7359.6613  4.29951e-17  3.58516e-18
       7365.1860  4.84615e-17  3.51770e-18
       7370.7107  5.07708e-17  3.52472e-18
       7376.2354  5.01067e-17  3.48890e-18
       7381.7601  4.90468e-17  3.47601e-18
       7387.2848  4.84419e-17  3.38983e-18
       7392.8095  5.34293e-17  3.39488e-18
       7398.3342  4.88247e-17  3.35772e-18
       7403.8589  4.87207e-17  3.35790e-18
       7409.3836  5.02568e-17  3.41360e-18
       7414.9082  5.00049e-17  3.39103e-18
       7420.4329  5.18145e-17  3.28442e-18
       7425.9576  5.12919e-17  3.17191e-18
       7431.4823  4.64290e-17  3.16409e-18
       7437.0070  4.69848e-17  3.16453e-18
       7442.5317  4.42109e-17  3.12862e-18
       7448.0564  4.09799e-17  3.09551e-18
       7453.5811  4.59339e-17  3.12174e-18
       7459.1058  4.43714e-17  3.14943e-18
       7464.6305  4.44623e-17  3.23649e-18
       7470.1552  4.40837e-17  3.33135e-18
       7475.6799  3.94255e-17  3.33940e-18
       7481.2046  3.83338e-17  3.32188e-18
       7486.7293  3.88751e-17  3.29061e-18
       7492.2540  3.84046e-17  3.20677e-18
       7497.7787  3.44670e-17  3.06141e-18
       7503.3034  2.96583e-17  2.93678e-18
       7508.8281  2.95251e-17  3.06631e-18
       7514.3528  3.04121e-17  3.27804e-18
       7519.8775  2.56513e-17  3.30507e-18
       7525.4022  2.74780e-17  3.35881e-18
       7530.9269  2.57860e-17  3.34285e-18
       7536.4516  2.16477e-17  3.31434e-18
       7541.9763  2.26470e-17  3.11734e-18
       7547.5010  2.22683e-17  2.94588e-18
       7553.0257  1.96962e-17  2.92034e-18
       7558.5504  1.90399e-17  3.08457e-18
       7564.0751  2.19507e-17  3.17479e-18
       7569.5997  2.35575e-17  3.20676e-18
       7575.1244  2.11918e-17  3.19185e-18
       7580.6491  2.13984e-17  3.19917e-18
       7586.1738  2.61094e-17  3.14226e-18
       7591.6985  2.82119e-17  2.91187e-18
       7597.2232  3.07085e-17  2.69981e-18
       7602.7479  3.04694e-17  2.60195e-18
       7608.2726  3.00902e-17  2.56845e-18
       7613.7973  2.06716e-17  2.53486e-18
       7619.3220  1.53872e-17  2.51660e-18
       7624.8467  1.73714e-17  2.56303e-18
       7630.3714  2.24465e-17  2.62536e-18
       7635.8961  2.53339e-17  2.64988e-18
       7641.4208  1.92463e-17  2.60026e-18
       7646.9455  1.84363e-17  2.65604e-18
       7652.4702  2.15314e-17  2.74765e-18
       7657.9949  2.42160e-17  2.80835e-18
       7663.5196  2.74794e-17  2.89361e-18
       7669.0443  2.35129e-17  2.90690e-18
       7674.5690  2.60888e-17  2.94080e-18
       7680.0937  2.38763e-17  2.93183e-18
       7685.6184  2.48587e-17  2.95541e-18
       7691.1431  2.88801e-17  3.02876e-18
       7696.6678  2.67926e-17  3.23442e-18
       7702.1925  2.27588e-17  3.69557e-18
       7707.7172  2.07094e-17  3.96318e-18
       7713.2419  2.32939e-17  4.08053e-18
       7718.7665  2.25456e-17  4.08994e-18
       7724.2912  2.45141e-17  4.11990e-18
       7729.8159  2.57669e-17  3.92708e-18
       7735.3406  2.32509e-17  3.76928e-18
       7740.8653  2.00921e-17  3.82552e-18
       7746.3900  2.06679e-17  3.92759e-18
       7751.9147  2.18912e-17  3.96789e-18
       7757.4394  2.43668e-17  4.00145e-18
       7762.9641  2.53434e-17  4.07249e-18
       7768.4888  2.23556e-17  3.85853e-18
       7774.0135  2.46221e-17  3.52779e-18
       7779.5382  2.54702e-17  3.65145e-18
       7785.0629  2.95229e-17  3.85895e-18
       7790.5876  2.91877e-17  3.85795e-18
       7796.1123  2.05990e-17  3.88442e-18
       7801.6370  1.51229e-17  3.95698e-18
       7807.1617  3.30455e-17  4.20318e-18
       7812.6864  2.49619e-17  4.16332e-18
       7818.2111  2.96021e-17  4.04441e-18
       7823.7358  3.04982e-17  4.03225e-18
       7829.2605  2.51036e-17  3.99841e-18
       7834.7852  3.33179e-17  4.14900e-18
       7840.3099  3.49937e-17  4.21700e-18
       7845.8346  3.19452e-17  4.34171e-18
       7851.3593  2.85110e-17  4.48837e-18
       7856.8840  3.53881e-17  4.75457e-18
       7862.4087  3.75639e-17  4.88162e-18
       7867.9333  3.60876e-17  4.88994e-18
       7873.4580  3.28322e-17  4.71635e-18
       7878.9827  3.37367e-17  4.60791e-18
       7884.5074  3.27215e-17  4.54488e-18
       7890.0321  3.20317e-17  4.34384e-18
       7895.5568  3.55893e-17  4.35501e-18
       7901.0815  3.11000e-17  4.72499e-18
       7906.6062  3.04675e-17  5.01602e-18
       7912.1309  2.89559e-17  5.02343e-18
       7917.6556  2.86778e-17  5.11111e-18
       7923.1803  3.31682e-17  5.30348e-18
       7928.7050  2.36399e-17  5.10978e-18
       7934.2297  2.56100e-17  4.64701e-18
       7939.7544  2.73174e-17  4.90206e-18
       7945.2791  5.50313e-17  4.68105e-18
       7950.8038  5.34179e-17  9.11522e-18
       7956.3285  3.12790e-17  4.73369e-18
       7961.8532  2.31578e-17  4.66853e-18
       7967.3779  1.97407e-17  4.71235e-18
       7972.9026  1.99863e-17  4.72196e-18
       7978.4273  1.53244e-17  4.95748e-18
       7983.9520  1.71513e-17  4.95425e-18
       7989.4767  1.28457e-17  4.72455e-18
       7995.0014  1.15491e-17  4.62259e-18
       8000.5261  1.47726e-17  4.53204e-18
       8006.0508  1.64547e-17  4.60630e-18
       8011.5755  1.49045e-17  4.47820e-18
       8017.1002  1.26293e-17  4.24525e-18
       8022.6248  7.45190e-18  4.20801e-18
       8028.1495  8.36546e-18  4.20399e-18
       8033.6742  8.98239e-18  4.10205e-18
       8039.1989  4.81836e-18  3.96391e-18
       8044.7236  8.66836e-18  3.80360e-18
       8050.2483  1.08223e-17  3.65523e-18
       8055.7730  6.61774e-18  3.59148e-18
       8061.2977  5.00403e-18  3.54956e-18
       8066.8224  5.38512e-18  3.53940e-18
       8072.3471  7.40873e-18  3.46454e-18
       8077.8718  4.44889e-18  3.33546e-18
       8083.3965  5.70234e-18  3.15232e-18
       8088.9212  5.76232e-18  3.10314e-18
       8094.4459  2.73434e-18  3.11197e-18
       8099.9706  5.21847e-18  3.10875e-18
       8105.4953  3.70879e-18  3.04103e-18
       8111.0200  4.69632e-18  3.03335e-18
       8116.5447  4.32101e-18  2.96065e-18
       8122.0694  2.15298e-18  2.85370e-18
       8127.5941  4.22912e-18  2.81331e-18
       8133.1188  1.39433e-18  2.81227e-18
       8138.6435  2.81810e-18  2.84152e-18
       8144.1682  5.07950e-18  2.85434e-18
       8149.6929  7.27750e-18  2.84569e-18
       8155.2176  5.23040e-18  2.82896e-18
       8160.7423  2.42456e-18  2.78900e-18
       8166.2670  4.22153e-18  2.76535e-18
       8171.7916  4.35035e-18  2.76452e-18
       8177.3163  3.51500e-18  2.82771e-18
       8182.8410  4.68477e-18  2.89646e-18
       8188.3657  5.54857e-18  2.92319e-18
       8193.8904  6.34425e-18  2.97042e-18
       8199.4151  3.70849e-18  2.99399e-18
       8204.9398  4.99592e-18  3.02177e-18
       8210.4645  8.33433e-18  3.09616e-18
       8215.9892  8.10956e-18  3.11091e-18
       8221.5139  6.61321e-18  3.02439e-18
       8227.0386 -1.12291e-17  3.22572e-18
       8232.5633  1.87347e-18  1.81408e-18
       8238.0880  6.17072e-18  3.10701e-18
       8243.6127  2.44246e-18  3.18699e-18
       8249.1374  4.71685e-18  3.24968e-18
       8254.6621  5.99994e-18  3.31896e-18
       8260.1868  5.12321e-18  3.35666e-18
       8265.7115  5.89561e-18  3.58121e-18
       8271.2362  7.30838e-18  3.99309e-18
       8276.7609  1.10632e-17  4.56274e-18
       8282.2856  1.12937e-17  5.06954e-18
       8287.8103  9.48579e-18  5.51290e-18
       8293.3350  1.83517e-17  5.76929e-18
       8298.8597  5.74021e-18  5.67697e-18
       8304.3844  1.35434e-17  5.45315e-18
       8309.9091  1.49812e-17  5.13335e-18
       8315.4338  1.00339e-18  4.61163e-18
       8320.9585  4.80324e-18  4.06869e-18
       8326.4831  4.19698e-18  4.17550e-18
       8332.0078 -5.28828e-19  4.98839e-18
       8337.5325 -4.75559e-18  5.64336e-18
       8343.0572 -9.87763e-18  5.93617e-18
       8348.5819 -3.91562e-19  6.01003e-18
       8354.1066 -3.33309e-18  6.18460e-18
       8359.6313  2.88970e-19  5.93125e-18
       8365.1560 -1.00123e-18  5.12344e-18
       8370.6807 -3.68816e-18  4.70219e-18
       8376.2054 -2.57252e-18  4.34358e-18
       8381.7301  2.79391e-18  4.38533e-18
       8387.2548  5.93295e-18  5.00089e-18
       8392.7795  5.71108e-18  5.30206e-18
       8398.3042  1.26074e-17  5.38904e-18
       8403.8289  4.55360e-18  5.31347e-18
       8409.3536  1.00875e-17  5.34483e-18
       8414.8783  6.07003e-18  5.49476e-18
       8420.4030 -2.22453e-18  5.34091e-18
       8425.9277  6.83352e-18  5.31102e-18
       8431.4524  1.79015e-18  5.22542e-18
       8436.9771  7.13398e-18  5.14081e-18
       8442.5018  2.35748e-18  5.17068e-18
       8448.0265  4.24682e-18  4.87664e-18
       8453.5512  2.41505e-18  4.66400e-18
       8459.0759 -1.81587e-19  4.73923e-18
       8464.6006 -1.92105e-18  4.79007e-18
       8470.1253  2.65860e-18  4.67167e-18
       8475.6499  3.67668e-18  4.58864e-18
       8481.1746  3.63159e-18  4.40247e-18
       8486.6993  6.56547e-18  4.10547e-18
       8492.2240  1.76618e-18  4.06992e-18
       8497.7487  7.76509e-19  4.20231e-18
       8503.2734  4.51401e-18  4.31464e-18
       8508.7981  6.98493e-18  4.32833e-18
       8514.3228  6.72214e-18  4.22288e-18
       8519.8475  7.77427e-18  4.07320e-18
       8525.3722  8.68556e-18  3.79403e-18
       8530.8969  8.16993e-18  3.76280e-18
       8536.4216  3.06525e-18  3.87243e-18
       8541.9463  6.15057e-18  4.02838e-18
       8547.4710  5.30554e-18  4.05461e-18
       8552.9957  8.52148e-18  4.12549e-18
       8558.5204  8.11751e-18  4.01271e-18
       8564.0451  1.28080e-17  4.02238e-18
       8569.5698  6.14959e-18  3.80613e-18
       8575.0945  9.61359e-18  3.83121e-18
       8580.6192  1.22508e-17  3.94673e-18
       8586.1439  1.42305e-17  4.07422e-18
       8591.6686  1.24073e-17  4.07366e-18
       8597.1933  1.47707e-17  4.14582e-18
       8602.7180  1.39730e-17  4.23886e-18
       8608.2427  1.59451e-17  4.57201e-18
       8613.7674  1.50369e-17  5.04435e-18
       8619.2921  1.51450e-17  5.52825e-18
       8624.8167  2.07721e-17  5.89227e-18
       8630.3414  2.31420e-17  6.04323e-18
       8635.8661  2.44499e-17  6.08591e-18
       8641.3908  2.70728e-17  6.11653e-18
       8646.9155  2.52779e-17  6.11718e-18
       8652.4402  2.92134e-17  6.19520e-18
       8657.9649  3.41796e-17  6.35070e-18
       8663.4896  3.39294e-17  6.43278e-18
       8669.0143  3.87574e-17  6.37638e-18
       8674.5390  3.92882e-17  6.13939e-18
       8680.0637  4.09911e-17  5.77635e-18
       8685.5884  4.12940e-17  5.41798e-18
       8691.1131  3.96854e-17  5.16375e-18
       8696.6378  5.12936e-17  5.07997e-18
       8702.1625  5.34875e-17  4.98873e-18
       8707.6872  5.86876e-17  4.96287e-18
       8713.2119  5.97315e-17  4.93154e-18
       8718.7366  6.14521e-17  4.90153e-18
       8724.2613  6.54750e-17  4.92931e-18
       8729.7860  6.32097e-17  4.92561e-18
       8735.3107  6.75118e-17  5.02084e-18
       8740.8354  7.40514e-17  5.20856e-18
       8746.3601  7.80124e-17  5.69709e-18
       8751.8848  8.82643e-17  6.39668e-18
       8757.4095  8.11775e-17  6.87749e-18
       8762.9342  8.17986e-17  7.55923e-18
       8768.4589  8.17624e-17  8.06433e-18
       8773.9836  8.60152e-17  8.27607e-18
       8779.5082  9.75811e-17  8.11243e-18
       8785.0329  9.94569e-17  7.64114e-18
       8790.5576  9.62929e-17  7.11750e-18
       8796.0823  9.51478e-17  6.48141e-18
       8801.6070  9.71257e-17  5.96405e-18
       8807.1317  1.03789e-16  6.34887e-18
       8812.6564  1.11997e-16  7.38090e-18
       8818.1811  1.13405e-16  8.21352e-18
       8823.7058  1.09109e-16  8.56311e-18
       8829.2305  1.02326e-16  8.65727e-18
       8834.7552  9.57304e-17  8.77674e-18
       8840.2799  8.85661e-17  8.47987e-18
       8845.8046  9.05678e-17  7.63050e-18
       8851.3293  9.67582e-17  7.03714e-18
       8856.8540  9.63553e-17  6.65735e-18
       8862.3787  8.96142e-17  6.67233e-18
       8867.9034  8.67640e-17  7.11830e-18
       8873.4281  7.49226e-17  7.96586e-18
       8878.9528  7.95046e-17  8.19170e-18
       8884.4775  8.54018e-17  7.88081e-18
       8890.0022  7.97086e-17  7.95916e-18
       8895.5269  7.77594e-17  7.95704e-18
       8901.0516  7.68932e-17  7.85688e-18
       8906.5763  6.74824e-17  7.78127e-18
       8912.1010  6.39706e-17  7.93807e-18
       8917.6257  6.48717e-17  7.96360e-18
       8923.1504  7.10940e-17  9.00574e-18
       8928.6750  7.82845e-17  7.85186e-18
       8934.1997  5.71282e-17  7.22628e-18
       8939.7244  5.35481e-17  6.78171e-18
       8945.2491  4.28969e-17  6.87061e-18
       8950.7738  5.46556e-17  7.20366e-18
       8956.2985  5.38948e-17  7.07106e-18
       8961.8232  4.79686e-17  6.73781e-18
       8967.3479  4.48509e-17  6.56016e-18
       8972.8726  4.43725e-17  6.17336e-18
       8978.3973  4.42485e-17  5.69858e-18
       8983.9220  3.59081e-17  5.69571e-18
       8989.4467  4.66552e-17  5.99294e-18
       8994.9714  4.50889e-17  6.00841e-18
       9000.4961  3.17879e-17  5.77925e-18
       9006.0208  3.05374e-17  5.61182e-18
       9011.5455  3.19900e-17  5.46707e-18
       9017.0702  3.16069e-17  5.19056e-18
       9022.5949  2.51658e-17  4.93711e-18
       9028.1196  2.56620e-17  4.95465e-18
       9033.6443  2.29248e-17  5.08370e-18
       9039.1690  1.78069e-17  5.17060e-18
       9044.6937  2.13315e-17  5.32758e-18
       9050.2184  2.18945e-17  5.29394e-18
       9055.7431  1.91459e-17  5.23756e-18
       9061.2678  2.59155e-17  5.12725e-18
       9066.7925  2.23194e-17  4.88407e-18
       9072.3172  1.74240e-17  4.68150e-18
       9077.8419  1.63680e-17  4.72238e-18
       9083.3665  1.76883e-17  4.81823e-18
       9088.8912  2.23065e-17  4.93625e-18
       9094.4159  1.54566e-17  4.90298e-18
       9099.9406  2.07874e-17  4.94642e-18
       9105.4653  9.73246e-18  4.86636e-18
       9110.9900  1.25676e-17  4.82742e-18
       9116.5147  1.14100e-17  4.71920e-18
       9122.0394  2.07758e-17  4.76707e-18
       9127.5641  1.67369e-17  4.67430e-18
       9133.0888  1.15236e-17  4.68176e-18
       9138.6135  1.30542e-17  4.78150e-18
       9144.1382  1.79898e-17  4.93918e-18
       9149.6629  1.17372e-17  5.01693e-18
       9155.1876  1.55134e-17  5.04039e-18
       9160.7123  8.24034e-18  5.03981e-18
       9166.2370  2.15208e-17  6.10942e-18
       9171.7617  2.25158e-17  5.94998e-18
       9177.2864  1.33001e-17  5.06374e-18
       9182.8111  1.77254e-17  5.07672e-18
       9188.3358 -1.25272e-17  5.41400e-18
       9193.8605 -1.07863e-17  5.42326e-18
       9199.3852  1.27871e-17  5.16161e-18
       9204.9099  1.35237e-17  5.20110e-18
       9210.4346  1.19902e-17  5.21744e-18
       9215.9593  1.44291e-17  5.23576e-18
       9221.4840  2.03342e-17  5.29361e-18
       9227.0087  2.14532e-17  5.16716e-18
