       3642.7983  8.20866e-18  7.77691e-18
       3648.3080  1.80743e-17  7.97432e-18
       3653.8177 -9.76892e-19  8.04954e-18
       3659.3274  5.01787e-18  8.19398e-18
       3664.8370 -7.43649e-19  8.15311e-18
       3670.3467 -3.21850e-18  8.07890e-18
       3675.8564 -1.48449e-18  8.04235e-18
       3681.3660 -3.28979e-18  8.07622e-18
       3686.8757  8.10262e-18  8.05910e-18
       3692.3854 -2.83649e-18  8.03191e-18
       3697.8951 -1.19677e-17  8.13301e-18
       3703.4047 -3.66431e-18  7.99259e-18
       3708.9144  1.14830e-18  7.82502e-18
       3714.4241  3.64627e-18  7.64770e-18
       3719.9338  2.22437e-18  7.52386e-18
       3725.4434  4.47238e-18  7.36006e-18
       3730.9531  3.72666e-19  7.13718e-18
       3736.4628  9.22524e-18  7.04284e-18
       3741.9724 -3.20930e-18  6.97495e-18
       3747.4821 -5.56001e-18  6.93164e-18
       3752.9918  8.25968e-19  6.98687e-18
       3758.5015  1.17362e-19  7.03201e-18
       3764.0111  5.14114e-18  7.19942e-18
       3769.5208  6.92635e-18  7.24940e-18
       3775.0305  7.31256e-18  7.28903e-18
       3780.5402 -7.04002e-18  7.20654e-18
       3786.0498 -6.80210e-18  7.10710e-18
       3791.5595  1.42006e-17  7.03977e-18
       3797.0692  3.56245e-18  6.87991e-18
       3802.5788 -1.66174e-18  6.70712e-18
       3808.0885  4.26587e-18  6.60031e-18
       3813.5982 -2.95368e-18  6.43211e-18
       3819.1079 -3.58477e-18  6.18616e-18
       3824.6175 -2.28384e-18  5.88418e-18
       3830.1272  3.61364e-18  5.71954e-18
       3835.6369  6.75914e-19  5.73221e-18
       3841.1466  9.30812e-19  5.78389e-18
       3846.6562  3.96069e-18  5.74437e-18
       3852.1659  9.92701e-19  5.85019e-18
       3857.6756  1.07546e-18  5.90397e-18
       3863.1852  1.47579e-18  5.84915e-18
       3868.6949  8.44608e-19  5.79320e-18
       3874.2046  6.03808e-18  5.77564e-18
       3879.7143  3.70642e-18  5.78472e-18
       3885.2239 -4.86470e-19  5.84322e-18
       3890.7336  9.00602e-18  5.95326e-18
       3896.2433  4.82440e-18  6.02852e-18
       3901.7530  1.51010e-18  6.16054e-18
       3907.2626  9.18122e-18  6.28149e-18
       3912.7723  1.56725e-17  6.26532e-18
       3918.2820  5.23503e-18  6.04465e-18
       3923.7916  8.33079e-18  5.75175e-18
       3929.3013  1.09837e-17  5.47063e-18
       3934.8110  1.88811e-17  5.37332e-18
       3940.3207  4.64009e-18  5.30245e-18
       3945.8303  7.63031e-18  5.47091e-18
       3951.3400  5.31648e-18  5.64938e-18
       3956.8497  9.61086e-18  5.67200e-18
       3962.3594  8.35690e-18  5.54986e-18
       3967.8690  7.56827e-18  5.53387e-18
       3973.3787  7.35920e-18  5.54690e-18
       3978.8884  1.16488e-17  5.66740e-18
       3984.3980  7.88341e-18  5.96385e-18
       3989.9077  1.59410e-17  6.29885e-18
       3995.4174  8.12425e-18  6.50136e-18
       4000.9271  1.21007e-17  6.55620e-18
       4006.4367  1.78526e-17  6.63693e-18
       4011.9464  2.20624e-17  6.67443e-18
       4017.4561  2.20598e-17  6.70456e-18
       4022.9658  2.50764e-17  6.68638e-18
       4028.4754  2.86121e-17  6.67491e-18
       4033.9851  2.40847e-17  6.62014e-18
       4039.4948  2.39467e-17  6.55936e-18
       4045.0044  2.22125e-17  6.51550e-18
       4050.5141  2.22878e-17  6.45888e-18
       4056.0238  2.41071e-17  6.41312e-18
       4061.5335  2.92279e-17  6.37060e-18
       4067.0431  3.53304e-17  6.36229e-18
       4072.5528  2.33357e-17  6.30331e-18
       4078.0625  2.24449e-17  6.31972e-18
       4083.5722  2.28223e-17  6.36091e-18
       4089.0818  1.68786e-17  6.31230e-18
       4094.5915  2.54448e-17  6.27094e-18
       4100.1012  1.99254e-17  6.23837e-18
       4105.6108  2.17925e-17  6.21823e-18
       4111.1205  2.57261e-17  6.22160e-18
       4116.6302  2.23566e-17  6.21332e-18
       4122.1399  1.69632e-17  6.23708e-18
       4127.6495  1.16102e-17  6.26148e-18
       4133.1592 -6.94481e-18  6.45557e-18
       4138.6689 -1.44879e-17  8.20490e-18
       4144.1786  1.96039e-17  6.19348e-18
       4149.6882  1.58376e-17  6.15577e-18
       4155.1979  1.51060e-17  6.16263e-18
       4160.7076  1.54563e-17  6.14050e-18
       4166.2172  1.83302e-17  6.10230e-18
       4171.7269  1.43294e-17  6.06111e-18
       4177.2366  1.39941e-17  6.02919e-18
       4182.7463  1.09886e-17  5.97580e-18
       4188.2559  1.34794e-17  5.92535e-18
       4193.7656  1.33400e-17  5.88031e-18
       4199.2753  1.25863e-17  5.88306e-18
       4204.7849  2.12829e-18  5.86650e-18
       4210.2946  1.09511e-17  5.89960e-18
       4215.8043  1.09904e-17  5.87688e-18
       4221.3140  9.24893e-18  5.83727e-18
       4226.8236  1.22535e-17  5.81662e-18
       4232.3333  7.73614e-18  5.74953e-18
       4237.8430  5.37325e-18  5.71453e-18
       4243.3527  6.51488e-18  5.67398e-18
       4248.8623  5.62907e-18  5.64960e-18
       4254.3720  9.06453e-18  5.65525e-18
       4259.8817  5.16960e-18  5.64193e-18
       4265.3913  1.06697e-17  5.58669e-18
       4270.9010  1.09227e-17  5.55823e-18
       4276.4107  8.87812e-18  5.52373e-18
       4281.9204  9.99453e-18  5.48557e-18
       4287.4300  1.05515e-17  5.43172e-18
       4292.9397  1.41912e-17  5.33996e-18
       4298.4494  9.69680e-18  5.18542e-18
       4303.9591  3.02713e-18  5.04288e-18
       4309.4687  1.22111e-17  5.08815e-18
       4314.9784  1.62454e-17  5.15290e-18
       4320.4881  1.42247e-17  5.21990e-18
       4325.9977  1.28351e-17  5.34797e-18
       4331.5074  6.48769e-18  5.42961e-18
       4337.0171  6.46633e-18  5.44307e-18
       4342.5268  1.34828e-17  5.43346e-18
       4348.0364  8.83767e-18  5.44782e-18
       4353.5461  4.69971e-18  5.45591e-18
       4359.0558  1.29926e-17  5.50724e-18
       4364.5655  6.63926e-18  5.55074e-18
       4370.0751  1.08026e-17  5.57516e-18
       4375.5848  1.47855e-17  5.54170e-18
       4381.0945  8.34865e-18  5.46483e-18
       4386.6041  1.09127e-17  5.43325e-18
       4392.1138  1.33335e-17  5.41885e-18
       4397.6235  1.71690e-17  5.39477e-18
       4403.1332  1.57429e-17  5.43068e-18
       4408.6428  1.17444e-17  5.49551e-18
       4414.1525  1.42423e-17  5.56874e-18
       4419.6622  1.16310e-17  5.58006e-18
       4425.1719  1.76083e-17  5.61576e-18
       4430.6815  1.48816e-17  5.64324e-18
       4436.1912  1.80027e-17  5.65884e-18
       4441.7009  1.86189e-17  5.65619e-18
       4447.2105  1.46632e-17  5.63555e-18
       4452.7202  1.76067e-17  5.59695e-18
       4458.2299  1.64448e-17  5.57037e-18
       4463.7396  8.99651e-18  5.55079e-18
       4469.2492  1.70841e-17  5.57417e-18
       4474.7589  1.54208e-17  5.58893e-18
       4480.2686  2.01303e-17  5.62969e-18
       4485.7783  1.42384e-17  5.63929e-18
       4491.2879  1.57380e-17  5.67109e-18
       4496.7976  1.36899e-17  5.66966e-18
       4502.3073  9.59404e-18  5.69017e-18
       4507.8169  1.63217e-17  5.73167e-18
       4513.3266  1.27841e-17  5.72736e-18
       4518.8363  5.14456e-18  5.67434e-18
       4524.3460  1.91038e-17  5.66250e-18
       4529.8556  1.80772e-17  5.59774e-18
       4535.3653  1.50355e-17  5.57194e-18
       4540.8750  1.62116e-17  5.55066e-18
       4546.3847  1.54666e-17  5.52358e-18
       4551.8943  2.10327e-17  5.57086e-18
       4557.4040  1.20148e-17  5.57422e-18
       4562.9137  1.22406e-17  5.57907e-18
       4568.4233  2.72842e-17  5.60121e-18
       4573.9330  4.50768e-17  5.61057e-18
       4579.4427  1.84131e-17  5.59228e-18
       4584.9524  1.80969e-17  5.58446e-18
       4590.4620  1.76755e-17  5.58958e-18
       4595.9717  2.13179e-17  5.57008e-18
       4601.4814  2.35197e-17  5.56458e-18
       4606.9911  2.42440e-17  5.57386e-18
       4612.5007  2.32908e-17  5.59603e-18
       4618.0104  2.31880e-17  5.60725e-18
       4623.5201  2.10449e-17  5.60811e-18
       4629.0297  2.49177e-17  5.61908e-18
       4634.5394  2.50018e-17  5.60016e-18
       4640.0491  2.39969e-17  5.56762e-18
       4645.5588  2.45441e-17  5.54557e-18
       4651.0684  2.44326e-17  5.53240e-18
       4656.5781  3.75576e-17  5.54404e-18
       4662.0878  2.99432e-17  5.49131e-18
       4667.5975  3.81531e-17  5.52082e-18
       4673.1071  3.66484e-17  5.51218e-18
       4678.6168  3.19065e-17  5.49481e-18
       4684.1265  3.98493e-17  5.50643e-18
       4689.6361  4.03321e-17  5.50535e-18
       4695.1458  3.33982e-17  5.48263e-18
       4700.6555  3.18216e-17  5.44193e-18
       4706.1652  3.54541e-17  5.45307e-18
       4711.6748  3.85209e-17  5.46981e-18
       4717.1845  3.62894e-17  5.46464e-18
       4722.6942  3.86038e-17  5.46612e-18
       4728.2039  3.73307e-17  5.47876e-18
       4733.7135  3.99974e-17  5.49827e-18
       4739.2232  4.45513e-17  5.51704e-18
       4744.7329  4.15015e-17  5.49589e-18
       4750.2425  4.13057e-17  5.49577e-18
       4755.7522  3.64218e-17  5.45187e-18
       4761.2619  3.77647e-17  5.45853e-18
       4766.7716  3.74790e-17  5.46173e-18
       4772.2812  3.82372e-17  5.45186e-18
       4777.7909  3.20691e-17  5.42526e-18
       4783.3006  3.34935e-17  5.43987e-18
       4788.8102  2.99476e-17  5.46641e-18
       4794.3199  2.74078e-17  5.44405e-18
       4799.8296  2.45833e-17  5.42010e-18
       4805.3393  2.29760e-17  5.62754e-18
       4810.8489  2.25017e-17  5.51937e-18
       4816.3586  1.64206e-17  5.39219e-18
       4821.8683  2.65114e-17  5.41778e-18
       4827.3780  2.17323e-17  5.39653e-18
       4832.8876  1.42758e-17  5.36745e-18
       4838.3973  1.78408e-17  5.34218e-18
       4843.9070  2.25266e-17  5.31028e-18
       4849.4166  2.03993e-17  5.23676e-18
       4854.9263  1.73690e-17  5.12848e-18
       4860.4360  2.02271e-17  5.07538e-18
       4865.9457  1.14122e-17  5.02875e-18
       4871.4553  1.47952e-17  5.03869e-18
       4876.9650  2.13667e-17  5.03664e-18
       4882.4747  1.87175e-17  5.08190e-18
       4887.9844  1.18954e-17  5.12688e-18
       4893.4940  1.85332e-17  5.19338e-18
       4899.0037  2.11507e-17  5.22290e-18
       4904.5134  2.21180e-17  5.22034e-18
       4910.0230  1.86310e-17  5.20996e-18
       4915.5327  2.14094e-17  5.20713e-18
       4921.0424  2.12038e-17  5.18943e-18
       4926.5521  1.85639e-17  5.16168e-18
       4932.0617  2.27765e-17  5.16083e-18
       4937.5714  1.52911e-17  5.16571e-18
       4943.0811  2.38531e-17  5.23812e-18
       4948.5908  1.93215e-17  5.20770e-18
       4954.1004  1.89781e-17  5.21616e-18
       4959.6101  2.41663e-17  5.23816e-18
       4965.1198  1.88391e-17  5.22854e-18
       4970.6294  1.61818e-17  5.20145e-18
       4976.1391  1.62056e-17  5.17558e-18
       4981.6488  1.75122e-17  5.18632e-18
       4987.1585  1.98393e-17  5.17294e-18
       4992.6681  1.44513e-17  5.15120e-18
       4998.1778  2.09541e-17  5.12089e-18
       5003.6875  1.68443e-17  5.09697e-18
       5009.1972  2.87804e-17  5.11435e-18
       5014.7068  3.14396e-17  5.08992e-18
       5020.2165  2.47542e-17  5.06973e-18
       5025.7262  2.53597e-17  5.08225e-18
       5031.2358  2.78926e-17  5.09085e-18
       5036.7455  2.70327e-17  5.10876e-18
       5042.2552  2.86809e-17  5.12348e-18
       5047.7649  2.90591e-17  5.15282e-18
       5053.2745  3.55555e-17  5.17282e-18
       5058.7842  3.49035e-17  5.17886e-18
       5064.2939  3.94351e-17  5.20220e-18
       5069.8036  4.20974e-17  5.19605e-18
       5075.3132  3.82110e-17  5.17766e-18
       5080.8229  3.33447e-17  5.14808e-18
       5086.3326  3.36598e-17  5.13978e-18
       5091.8422  2.64353e-17  5.10495e-18
       5097.3519  2.40190e-17  5.10184e-18
       5102.8616  2.35578e-17  5.11524e-18
       5108.3713  2.22310e-17  5.11417e-18
       5113.8809  1.99094e-17  5.08534e-18
       5119.3906  2.43733e-17  5.08640e-18
       5124.9003  2.03163e-17  5.06604e-18
       5130.4100  1.39471e-17  5.01701e-18
       5135.9196  1.46826e-17  5.00360e-18
       5141.4293  1.22201e-17  4.97522e-18
       5146.9390  1.47528e-17  4.99185e-18
       5152.4486  1.52641e-17  4.96937e-18
       5157.9583  1.96918e-17  4.91989e-18
       5163.4680  1.37201e-17  4.86447e-18
       5168.9777  1.65076e-17  4.84279e-18
       5174.4873  2.09960e-17  4.81809e-18
       5179.9970  1.97635e-17  4.76629e-18
       5185.5067  1.57581e-17  4.78244e-18
       5191.0164  1.99872e-17  4.87066e-18
       5196.5260  2.53402e-17  4.92509e-18
       5202.0357  2.02360e-17  4.93921e-18
       5207.5454  2.71705e-17  5.00331e-18
       5213.0550  1.28955e-17  4.96723e-18
       5218.5647  2.22134e-17  4.98091e-18
       5224.0744  1.91610e-17  4.97070e-18
       5229.5841  2.07969e-17  4.98822e-18
       5235.0937  2.00885e-17  5.01064e-18
       5240.6034  2.09394e-17  5.01164e-18
       5246.1131  2.24029e-17  5.02950e-18
       5251.6228  2.22246e-17  5.03580e-18
       5257.1324  2.04306e-17  4.95850e-18
       5262.6421  2.14557e-17  4.92167e-18
       5268.1518  1.88568e-17  4.90445e-18
       5273.6614  2.54549e-17  4.91909e-18
       5279.1711  1.83157e-17  4.90127e-18
       5284.6808  2.79524e-17  4.97465e-18
       5290.1905  2.48505e-17  5.01157e-18
       5295.7001  2.46455e-17  5.04029e-18
       5301.2098  2.95214e-17  5.06897e-18
       5306.7195  2.64298e-17  5.07247e-18
       5312.2292  2.33043e-17  5.04713e-18
       5317.7388  2.70635e-17  5.04369e-18
       5323.2485  2.42118e-17  5.03222e-18
       5328.7582  1.70524e-17  4.99574e-18
       5334.2678  2.08292e-17  4.97105e-18
       5339.7775  2.71668e-17  4.99917e-18
       5345.2872  3.23459e-17  5.03625e-18
       5350.7969  2.78470e-17  5.05450e-18
       5356.3065  2.83697e-17  5.03958e-18
       5361.8162  2.61066e-17  5.03405e-18
       5367.3259  3.01697e-17  5.04453e-18
       5372.8355  3.13156e-17  5.04509e-18
       5378.3452  3.18480e-17  5.24350e-18
       5383.8549  3.07820e-17  5.33581e-18
       5389.3646  3.10549e-17  5.01367e-18
       5394.8742  3.32709e-17  5.00969e-18
       5400.3839  3.22883e-17  4.97947e-18
       5405.8936  3.37668e-17  4.96951e-18
       5411.4033  2.84330e-17  4.96038e-18
       5416.9129  2.32129e-17  4.94801e-18
       5422.4226  3.36435e-17  4.98106e-18
       5427.9323  3.11972e-17  5.00736e-18
       5433.4419  3.93132e-17  5.03628e-18
       5438.9516  3.60970e-17  5.03356e-18
       5444.4613  3.25250e-17  5.02737e-18
       5449.9710  3.28514e-17  5.03079e-18
       5455.4806  3.87220e-17  5.05887e-18
       5460.9903  3.84317e-17  5.05503e-18
       5466.5000  3.73934e-17  5.04429e-18
       5472.0097  4.20578e-17  5.04671e-18
       5477.5193  3.57117e-17  5.03325e-18
       5483.0290  3.54565e-17  5.03430e-18
       5488.5387  3.05855e-17  5.01831e-18
       5494.0483  3.09859e-17  5.02317e-18
       5499.5580  3.90342e-17  5.05977e-18
       5505.0677  3.20219e-17  5.04616e-18
       5510.5774  3.30166e-17  5.03742e-18
       5516.0870  3.47140e-17  5.03935e-18
       5521.5967  3.10242e-17  5.02660e-18
       5527.1064  3.54479e-17  5.03080e-18
       5532.6161  3.01566e-17  5.04339e-18
       5538.1257  3.08986e-17  5.06040e-18
       5543.6354  2.86763e-17  5.03992e-18
       5549.1451  3.72926e-17  5.06900e-18
       5554.6547  3.15580e-17  5.05323e-18
       5560.1644  3.49737e-17  5.14100e-18
       5565.6741  3.55953e-17  5.37583e-18
       5571.1838  3.65836e-17  5.43185e-18
       5576.6934  3.59049e-17  5.42025e-18
       5582.2031  2.48117e-17  5.40892e-18
       5587.7128  3.17226e-17  5.40931e-18
       5593.2225  4.61217e-17  5.31556e-18
       5598.7321  4.63856e-17  5.07240e-18
       5604.2418  4.66951e-17  5.05168e-18
       5609.7515  4.59169e-17  5.05913e-18
       5615.2611  4.52802e-17  5.07547e-18
       5620.7708  5.42744e-17  5.10990e-18
       5626.2805  4.69606e-17  5.08645e-18
       5631.7902  4.88894e-17  5.09381e-18
       5637.2998  4.79184e-17  5.09526e-18
       5642.8095  4.76655e-17  5.08947e-18
       5648.3192  4.64129e-17  5.07148e-18
       5653.8289  4.84919e-17  5.07102e-18
       5659.3385  4.64036e-17  5.05795e-18
       5664.8482  4.00740e-17  5.04664e-18
       5670.3579  4.15364e-17  5.04420e-18
       5675.8675  4.23581e-17  5.05280e-18
       5681.3772  4.16415e-17  5.06861e-18
       5686.8869  3.85758e-17  5.04589e-18
       5692.3966  3.67677e-17  5.02518e-18
       5697.9062  4.08503e-17  5.01969e-18
       5703.4159  3.51507e-17  4.99453e-18
       5708.9256  3.09460e-17  4.99637e-18
       5714.4353  3.17220e-17  4.99020e-18
       5719.9449  3.79786e-17  6.15900e-18
       5725.4546  3.50120e-17  6.23667e-18
       5730.9643  3.37155e-17  5.03941e-18
       5736.4739  2.83371e-17  5.01993e-18
       5741.9836  2.39892e-17  4.99561e-18
       5747.4933  2.86893e-17  5.01331e-18
       5753.0030  2.81558e-17  5.01368e-18
       5758.5126  3.01683e-17  5.00100e-18
       5764.0223  2.47196e-17  4.98230e-18
       5769.5320  3.57371e-17  5.00642e-18
       5775.0417  2.94403e-17  4.99026e-18
       5780.5513  2.98064e-17  4.99158e-18
       5786.0610  2.44572e-17  4.96712e-18
       5791.5707  2.99706e-17  4.98494e-18
       5797.0803  2.86071e-17  4.99147e-18
       5802.5900  2.54744e-17  4.99594e-18
       5808.0997  2.26472e-17  5.00122e-18
       5813.6094  1.36721e-17  4.98609e-18
       5819.1190  1.42746e-17  4.98222e-18
       5824.6287  1.99638e-17  5.00848e-18
       5830.1384  2.10744e-17  5.03337e-18
       5835.6481  2.42540e-17  5.04410e-18
       5841.1577  2.34768e-17  5.02524e-18
       5846.6674  2.16389e-17  5.00561e-18
       5852.1771  1.94884e-17  4.99783e-18
       5857.6867  1.86718e-17  5.00526e-18
       5863.1964  1.77697e-17  5.00041e-18
       5868.7061  1.48579e-17  4.98671e-18
       5874.2158  1.89712e-17  5.00756e-18
       5879.7254  1.75147e-17  4.99953e-18
       5885.2351  1.96235e-17  4.98162e-18
       5890.7448  2.40717e-17  4.97924e-18
       5896.2545  2.09948e-17  4.96319e-18
       5901.7641  2.34321e-17  4.97901e-18
       5907.2738  2.07521e-17  4.96869e-18
       5912.7835  2.18325e-17  4.97326e-18
       5918.2931  2.04546e-17  4.97253e-18
       5923.8028  2.91127e-17  5.35838e-18
       5929.3125  2.36583e-17  5.29247e-18
       5934.8222  1.96907e-17  4.97275e-18
       5940.3318  2.00147e-17  4.98023e-18
       5945.8415  2.40821e-17  4.98526e-18
       5951.3512  2.13157e-17  4.97036e-18
       5956.8608  2.02593e-17  4.97454e-18
       5962.3705  2.13402e-17  4.98217e-18
       5967.8802  2.41152e-17  4.97614e-18
       5973.3899  2.47184e-17  4.96600e-18
       5978.8995  2.24525e-17  4.95479e-18
       5984.4092  2.20924e-17  4.94734e-18
       5989.9189  2.15868e-17  4.93723e-18
       5995.4286  2.62848e-17  4.95054e-18
       6000.9382  2.49691e-17  4.94077e-18
       6006.4479  1.91447e-17  4.90973e-18
       6011.9576  2.50094e-17  4.91544e-18
       6017.4672  2.50534e-17  4.91406e-18
       6022.9769  2.08236e-17  4.90991e-18
       6028.4866  2.23327e-17  4.91617e-18
       6033.9963  2.48900e-17  4.93220e-18
       6039.5059  2.31432e-17  4.94658e-18
       6045.0156  1.86787e-17  4.93363e-18
       6050.5253  2.11238e-17  4.93519e-18
       6056.0350  2.33822e-17  4.93516e-18
       6061.5446  2.29199e-17  4.95502e-18
       6067.0543  2.29385e-17  4.95578e-18
       6072.5640  2.49622e-17  4.95041e-18
       6078.0736  2.23790e-17  4.90937e-18
       6083.5833  2.59941e-17  4.90457e-18
       6089.0930  2.54113e-17  4.88929e-18
       6094.6027  2.67949e-17  4.87831e-18
       6100.1123  2.88624e-17  4.90090e-18
       6105.6220  2.21165e-17  4.86839e-18
       6111.1317  2.49153e-17  4.86330e-18
       6116.6414  1.92774e-17  4.84652e-18
       6122.1510  1.83350e-17  4.84526e-18
       6127.6607  2.05856e-17  4.84569e-18
       6133.1704  1.73422e-17  4.82939e-18
       6138.6800  1.98659e-17  4.84112e-18
       6144.1897  1.71396e-17  4.84249e-18
       6149.6994  2.27726e-17  4.81406e-18
       6155.2091  2.21526e-17  4.82403e-18
       6160.7187  2.54347e-17  4.82913e-18
       6166.2284  1.79000e-17  4.80277e-18
       6171.7381  1.95165e-17  4.82166e-18
       6177.2478  2.11815e-17  4.82700e-18
       6182.7574  2.44718e-17  4.85854e-18
       6188.2671  2.08305e-17  4.85142e-18
       6193.7768  2.10159e-17  4.86379e-18
       6199.2864  2.05521e-17  4.86205e-18
       6204.7961  2.11630e-17  4.84597e-18
       6210.3058  2.06939e-17  4.83494e-18
       6215.8155  2.15190e-17  4.85562e-18
       6221.3251  2.14639e-17  4.85682e-18
       6226.8348  1.83562e-17  4.84864e-18
       6232.3445  2.42624e-17  4.85719e-18
       6237.8542  2.64614e-17  4.85212e-18
       6243.3638  1.84601e-17  4.84123e-18
       6248.8735  2.49338e-17  4.86891e-18
       6254.3832  2.62369e-17  4.85014e-18
       6259.8928  2.37532e-17  4.82828e-18
       6265.4025  2.39160e-17  4.81018e-18
       6270.9122  2.29747e-17  4.81133e-18
       6276.4219  2.22734e-17  4.81036e-18
       6281.9315  2.26819e-17  4.83242e-18
       6287.4412  2.20978e-17  4.87194e-18
       6292.9509  2.28133e-17  4.89271e-18
       6298.4606  2.30025e-17  4.90693e-18
       6303.9702  2.23409e-17  4.88757e-18
       6309.4799  1.91222e-17  4.87068e-18
       6314.9896  1.94513e-17  4.85490e-18
       6320.4992  2.29409e-17  4.81172e-18
       6326.0089  2.33564e-17  4.77836e-18
       6331.5186  1.94514e-17  4.76948e-18
       6337.0283  2.62726e-17  4.80872e-18
       6342.5379  2.44123e-17  4.80058e-18
       6348.0476  1.73943e-17  4.77491e-18
       6353.5573  2.11587e-17  4.80292e-18
       6359.0670  1.91888e-17  4.80525e-18
       6364.5766  1.91485e-17  4.81120e-18
       6370.0863  2.11439e-17  4.82336e-18
       6375.5960  2.08472e-17  4.81687e-18
       6381.1056  2.04209e-17  4.79198e-18
       6386.6153  2.19275e-17  4.77319e-18
       6392.1250  2.27372e-17  4.76912e-18
       6397.6347  2.08310e-17  4.74860e-18
       6403.1443  2.60961e-17  4.75135e-18
       6408.6540  2.71776e-17  4.74949e-18
       6414.1637  1.85742e-17  4.71699e-18
       6419.6734  2.15427e-17  4.73293e-18
       6425.1830  2.78473e-17  4.75993e-18
       6430.6927  2.13288e-17  4.73326e-18
       6436.2024  2.13523e-17  4.73877e-18
       6441.7120  2.31766e-17  4.73440e-18
       6447.2217  2.76974e-17  4.74719e-18
       6452.7314  2.22129e-17  4.73518e-18
       6458.2411  1.94920e-17  4.73435e-18
       6463.7507  2.50859e-17  4.75744e-18
       6469.2604  2.83993e-17  4.76153e-18
       6474.7701  2.55648e-17  4.74098e-18
       6480.2798  2.10152e-17  4.69970e-18
       6485.7894  2.50927e-17  4.81568e-18
       6491.2991  2.53860e-17  4.82880e-18
       6496.8088  2.61575e-17  4.73302e-18
       6502.3184  2.14528e-17  4.71212e-18
       6507.8281  2.56545e-17  4.73499e-18
       6513.3378  2.32844e-17  4.73347e-18
       6518.8475  1.75962e-17  4.71676e-18
       6524.3571  2.38022e-17  4.73907e-18
       6529.8668  2.62020e-17  4.74538e-18
       6535.3765  3.05689e-17  4.75484e-18
       6540.8861  2.95719e-17  4.74724e-18
       6546.3958  2.70362e-17  4.68111e-18
       6551.9055  2.34003e-17  4.60710e-18
       6557.4152  2.67267e-17  4.60816e-18
       6562.9248  3.39261e-17  4.62815e-18
       6568.4345  2.89444e-17  4.62145e-18
       6573.9442  2.97090e-17  4.63407e-18
       6579.4539  2.97192e-17  4.67689e-18
       6584.9635  3.15854e-17  4.71441e-18
       6590.4732  3.61136e-17  4.75311e-18
       6595.9829  3.04835e-17  4.73716e-18
       6601.4925  2.99839e-17  4.73503e-18
       6607.0022  3.47232e-17  4.75136e-18
       6612.5119  3.78107e-17  4.76592e-18
       6618.0216  3.32776e-17  4.75009e-18
       6623.5312  3.59975e-17  4.76823e-18
       6629.0409  3.10467e-17  4.74689e-18
       6634.5506  3.51494e-17  4.75482e-18
       6640.0603  3.01223e-17  4.73687e-18
       6645.5699  2.78870e-17  4.73581e-18
       6651.0796  3.32180e-17  4.74873e-18
       6656.5893  2.83078e-17  4.74793e-18
       6662.0989  2.87925e-17  4.74832e-18
       6667.6086  3.15833e-17  4.77070e-18
       6673.1183  2.61152e-17  4.76664e-18
       6678.6280  2.82779e-17  4.75825e-18
       6684.1376  2.89468e-17  4.75884e-18
       6689.6473  2.64345e-17  4.74622e-18
       6695.1570  2.53495e-17  4.74490e-18
       6700.6667  2.39336e-17  4.73567e-18
       6706.1763  2.45537e-17  4.71211e-18
       6711.6860  2.53956e-17  4.71013e-18
       6717.1957  1.98210e-17  4.69930e-18
       6722.7053  1.78241e-17  4.68920e-18
       6728.2150  2.07045e-17  4.70263e-18
       6733.7247  1.86120e-17  4.69349e-18
       6739.2344  1.57198e-17  4.69157e-18
       6744.7440  1.76242e-17  4.71111e-18
       6750.2537  1.70210e-17  4.70025e-18
       6755.7634  1.83116e-17  4.69470e-18
       6761.2731  1.29978e-17  4.68722e-18
       6766.7827  1.21801e-17  4.70803e-18
       6772.2924  1.40207e-17  4.71773e-18
       6777.8021  1.09228e-17  4.69340e-18
       6783.3117  1.45401e-17  4.71916e-18
       6788.8214  1.35414e-17  4.72713e-18
       6794.3311  4.54204e-18  4.74560e-18
       6799.8408  9.77679e-18  4.71555e-18
       6805.3504  1.55050e-17  4.74024e-18
       6810.8601  1.10774e-17  4.75435e-18
       6816.3698  1.65770e-17  4.82685e-18
       6821.8795  9.60068e-18  4.83994e-18
       6827.3891  9.43709e-18  4.84716e-18
       6832.8988  1.02195e-17  4.85075e-18
       6838.4085  9.07943e-18  4.85224e-18
       6843.9181  1.34942e-17  4.86105e-18
       6849.4278  1.03092e-17  4.81160e-18
       6854.9375  5.29354e-18  4.69870e-18
       6860.4472  1.01665e-17  4.63068e-18
       6865.9568  1.09248e-17  4.59261e-18
       6871.4665  7.20040e-18  4.55133e-18
       6876.9762  8.88596e-18  4.48787e-18
       6882.4859  1.04881e-17  4.43799e-18
       6887.9955  8.11496e-18  4.49467e-18
       6893.5052  1.04975e-17  4.58171e-18
       6899.0149  1.03902e-17  4.61425e-18
       6904.5245  1.16791e-17  4.63627e-18
       6910.0342  1.42375e-17  4.71005e-18
       6915.5439  1.85463e-17  4.76596e-18
       6921.0536  8.21271e-18  4.76261e-18
       6926.5632  1.45969e-17  4.79663e-18
       6932.0729  1.12697e-17  4.78066e-18
       6937.5826  9.58185e-18  4.80638e-18
       6943.0923  1.02395e-17  4.80603e-18
       6948.6019  1.06276e-17  4.81818e-18
       6954.1116  8.50249e-18  4.82339e-18
       6959.6213  1.10218e-18  4.81566e-18
       6965.1309  2.32784e-17  6.77259e-18
       6970.6406  1.26744e-16  6.10930e-18
       6976.1503  1.46304e-17  5.42869e-18
       6981.6600  7.62147e-18  4.83857e-18
       6987.1696 -3.92419e-18  4.89739e-18
       6992.6793  5.13476e-19  4.86737e-18
       6998.1890  1.23057e-18  4.83295e-18
       7003.6987  9.32434e-18  4.79216e-18
       7009.2083  6.73936e-18  4.78531e-18
       7014.7180  1.04708e-17  4.77930e-18
       7020.2277  1.36714e-17  4.79976e-18
       7025.7373  1.29773e-17  4.79978e-18
       7031.2470  7.94847e-18  4.79198e-18
       7036.7567  7.87661e-18  4.82546e-18
       7042.2664  1.09713e-17  4.84682e-18
       7047.7760  1.13956e-17  4.86091e-18
       7053.2857  1.51336e-17  4.87345e-18
       7058.7954  8.60215e-18  4.85746e-18
       7064.3051  1.05660e-17  4.85116e-18
       7069.8147  1.65732e-17  4.88182e-18
       7075.3244  1.86113e-17  4.89779e-18
       7080.8341  1.20086e-17  4.85304e-18
       7086.3437  6.14422e-18  4.82945e-18
       7091.8534  8.78502e-18  4.84365e-18
       7097.3631  1.51327e-17  4.86546e-18
       7102.8728  1.99424e-17  4.88974e-18
       7108.3824  1.37090e-17  5.10093e-18
       7113.8921  1.21223e-17  4.84431e-18
       7119.4018  1.47049e-17  4.85319e-18
       7124.9114  2.06762e-17  4.87484e-18
       7130.4211  1.72677e-17  4.84926e-18
       7135.9308  1.53646e-17  4.82973e-18
       7141.4405  1.70665e-17  4.83532e-18
       7146.9501  1.89735e-17  4.84955e-18
       7152.4598  2.25987e-17  4.82384e-18
       7157.9695  1.83526e-17  4.75679e-18
       7163.4792  1.63191e-17  4.68716e-18
       7168.9888  1.57005e-17  4.63108e-18
       7174.4985  2.58268e-17  4.60613e-18
       7180.0082  3.06196e-17  5.10693e-18
       7185.5178  2.59294e-17  4.72014e-18
       7191.0275  1.13576e-17  4.48271e-18
       7196.5372  1.67133e-17  4.46204e-18
       7202.0469  2.06178e-17  4.50676e-18
       7207.5565  2.45549e-17  4.56243e-18
       7213.0662  2.64747e-17  4.60897e-18
       7218.5759  2.13904e-17  4.61957e-18
       7224.0856  1.99143e-17  4.69597e-18
       7229.5952  2.96851e-17  4.82202e-18
       7235.1049  2.52872e-17  4.83335e-18
       7240.6146  1.80345e-17  4.78596e-18
       7246.1242  1.95282e-17  4.78350e-18
       7251.6339  2.65520e-17  4.80625e-18
       7257.1436  2.77899e-17  4.78219e-18
       7262.6533  2.51085e-17  4.77761e-18
       7268.1629  2.51989e-17  4.79032e-18
       7273.6726  2.03261e-17  4.75653e-18
       7279.1823  2.71669e-17  4.78801e-18
       7284.6920  2.69975e-17  4.82435e-18
       7290.2016  2.38810e-17  4.79622e-18
       7295.7113  2.55892e-17  4.71592e-18
       7301.2210  2.40324e-17  4.68962e-18
       7306.7306  2.62452e-17  4.73567e-18
       7312.2403  3.26063e-17  4.80518e-18
       7317.7500  3.21200e-17  4.83164e-18
       7323.2597  2.68566e-17  4.86993e-18
       7328.7693  2.45504e-17  4.93431e-18
       7334.2790  3.12013e-17  4.92635e-18
       7339.7887  3.68718e-17  4.92328e-18
       7345.2984  3.45949e-17  4.93776e-18
       7350.8080  3.52759e-17  4.93181e-18
       7356.3177  3.78748e-17  4.95013e-18
       7361.8274  3.41139e-17  4.85890e-18
       7367.3370  3.40952e-17  4.84502e-18
       7372.8467  4.22616e-17  4.86516e-18
       7378.3564  4.25428e-17  4.85630e-18
       7383.8661  3.72619e-17  4.82898e-18
       7389.3757  3.54466e-17  4.79545e-18
       7394.8854  3.89846e-17  4.79354e-18
       7400.3951  4.84967e-17  4.82438e-18
       7405.9048  4.34449e-17  4.81768e-18
       7411.4144  3.80505e-17  4.78804e-18
       7416.9241  3.92814e-17  4.76827e-18
       7422.4338  3.68815e-17  4.74163e-18
       7427.9434  4.07280e-17  4.78166e-18
       7433.4531  4.60981e-17  4.82038e-18
       7438.9628  4.24471e-17  4.80947e-18
       7444.4725  3.75183e-17  4.79507e-18
       7449.9821  3.43758e-17  4.78711e-18
       7455.4918  4.04907e-17  4.80644e-18
       7461.0015  4.08085e-17  4.82811e-18
       7466.5112  3.70565e-17  4.86156e-18
       7472.0208  3.85643e-17  4.90120e-18
       7477.5305  3.29754e-17  4.89058e-18
       7483.0402  2.82715e-17  4.86125e-18
       7488.5498  2.82807e-17  4.84260e-18
       7494.0595  3.42592e-17  4.83703e-18
       7499.5692  2.88501e-17  4.78841e-18
       7505.0789  3.06320e-17  4.79753e-18
       7510.5885  2.12512e-17  4.82751e-18
       7516.0982  1.88227e-17  4.86018e-18
       7521.6079  1.96940e-17  4.88905e-18
       7527.1176  2.21443e-17  4.92272e-18
       7532.6272  2.43730e-17  4.94935e-18
       7538.1369  2.08592e-17  4.92381e-18
       7543.6466  1.54115e-17  4.84343e-18
       7549.1562  1.34653e-17  4.80180e-18
       7554.6659  1.26689e-17  4.82160e-18
       7560.1756  1.68144e-17  4.90368e-18
       7565.6853  1.69666e-17  4.90717e-18
       7571.1949  1.61340e-17  4.90980e-18
       7576.7046  2.03636e-17  4.91317e-18
       7582.2143  1.59468e-17  4.79273e-18
       7587.7240  1.71284e-17  4.52482e-18
       7593.2336  2.95224e-17  4.20007e-18
       7598.7433  3.84363e-17  3.91885e-18
       7604.2530  4.67044e-17  3.72721e-18
       7609.7626  3.25488e-17  3.54610e-18
       7615.2723  1.63763e-17  3.42830e-18
       7620.7820  2.11099e-17  3.55467e-18
       7626.2917  2.66423e-17  3.73975e-18
       7631.8013  2.87418e-17  3.87701e-18
       7637.3110  2.93252e-17  3.91539e-18
       7642.8207  1.93598e-17  3.95950e-18
       7648.3304  1.97399e-17  4.12363e-18
       7653.8400  1.49466e-17  4.27842e-18
       7659.3497  1.86680e-17  4.46185e-18
       7664.8594  2.45349e-17  4.63206e-18
       7670.3690  1.79973e-17  4.73879e-18
       7675.8787  2.45534e-17  4.88410e-18
       7681.3884  1.87763e-17  4.92348e-18
       7686.8981  1.63778e-17  4.95716e-18
       7692.4077  2.25841e-17  5.03877e-18
       7697.9174  1.62078e-17  5.13925e-18
       7703.4271  1.59220e-17  5.33146e-18
       7708.9367  1.36436e-17  5.45516e-18
       7714.4464  2.02762e-17  5.54097e-18
       7719.9561  2.13695e-17  5.55845e-18
       7725.4658  1.49846e-17  5.54625e-18
       7730.9754  2.18133e-17  5.49922e-18
       7736.4851  1.97103e-17  5.45754e-18
       7741.9948  2.10691e-17  6.45317e-18
       7747.5045  1.81112e-17  6.58145e-18
       7753.0141  2.64843e-17  5.93986e-18
       7758.5238  2.41345e-17  5.65860e-18
       7764.0335  8.56966e-18  5.61840e-18
       7769.5431  1.55499e-17  5.58377e-18
       7775.0528  1.36790e-17  5.48720e-18
       7780.5625  2.51805e-17  5.56314e-18
       7786.0722  1.79741e-17  5.60685e-18
       7791.5818  2.23735e-17  5.62635e-18
       7797.0915  1.77413e-17  5.61687e-18
       7802.6012  2.44431e-17  5.64170e-18
       7808.1109  1.82956e-17  5.74964e-18
       7813.6205  2.15408e-17  5.72929e-18
       7819.1302  1.98769e-17  5.69267e-18
       7824.6399  2.22046e-17  5.70480e-18
       7830.1495  2.19529e-17  5.70249e-18
       7835.6592  1.93681e-17  5.72436e-18
       7841.1689  2.00325e-17  5.74980e-18
       7846.6786  1.62393e-17  5.77778e-18
       7852.1882  2.22327e-17  5.90063e-18
       7857.6979  2.68378e-17  5.98521e-18
       7863.2076  2.45766e-17  6.02975e-18
       7868.7173  2.47822e-17  6.02589e-18
       7874.2269  2.33007e-17  5.92356e-18
       7879.7366  2.18436e-17  5.85775e-18
       7885.2463  2.05388e-17  5.79361e-18
       7890.7559  2.52367e-17  5.72765e-18
       7896.2656  2.63627e-17  5.73054e-18
       7901.7753  2.94885e-17  5.90953e-18
       7907.2850  2.24306e-17  5.95688e-18
       7912.7946  1.91786e-17  5.91572e-18
       7918.3043  2.50687e-17  6.00153e-18
       7923.8140  2.16732e-17  6.01667e-18
       7929.3237  2.33730e-17  5.99581e-18
       7934.8333  2.41459e-17  5.79198e-18
       7940.3430  1.66774e-17  5.63880e-18
       7945.8527  1.59697e-17  5.57387e-18
       7951.3623  7.68825e-18  5.65760e-18
       7956.8720  4.67162e-18  5.75352e-18
       7962.3817  6.86649e-18  5.78937e-18
       7967.8914  2.29623e-17  5.85556e-18
       7973.4010  1.72411e-17  5.82701e-18
       7978.9107  1.37277e-17  5.90050e-18
       7984.4204  1.47828e-17  5.89881e-18
       7989.9301  1.08367e-17  5.79438e-18
       7995.4397  1.58439e-17  5.77684e-18
       8000.9494  1.31640e-17  5.76228e-18
       8006.4591  6.36306e-18  5.73997e-18
       8011.9687  8.64530e-18  5.68244e-18
       8017.4784  1.40176e-17  5.63516e-18
       8022.9881  1.26496e-17  5.63191e-18
       8028.4978  9.23597e-18  5.61911e-18
       8034.0074  4.40356e-18  5.58349e-18
       8039.5171  6.03546e-18  5.55441e-18
       8045.0268  6.82903e-18  5.45935e-18
       8050.5365  5.63266e-18  5.40973e-18
       8056.0461 -4.01036e-18  5.36557e-18
       8061.5558 -9.76112e-19  5.36169e-18
       8067.0655  1.09375e-17  5.41606e-18
       8072.5751  4.80697e-18  5.35565e-18
       8078.0848  7.80221e-18  5.32214e-18
       8083.5945  1.06027e-18  5.19263e-18
       8089.1042  1.97949e-18  5.16511e-18
       8094.6138  4.53551e-18  5.15785e-18
       8100.1235  2.42895e-18  5.15895e-18
       8105.6332  6.15919e-18  5.16975e-18
       8111.1429  2.43512e-18  5.12239e-18
       8116.6525 -2.89891e-18  5.08663e-18
       8122.1622  4.04172e-19  4.99890e-18
       8127.6719  1.08787e-18  4.93131e-18
       8133.1815  2.39006e-18  4.89466e-18
       8138.6912  8.38553e-18  4.88495e-18
       8144.2009  1.21695e-17  4.86397e-18
       8149.7106  5.10287e-18  4.76098e-18
       8155.2202  3.87601e-18  4.70459e-18
       8160.7299  5.58572e-18  4.65108e-18
       8166.2396  8.97406e-18  4.59928e-18
       8171.7493  5.48107e-18  4.60107e-18
       8177.2589  9.68742e-18  4.63382e-18
       8182.7686  4.64473e-18  4.60475e-18
       8188.2783  7.19750e-18  4.61603e-18
       8193.7879  3.91454e-18  4.58103e-18
       8199.2976  2.29660e-18  4.58701e-18
       8204.8073 -2.07607e-19  4.59676e-18
       8210.3170  4.88016e-18  4.62978e-18
       8215.8266  6.19417e-18  4.59203e-18
       8221.3363  6.39403e-18  4.54841e-18
       8226.8460  1.67456e-18  4.49253e-18
       8232.3557  7.88437e-18  4.47007e-18
       8237.8653  4.61595e-18  4.43730e-18
       8243.3750 -1.71412e-18  4.45557e-18
       8248.8847  5.86243e-18  4.56023e-18
       8254.3943  5.29799e-18  4.62705e-18
       8259.9040  5.83719e-18  4.63137e-18
       8265.4137  8.76927e-18  4.64815e-18
       8270.9234  6.63889e-18  4.70507e-18
       8276.4330  6.58157e-18  4.81058e-18
       8281.9427  8.76996e-18  4.97427e-18
       8287.4524  1.44247e-17  5.18861e-18
       8292.9620  1.43637e-17  5.28172e-18
       8298.4717  5.71075e-18  5.24090e-18
       8303.9814  7.78191e-18  5.11480e-18
       8309.4911  3.13930e-18  4.95626e-18
       8315.0007  1.40657e-18  4.84033e-18
       8320.5104  2.80295e-18  4.66155e-18
       8326.0201  3.35459e-18  4.64796e-18
       8331.5298  4.81471e-18  4.89118e-18
       8337.0394  3.07835e-21  5.12947e-18
       8342.5491 -2.86097e-18  5.25394e-18
       8348.0588 -2.98750e-18  5.29343e-18
       8353.5684 -3.19220e-18  5.37665e-18
       8359.0781 -3.35535e-18  5.43804e-18
       8364.5878  8.69094e-18  5.23412e-18
       8370.0975  6.61766e-18  5.02400e-18
       8375.6071  3.80080e-18  4.91712e-18
       8381.1168 -1.29802e-19  4.86488e-18
       8386.6265  5.74671e-19  5.04186e-18
       8392.1362  3.66898e-18  5.25723e-18
       8397.6458  1.76731e-18  5.33717e-18
       8403.1555  7.86401e-18  5.40731e-18
       8408.6652  7.96955e-18  5.42203e-18
       8414.1748  8.18533e-19  5.42364e-18
       8419.6845  9.68406e-19  5.44510e-18
       8425.1942 -2.08258e-18  5.41059e-18
       8430.7039 -7.96146e-19  5.45020e-18
       8436.2135  7.05100e-18  5.46605e-18
       8441.7232 -2.30436e-18  5.55677e-18
       8447.2329 -4.93459e-18  5.51207e-18
       8452.7426  3.33379e-18  5.32983e-18
       8458.2522 -4.15533e-18  5.35173e-18
       8463.7619 -5.02761e-19  5.41104e-18
       8469.2716  1.89662e-18  5.49324e-18
       8474.7812  2.34592e-18  5.45821e-18
       8480.2909  6.88855e-18  5.52738e-18
       8485.8006  6.15999e-18  5.33491e-18
       8491.3103  3.93639e-19  5.25510e-18
       8496.8199 -6.69024e-18  5.34045e-18
       8502.3296  6.24914e-18  5.39825e-18
       8507.8393  1.88285e-18  5.46065e-18
       8513.3490 -1.84050e-19  5.48730e-18
       8518.8586  8.16942e-18  5.54827e-18
       8524.3683  2.07957e-18  5.42607e-18
       8529.8780  2.17282e-18  5.28652e-18
       8535.3876  3.64692e-18  5.31187e-18
       8540.8973  3.35853e-18  5.38028e-18
       8546.4070  2.00520e-18  5.51356e-18
       8551.9167  7.78630e-18  5.65736e-18
       8557.4263  1.22969e-17  5.71826e-18
       8562.9360  7.22618e-18  5.72237e-18
       8568.4457  1.01224e-17  5.76964e-18
       8573.9554  6.76929e-18  5.78410e-18
       8579.4650  5.60963e-19  5.87809e-18
       8584.9747  1.53979e-18  6.06504e-18
       8590.4844  9.42960e-18  6.19755e-18
       8595.9940  1.33583e-17  6.27269e-18
       8601.5037  1.68689e-17  6.29064e-18
       8607.0134  9.29884e-18  6.31265e-18
       8612.5231  1.20988e-17  6.44081e-18
       8618.0327  6.77063e-18  6.67812e-18
       8623.5424  1.29703e-17  7.03906e-18
       8629.0521  7.94506e-18  7.15881e-18
       8634.5618  1.60737e-17  7.28007e-18
       8640.0714  2.14788e-17  7.35010e-18
       8645.5811  2.05026e-17  7.31432e-18
       8651.0908  2.21989e-17  7.29002e-18
       8656.6004  2.01905e-17  7.37436e-18
       8662.1101  1.86042e-17  7.53489e-18
       8667.6198  2.18904e-17  7.65413e-18
       8673.1295  3.42291e-17  7.67142e-18
       8678.6391  3.32653e-17  7.56672e-18
       8684.1488  2.48979e-17  7.45951e-18
       8689.6585  2.34489e-17  7.46638e-18
       8695.1682  3.17639e-17  7.57541e-18
       8700.6778  3.90015e-17  7.74804e-18
       8706.1875  4.73809e-17  7.84921e-18
       8711.6972  4.71508e-17  7.81171e-18
       8717.2068  4.71247e-17  7.77843e-18
       8722.7165  4.41671e-17  7.72081e-18
       8728.2262  4.08612e-17  7.69698e-18
       8733.7359  4.50957e-17  7.83228e-18
       8739.2455  4.90993e-17  8.00775e-18
       8744.7552  4.93783e-17  8.25524e-18
       8750.2649  5.96531e-17  8.51040e-18
       8755.7746  4.84354e-17  8.68777e-18
       8761.2842  4.57774e-17  8.92287e-18
       8766.7939  5.58709e-17  9.42374e-18
       8772.3036  6.53600e-17  9.73344e-18
       8777.8132  5.97863e-17  9.77967e-18
       8783.3229  6.49950e-17  9.62647e-18
       8788.8326  7.17017e-17  9.26122e-18
       8794.3423  7.56909e-17  8.86980e-18
       8799.8519  6.18944e-17  8.36750e-18
       8805.3616  6.08685e-17  9.59313e-18
       8810.8713  6.75174e-17  1.02548e-17
       8816.3810  1.00513e-16  1.13978e-17
       8821.8906  1.34654e-16  1.68120e-17
       8827.4003  8.06433e-17  1.02317e-17
       8832.9100  9.03310e-17  1.02925e-17
       8838.4196  6.34145e-17  9.77946e-18
       8843.9293  6.03569e-17  9.54594e-18
       8849.4390  6.49224e-17  9.08482e-18
       8854.9487  6.99858e-17  8.84776e-18
       8860.4583  7.19273e-17  8.61144e-18
       8865.9680  6.06248e-17  8.37897e-18
       8871.4777  6.09957e-17  8.57529e-18
       8876.9873  4.28555e-17  8.88007e-18
       8882.4970  6.20632e-17  9.17248e-18
       8888.0067  6.72798e-17  9.23686e-18
       8893.5164  6.96399e-17  9.21542e-18
       8899.0260  6.56699e-17  9.06035e-18
       8904.5357  5.49770e-17  8.81658e-18
       8910.0454  5.19262e-17  9.30118e-18
       8915.5551  5.36997e-17  9.62314e-18
       8921.0647  4.70682e-17  9.38002e-18
       8926.5744  5.62272e-17  8.71843e-18
       8932.0841  4.39269e-17  8.48148e-18
       8937.5937  3.57357e-17  7.95007e-18
       8943.1034  3.27086e-17  7.74021e-18
       8948.6131  3.58412e-17  7.87918e-18
       8954.1228  2.82819e-17  7.95344e-18
       8959.6324  3.50756e-17  7.80337e-18
       8965.1421  4.14137e-17  7.54549e-18
       8970.6518  3.94539e-17  7.31762e-18
       8976.1615  2.87135e-17  6.87032e-18
       8981.6711  2.14273e-17  6.62920e-18
       8987.1808  1.60121e-17  6.75696e-18
       8992.6905  2.61264e-17  6.86160e-18
       8998.2001  3.56691e-17  6.79030e-18
       9003.7098  2.52404e-17  6.54514e-18
       9009.2195  1.76676e-17  6.39847e-18
       9014.7292  1.58266e-17  6.32665e-18
       9020.2388 -5.31920e-19  6.38116e-18
       9025.7485 -1.21268e-17  6.49243e-18
       9031.2582 -7.56430e-19  6.43132e-18
       9036.7679  1.80122e-17  6.34869e-18
       9042.2775  1.18046e-17  6.37676e-18
       9047.7872 -1.78924e-18  6.43990e-18
       9053.2969 -2.30490e-17  1.34110e-17
       9058.8065 -1.32273e-17  6.62676e-18
       9064.3162  1.63512e-17  6.31172e-18
       9069.8259  1.25857e-17  6.08030e-18
       9075.3356  8.16882e-18  5.98402e-18
       9080.8452  4.67233e-18  6.02214e-18
       9086.3549  1.70814e-17  6.22390e-18
       9091.8646  1.68089e-17  6.29682e-18
       9097.3743  1.74852e-17  6.27319e-18
       9102.8839  1.09960e-17  6.23546e-18
       9108.3936  1.95900e-18  6.29851e-18
       9113.9033  9.24261e-19  6.46319e-18
       9119.4129  1.46694e-17  6.57900e-18
       9124.9226  2.04160e-17  6.61474e-18
       9130.4323  1.11725e-17  6.59029e-18
       9135.9420  3.98897e-18  6.64642e-18
       9141.4516  2.72038e-18  6.85360e-18
       9146.9613  6.48547e-18  7.13242e-18
       9152.4710  2.99176e-17  7.46898e-18
       9157.9807  3.16090e-17  7.71353e-18
       9163.4903  2.56636e-18  7.87630e-18
       9169.0000  8.98001e-18  8.48332e-18
       9174.5097  2.40220e-17  9.11780e-18
       9180.0193  2.44733e-17  8.80372e-18
       9185.5290  2.88558e-17  9.04364e-18
       9191.0387 -4.23725e-18  9.10607e-18
       9196.5484 -7.19127e-18  9.35999e-18
       9202.0580  1.56995e-17  9.60084e-18
       9207.5677  1.76925e-17  9.83149e-18
       9213.0774  1.20157e-17  9.87436e-18
       9218.5871 -7.53623e-18  9.89315e-18
       9224.0967  2.85923e-18  9.99446e-18
       9229.6064  8.36240e-18  1.01004e-17
