      4020.00 -1.28091e-17 -1.28091e-18
      4029.20  3.33089e-17  3.33089e-18
      4038.40 -3.19309e-17 -3.19309e-18
      4047.60 -6.60483e-17 -6.60483e-18
      4056.80 -5.59224e-17 -5.59224e-18
      4066.00  4.52901e-17  4.52900e-18
      4075.20  7.77329e-17  7.77329e-18
      4084.40 -2.18257e-19 -2.18257e-20
      4093.60 -4.51458e-17 -4.51458e-18
      4102.80  4.05654e-17  4.05654e-18
      4112.00  2.64057e-17  2.64057e-18
      4121.20  1.87425e-17  1.87425e-18
      4130.40  2.02204e-17  2.02204e-18
      4139.60  2.85283e-17  2.85283e-18
      4148.80  8.53522e-18  8.53522e-19
      4158.00 -1.41604e-18 -1.41604e-19
      4167.20  1.05966e-17  1.05966e-18
      4176.40 -1.22568e-17 -1.22569e-18
      4185.60  6.12376e-17  6.12376e-18
      4194.80 -2.16952e-17 -2.16952e-18
      4204.00 -2.00513e-17 -2.00513e-18
      4213.20 -1.49013e-17 -1.49013e-18
      4222.40  1.03466e-17  1.03466e-18
      4231.60  2.25848e-17  2.25848e-18
      4240.80  2.63348e-17  2.63348e-18
      4250.00 -4.00347e-18 -4.00347e-19
      4259.20  5.60888e-18  5.60888e-19
      4268.40  3.44271e-17  3.44271e-18
      4277.60 -2.24330e-17 -2.24330e-18
      4286.80  6.38624e-18  6.38624e-19
      4296.00  3.51683e-18  3.51683e-19
      4305.20 -2.45134e-18 -2.45134e-19
      4314.40 -9.64196e-18 -9.64196e-19
      4323.60  6.99807e-18  6.99807e-19
      4332.80  2.78889e-18  2.78889e-19
      4342.00  1.30227e-17  1.30227e-18
      4351.20  1.12349e-17  1.12350e-18
      4360.40  6.88931e-18  6.88931e-19
      4369.60  2.54324e-17  2.54324e-18
      4378.80  3.19757e-18  3.19757e-19
      4388.00  2.25800e-17  2.25800e-18
      4397.20  1.88839e-17  1.88839e-18
      4406.40  1.28685e-17  1.28685e-18
      4415.60  1.06798e-18  1.06798e-19
      4424.80 -3.53090e-18 -3.53090e-19
      4434.00  1.36268e-17  1.36268e-18
      4443.20  1.72397e-17  1.72397e-18
      4452.40  1.63398e-17  1.63398e-18
      4461.60 -3.51904e-18 -3.51904e-19
      4470.80  8.41566e-18  8.41566e-19
      4480.00  2.02353e-17  2.02353e-18
      4489.20  2.46720e-17  2.46720e-18
      4498.40  2.43891e-17  2.43891e-18
      4507.60  2.22732e-18  2.22732e-19
      4516.80  9.70804e-18  9.70804e-19
      4526.00  2.60517e-17  2.60517e-18
      4535.20  1.56845e-17  1.56845e-18
      4544.40  2.28074e-17  2.28074e-18
      4553.60  9.82727e-18  9.82727e-19
      4562.80  1.02359e-17  1.02359e-18
      4572.00  2.90913e-17  2.90913e-18
      4581.20  1.52936e-17  1.52936e-18
      4590.40  2.63094e-17  2.63094e-18
      4599.60  1.67108e-17  1.67108e-18
      4608.80  1.96927e-17  1.96927e-18
      4618.00  2.14175e-17  2.14175e-18
      4627.20  7.23806e-18  7.23806e-19
      4636.40  2.10384e-17  2.10384e-18
      4645.60  2.13006e-17  2.13006e-18
      4654.80  2.82983e-17  2.82983e-18
      4664.00  3.35311e-17  3.35311e-18
      4673.20  2.28330e-17  2.28330e-18
      4682.40  4.48464e-17  4.48464e-18
      4691.60  2.79753e-17  2.79753e-18
      4700.80  3.81566e-17  3.81566e-18
      4710.00  3.59953e-17  3.59953e-18
      4719.20  2.10615e-17  2.10615e-18
      4728.40  4.03057e-17  4.03057e-18
      4737.60  1.51839e-17  1.51839e-18
      4746.80  1.79874e-17  1.79874e-18
      4756.00  2.31247e-17  2.31247e-18
      4765.20  2.11232e-17  2.11232e-18
      4774.40  1.44854e-17  1.44854e-18
      4783.60  1.77082e-17  1.77082e-18
      4792.80  2.44659e-17  2.44659e-18
      4802.00  8.86667e-18  8.86667e-19
      4811.20  2.65963e-17  2.65963e-18
      4820.40  3.19104e-17  3.19104e-18
      4829.60  1.77638e-17  1.77638e-18
      4838.80  3.20880e-17  3.20880e-18
      4848.00  1.96961e-17  1.96961e-18
      4857.20  1.73020e-17  1.73020e-18
      4866.40  2.45566e-17  2.45566e-18
      4875.60  2.19665e-17  2.19665e-18
      4884.80  1.38254e-17  1.38254e-18
      4894.00  1.90988e-17  1.90988e-18
      4903.20  2.66105e-18  2.66105e-19
      4912.40  1.26151e-17  1.26151e-18
      4921.60  1.86845e-17  1.86845e-18
      4930.80  1.03994e-17  1.03994e-18
      4940.00  4.51846e-18  4.51846e-19
      4949.20  7.51518e-18  7.51518e-19
      4958.40  1.05442e-17  1.05442e-18
      4967.60  8.38467e-18  8.38467e-19
      4976.80  5.48137e-18  5.48137e-19
      4986.00  1.85347e-17  1.85347e-18
      4995.20  1.11046e-17  1.11046e-18
      5004.40  9.15916e-18  9.15916e-19
      5013.60  1.93171e-17  1.93171e-18
      5022.80  2.40113e-17  2.40113e-18
      5032.00  2.42442e-17  2.42442e-18
      5041.20  1.37053e-17  1.37053e-18
      5050.40  1.41224e-17  1.41224e-18
      5059.60  1.34845e-17  1.34845e-18
      5068.80  1.11603e-17  1.11603e-18
      5078.00  2.52187e-17  2.52187e-18
      5087.20  1.41590e-17  1.41590e-18
      5096.40  1.01826e-17  1.01826e-18
      5105.60  1.45027e-17  1.45027e-18
      5114.80  4.61265e-18  4.61265e-19
      5124.00  1.48364e-17  1.48364e-18
      5133.20  7.54177e-18  7.54177e-19
      5142.40  1.14352e-17  1.14352e-18
      5151.60  1.92107e-17  1.92107e-18
      5160.80  1.25277e-17  1.25277e-18
      5170.00  1.56874e-17  1.56874e-18
      5179.20  1.79217e-17  1.79216e-18
      5188.40  1.21445e-17  1.21445e-18
      5197.60  1.69036e-17  1.69036e-18
      5206.80  1.91839e-17  1.91840e-18
      5216.00  2.55303e-17  2.55303e-18
      5225.20  1.98209e-17  1.98209e-18
      5234.40  5.13793e-17  5.13793e-18
      5243.60  2.50161e-17  2.50161e-18
      5252.80  2.56406e-17  2.56406e-18
      5262.00  2.38407e-17  2.38407e-18
      5271.20  2.61882e-17  2.61882e-18
      5280.40  3.74591e-17  3.74591e-18
      5289.60  2.56839e-17  2.56839e-18
      5298.80  3.61518e-17  3.61518e-18
      5308.00  3.04683e-17  3.04683e-18
      5317.20  2.58871e-17  2.58872e-18
      5326.40  1.96825e-17  1.96825e-18
      5335.60  3.75041e-17  3.75041e-18
      5344.80  3.36869e-17  3.36869e-18
      5354.00  3.53159e-17  3.53159e-18
      5363.20  3.09891e-17  3.09891e-18
      5372.40  3.37147e-17  3.37147e-18
      5381.60  3.17705e-17  3.17705e-18
      5390.80  2.77023e-17  2.77023e-18
      5400.00  3.27764e-17  3.27764e-18
      5409.20  3.85091e-17  3.85091e-18
      5418.40  3.06963e-17  3.06963e-18
      5427.60  3.76560e-17  3.76560e-18
      5436.80  1.04107e-17  1.04107e-18
      5446.00  3.24972e-17  3.24972e-18
      5455.20  2.63763e-17  2.63763e-18
      5464.40  3.28055e-17  3.28055e-18
      5473.60  4.04925e-17  4.04925e-18
      5482.80  3.23723e-17  3.23723e-18
      5492.00  3.47641e-17  3.47641e-18
      5501.20  3.41802e-17  3.41802e-18
      5510.40  4.50001e-17  4.50001e-18
      5519.60  3.22937e-17  3.22937e-18
      5528.80  3.99895e-17  3.99895e-18
      5538.00  3.88792e-17  3.88792e-18
      5547.20  4.39740e-17  4.39740e-18
      5556.40  4.30287e-17  4.30287e-18
      5565.60  5.25281e-17  5.25281e-18
      5574.80  5.97813e-17  5.97813e-18
      5584.00  4.98611e-17  4.98611e-18
      5593.20  5.00935e-17  5.00935e-18
      5602.40  4.54339e-17  4.54339e-18
      5611.60  4.25210e-17  4.25210e-18
      5620.80  4.11606e-17  4.11606e-18
      5630.00  5.32914e-17  5.32914e-18
      5639.20  5.14904e-17  5.14904e-18
      5648.40  4.73711e-17  4.73711e-18
      5657.60  5.58508e-17  5.58508e-18
      5666.80  4.87942e-17  4.87943e-18
      5676.00  4.20311e-17  4.20311e-18
      5685.20  4.78578e-17  4.78578e-18
      5694.40  5.14262e-17  5.14262e-18
      5703.60  5.56212e-17  5.56212e-18
      5712.80  4.86386e-17  4.86386e-18
      5722.00  5.58858e-17  5.58858e-18
      5731.20  5.15658e-17  5.15658e-18
      5740.40  5.59128e-17  5.59128e-18
      5749.60  4.98383e-17  4.98383e-18
      5758.80  5.22623e-17  5.22623e-18
      5768.00  4.68380e-17  4.68380e-18
      5777.20  4.21912e-17  4.21912e-18
      5786.40  4.11442e-17  4.11442e-18
      5795.60  5.05571e-17  5.05571e-18
      5804.80  5.15763e-17  5.15763e-18
      5814.00  5.08629e-17  5.08629e-18
      5823.20  5.19328e-17  5.19328e-18
      5832.40  4.98930e-17  4.98930e-18
      5841.60  5.85905e-17  5.85905e-18
      5850.80  4.89030e-17  4.89030e-18
      5860.00  4.21475e-17  4.21475e-18
      5869.20  4.50915e-17  4.50915e-18
      5878.40  4.62177e-17  4.62176e-18
      5887.60  4.21080e-17  4.21080e-18
      5896.80  4.63000e-17  4.63000e-18
      5906.00  4.27822e-17  4.27822e-18
      5915.20  4.47508e-17  4.47508e-18
      5924.40  4.13884e-17  4.13884e-18
      5933.60  4.35108e-17  4.35109e-18
      5942.80  3.10206e-17  3.10206e-18
      5952.00  3.30340e-17  3.30340e-18
      5961.20  4.59352e-17  4.59352e-18
      5970.40  3.51836e-17  3.51836e-18
      5979.60  3.73268e-17  3.73268e-18
      5988.80  3.78003e-17  3.78003e-18
      5998.00  3.83799e-17  3.83799e-18
      6007.20  4.42869e-17  4.42869e-18
      6016.40  3.29291e-17  3.29291e-18
      6025.60  4.56082e-17  4.56082e-18
      6034.80  3.05445e-17  3.05445e-18
      6044.00  3.74971e-17  3.74971e-18
      6053.20  2.49916e-17  2.49916e-18
      6062.40  3.50460e-17  3.50460e-18
      6071.60  3.63552e-17  3.63552e-18
      6080.80  2.47447e-17  2.47447e-18
      6090.00  2.59602e-17  2.59602e-18
      6099.20  3.74400e-17  3.74400e-18
      6108.40  3.98987e-17  3.98987e-18
      6117.60  3.93682e-17  3.93682e-18
      6126.80  3.50845e-17  3.50845e-18
      6136.00  3.59658e-17  3.59658e-18
      6145.20  3.92737e-17  3.92737e-18
      6154.40  3.23846e-17  3.23846e-18
      6163.60  3.11570e-17  3.11570e-18
      6172.80  3.06517e-17  3.06517e-18
      6182.00  2.31373e-17  2.31373e-18
      6191.20  2.66281e-17  2.66281e-18
      6200.40  2.79497e-17  2.79497e-18
      6209.60  1.97970e-17  1.97970e-18
      6218.80  1.80933e-17  1.80933e-18
      6228.00  1.49199e-17  1.49199e-18
      6237.20  1.45818e-17  1.45818e-18
      6246.40  2.63308e-17  2.63308e-18
      6255.60  2.42075e-17  2.42075e-18
      6264.80  1.70626e-17  1.70626e-18
      6274.00  1.59897e-17  1.59897e-18
      6283.20  1.34328e-17  1.34328e-18
      6292.40  1.88288e-17  1.88288e-18
      6301.60  1.19011e-17  1.19011e-18
      6310.80  2.49212e-17  2.49212e-18
      6320.00  2.19713e-17  2.19713e-18
      6329.20  1.76988e-17  1.76988e-18
      6338.40  3.05120e-17  3.05120e-18
      6347.60  1.97539e-17  1.97539e-18
      6356.80  2.11827e-17  2.11827e-18
      6366.00  2.79188e-17  2.79188e-18
      6375.20  3.01911e-17  3.01911e-18
      6384.40  3.31616e-17  3.31616e-18
      6393.60  2.58717e-17  2.58717e-18
      6402.80  2.21241e-17  2.21241e-18
      6412.00  2.83410e-17  2.83410e-18
      6421.20  2.59012e-17  2.59012e-18
      6430.40  2.00403e-17  2.00402e-18
      6439.60  3.02042e-17  3.02042e-18
      6448.80  3.56711e-17  3.56711e-18
      6458.00  3.03738e-17  3.03738e-18
      6467.20  3.19740e-17  3.19740e-18
      6476.40  3.47935e-17  3.47935e-18
      6485.60  3.13350e-17  3.13350e-18
      6494.80  2.96291e-17  2.96291e-18
      6504.00  3.27068e-17  3.27068e-18
      6513.20  3.85227e-17  3.85227e-18
      6522.40  3.67527e-17  3.67527e-18
      6531.60  4.41344e-17  4.41344e-18
      6540.80  4.65668e-17  4.65668e-18
      6550.00  5.21467e-17  5.21467e-18
      6559.20  5.26835e-17  5.26835e-18
      6568.40  4.80128e-17  4.80128e-18
      6577.60  4.19192e-17  4.19192e-18
      6586.80  4.79877e-17  4.79877e-18
      6596.00  4.75239e-17  4.75239e-18
      6605.20  4.90221e-17  4.90221e-18
      6614.40  4.31973e-17  4.31973e-18
      6623.60  4.87406e-17  4.87406e-18
      6632.80  5.01338e-17  5.01338e-18
      6642.00  4.23935e-17  4.23935e-18
      6651.20  5.05283e-17  5.05283e-18
      6660.40  4.13196e-17  4.13196e-18
      6669.60  4.18602e-17  4.18602e-18
      6678.80  4.61547e-17  4.61547e-18
      6688.00  4.63979e-17  4.63979e-18
      6697.20  4.40982e-17  4.40982e-18
      6706.40  4.70054e-17  4.70054e-18
      6715.60  5.21941e-17  5.21941e-18
      6724.80  4.13502e-17  4.13502e-18
      6734.00  4.73352e-17  4.73352e-18
      6743.20  4.25551e-17  4.25551e-18
      6752.40  4.49576e-17  4.49576e-18
      6761.60  4.23104e-17  4.23104e-18
      6770.80  4.27545e-17  4.27545e-18
      6780.00  4.41453e-17  4.41453e-18
      6789.20  3.77702e-17  3.77702e-18
      6798.40  4.11695e-17  4.11695e-18
      6807.60  2.89949e-17  2.89949e-18
      6816.80  4.04390e-17  4.04390e-18
      6826.00  4.49145e-17  4.49145e-18
      6835.20  3.78288e-17  3.78288e-18
      6844.40  3.46210e-17  3.46210e-18
      6853.60  3.55239e-17  3.55239e-18
      6862.80  3.43344e-17  3.43344e-18
      6872.00  5.06577e-17  5.06577e-18
      6881.20  3.08486e-17  3.08486e-18
      6890.40  3.79664e-17  3.79664e-18
      6899.60  3.99706e-17  3.99706e-18
      6908.80  4.38793e-17  4.38793e-18
      6918.00  3.11918e-17  3.11918e-18
      6927.20  3.55216e-17  3.55216e-18
      6936.40  3.15675e-17  3.15675e-18
      6945.60  3.69362e-17  3.69362e-18
      6954.80  3.20563e-17  3.20563e-18
      6964.00  3.58635e-17  3.58635e-18
      6973.20  4.72278e-17  4.72278e-18
      6982.40  3.53128e-17  3.53128e-18
      6991.60  3.02626e-17  3.02626e-18
      7000.80  3.22888e-17  3.22888e-18
      7010.00  3.18902e-17  3.18902e-18
      7019.20  2.66575e-17  2.66575e-18
      7028.40  3.90366e-17  3.90366e-18
      7037.60  3.64888e-17  3.64888e-18
      7046.80  3.37700e-17  3.37700e-18
      7056.00  3.68987e-17  3.68987e-18
      7065.20  4.43327e-17  4.43327e-18
      7074.40  4.15919e-17  4.15919e-18
      7083.60  4.26002e-17  4.26002e-18
      7092.80  3.52848e-17  3.52848e-18
      7102.00  3.81705e-17  3.81705e-18
      7111.20  4.04962e-17  4.04962e-18
      7120.40  3.49257e-17  3.49257e-18
      7129.60  3.67015e-17  3.67014e-18
      7138.80  2.93760e-17  2.93760e-18
      7148.00  3.19932e-17  3.19932e-18
      7157.20  2.49893e-17  2.49893e-18
      7166.40  2.59584e-17  2.59584e-18
      7175.60  2.50322e-17  2.50322e-18
      7184.80  2.29653e-17  2.29653e-18
      7194.00  2.31457e-17  2.31457e-18
      7203.20  2.12674e-17  2.12674e-18
      7212.40  2.84606e-17  2.84606e-18
      7221.60  2.58394e-17  2.58394e-18
      7230.80  3.94400e-17  3.94400e-18
      7240.00  2.53971e-17  2.53971e-18
      7249.20  2.30796e-17  2.30796e-18
      7258.40  2.35590e-17  2.35590e-18
      7267.60  2.92911e-17  2.92911e-18
      7276.80  1.77251e-17  1.77251e-18
      7286.00  2.00332e-17  2.00332e-18
      7295.20  2.59010e-17  2.59010e-18
      7304.40  1.87783e-17  1.87783e-18
      7313.60  3.05535e-17  3.05535e-18
      7322.80  4.10450e-17  4.10450e-18
      7332.00  3.39252e-17  3.39252e-18
      7341.20  3.01455e-17  3.01455e-18
      7350.40  3.63811e-17  3.63811e-18
      7359.60  3.09756e-17  3.09756e-18
      7368.80  2.68296e-17  2.68296e-18
      7378.00  4.04015e-17  4.04015e-18
      7387.20  3.18351e-17  3.18351e-18
      7396.40  4.17870e-17  4.17870e-18
      7405.60  2.65643e-17  2.65643e-18
      7414.80  2.45556e-17  2.45556e-18
      7424.00  3.81545e-17  3.81545e-18
      7433.20  3.77235e-17  3.77235e-18
      7442.40  2.94101e-17  2.94101e-18
      7451.60  2.82597e-17  2.82597e-18
      7460.80  2.19153e-17  2.19153e-18
      7470.00  3.85323e-17  3.85323e-18
      7479.20  3.02164e-17  3.02164e-18
      7488.40  2.66418e-17  2.66418e-18
      7497.60  2.28958e-17  2.28958e-18
      7506.80  2.90015e-17  2.90015e-18
      7516.00  2.52304e-17  2.52304e-18
      7525.20  2.74017e-17  2.74017e-18
      7534.40  2.81484e-17  2.81484e-18
      7543.60  2.28365e-17  2.28365e-18
      7552.80  8.38787e-18  8.38787e-19
      7562.00  7.22122e-18  7.22122e-19
      7571.20  8.55612e-18  8.55612e-19
      7580.40  1.10910e-17  1.10910e-18
      7589.60  1.39808e-17  1.39808e-18
      7598.80  9.43402e-18  9.43402e-19
      7608.00 -5.02211e-18 -5.02211e-19
      7617.20  8.43105e-18  8.43105e-19
      7626.40 -4.49092e-19 -4.49092e-20
      7635.60  9.29678e-18  9.29678e-19
      7644.80  9.01354e-18  9.01355e-19
      7654.00  9.46885e-18  9.46885e-19
      7663.20  3.68207e-18  3.68207e-19
      7672.40  1.79231e-17  1.79231e-18
      7681.60  2.73388e-17  2.73388e-18
      7690.80  1.71140e-17  1.71140e-18
      7700.00  2.17506e-17  2.17506e-18
      7709.20  3.42419e-17  3.42419e-18
      7718.40  3.30752e-17  3.30752e-18
      7727.60  2.75042e-17  2.75042e-18
      7736.80  3.51021e-17  3.51021e-18
      7746.00  4.02935e-17  4.02935e-18
      7755.20  3.40244e-17  3.40244e-18
      7764.40  2.90758e-17  2.90758e-18
      7773.60  3.58089e-17  3.58089e-18
      7782.80  4.40264e-17  4.40264e-18
      7792.00  3.63904e-17  3.63904e-18
      7801.20  4.08276e-17  4.08276e-18
      7810.40  4.26453e-17  4.26453e-18
      7819.60  4.41529e-17  4.41529e-18
      7828.80  3.81899e-17  3.81899e-18
      7838.00  4.72182e-17  4.72182e-18
      7847.20  4.58774e-17  4.58774e-18
      7856.40  2.65738e-17  2.65738e-18
      7865.60  2.81278e-17  2.81278e-18
      7874.80  2.47733e-17  2.47734e-18
      7884.00  4.84895e-17  4.84895e-18
      7893.20  4.04913e-17  4.04913e-18
      7902.40  3.80333e-17  3.80333e-18
      7911.60  2.23890e-17  2.23890e-18
      7920.80  3.12709e-17  3.12709e-18
      7930.00  4.23188e-17  4.23188e-18
      7939.20  2.88744e-17  2.88744e-18
      7948.40  1.96201e-17  1.96201e-18
      7957.60  2.86677e-17  2.86677e-18
      7966.80  4.06816e-17  4.06816e-18
      7976.00  4.48254e-17  4.48254e-18
      7985.20  2.82676e-17  2.82676e-18
      7994.40  4.41929e-17  4.41929e-18
