      3499.37 -2.84365e-17 -2.84365e-18
      3502.23 -6.57388e-17 -6.57388e-18
      3505.09  2.11736e-17  2.11736e-18
      3507.96 -7.47020e-17 -7.47020e-18
      3510.82 -4.59111e-19 -4.59111e-20
      3513.68 -2.00934e-17 -2.00934e-18
      3516.55 -2.93192e-17 -2.93192e-18
      3519.41  3.53427e-18  3.53427e-19
      3522.27  4.62067e-17  4.62067e-18
      3525.14 -8.37069e-17 -8.37069e-18
      3528.00  1.38162e-16  1.38162e-17
      3530.86  9.66202e-17  9.66202e-18
      3533.73  1.06256e-16  1.06256e-17
      3536.59  2.74688e-17  2.74688e-18
      3539.45  2.73956e-18  2.73956e-19
      3542.31  1.17033e-16  1.17033e-17
      3545.18 -6.89391e-18 -6.89391e-19
      3548.04 -2.98398e-17 -2.98398e-18
      3550.90 -3.70064e-17 -3.70064e-18
      3553.77  7.82544e-17  7.82544e-18
      3556.63  3.08573e-17  3.08573e-18
      3559.49  1.31080e-17  1.31080e-18
      3562.36  6.36487e-17  6.36487e-18
      3565.22 -1.13891e-17 -1.13891e-18
      3568.08  9.96138e-17  9.96138e-18
      3570.95  8.09023e-18  8.09023e-19
      3573.81  7.22018e-17  7.22018e-18
      3576.67 -8.55378e-17 -8.55378e-18
      3579.54  4.84823e-18  4.84823e-19
      3582.40 -3.02195e-17 -3.02195e-18
      3585.26  1.87645e-17  1.87645e-18
      3588.13  6.15740e-18  6.15740e-19
      3590.99  1.52557e-16  1.52557e-17
      3593.85  1.97143e-17  1.97143e-18
      3596.71  7.69106e-17  7.69106e-18
      3599.58  7.57283e-17  7.57283e-18
      3602.44  6.23693e-17  6.23693e-18
      3605.30  7.51288e-17  7.51288e-18
      3608.17  2.15778e-18  2.15778e-19
      3611.03 -3.30468e-18 -3.30468e-19
      3613.89  4.37767e-17  4.37767e-18
      3616.76 -5.29511e-17 -5.29511e-18
      3619.62  1.52756e-16  1.52756e-17
      3622.48  1.14627e-17  1.14627e-18
      3625.35  8.67309e-18  8.67309e-19
      3628.21  7.84422e-17  7.84422e-18
      3631.07 -5.04462e-17 -5.04462e-18
      3633.94  5.30869e-17  5.30869e-18
      3636.80  1.46468e-16  1.46468e-17
      3639.66  1.38399e-16  1.38399e-17
      3642.52  1.09038e-19  1.09038e-20
      3645.39  1.88498e-16  1.88498e-17
      3648.25  3.91324e-17  3.91324e-18
      3651.11  1.34571e-16  1.34571e-17
      3653.98  4.89256e-17  4.89256e-18
      3656.84  9.13766e-17  9.13766e-18
      3659.70 -1.40693e-20 -1.40693e-21
      3662.57  1.36046e-16  1.36046e-17
      3665.43  1.64259e-16  1.64259e-17
      3668.29  5.89020e-17  5.89020e-18
      3671.16 -6.81694e-18 -6.81694e-19
      3674.02 -3.90550e-18 -3.90550e-19
      3676.88  1.24293e-17  1.24293e-18
      3679.75 -6.78266e-17 -6.78266e-18
      3682.61 -4.27716e-17 -4.27716e-18
      3685.47 -4.34565e-18 -4.34565e-19
      3688.33 -1.24847e-17 -1.24847e-18
      3691.20 -1.18200e-17 -1.18200e-18
      3694.06 -2.17639e-17 -2.17639e-18
      3696.92  3.58270e-17  3.58270e-18
      3699.79 -1.48879e-18 -1.48879e-19
      3702.65 -3.23340e-17 -3.23340e-18
      3705.51 -4.72472e-17 -4.72472e-18
      3708.38  1.05015e-16  1.05015e-17
      3711.24  2.07549e-17  2.07549e-18
      3714.10 -1.93505e-18 -1.93505e-19
      3716.97  1.50744e-16  1.50744e-17
      3719.83  1.40272e-16  1.40272e-17
      3722.69  9.43538e-17  9.43538e-18
      3725.56  6.71867e-17  6.71867e-18
      3728.42  7.57421e-17  7.57421e-18
      3731.28 -3.94088e-17 -3.94088e-18
      3734.15  9.15340e-17  9.15340e-18
      3737.01  1.05485e-16  1.05485e-17
      3739.87  9.62333e-17  9.62333e-18
      3742.73 -2.12080e-17 -2.12080e-18
      3745.60  2.33755e-17  2.33755e-18
      3748.46  5.74383e-17  5.74383e-18
      3751.32 -3.53058e-18 -3.53058e-19
      3754.19  8.98947e-17  8.98947e-18
      3757.05  7.27872e-18  7.27872e-19
      3759.91 -1.50487e-17 -1.50487e-18
      3762.78  5.96824e-17  5.96824e-18
      3765.64  6.33438e-17  6.33438e-18
      3768.50 -1.58219e-17 -1.58219e-18
      3771.37 -7.55873e-17 -7.55873e-18
      3774.23 -2.28007e-17 -2.28007e-18
      3777.09  3.24697e-17  3.24697e-18
      3779.96  2.83024e-17  2.83024e-18
      3782.82  1.05981e-17  1.05981e-18
      3785.68  4.77450e-17  4.77450e-18
      3788.54 -1.70756e-18 -1.70756e-19
      3791.41  7.00674e-17  7.00674e-18
      3794.27  8.49542e-17  8.49542e-18
      3797.13  7.92147e-17  7.92147e-18
      3800.00  4.49651e-17  4.49651e-18
      3802.86 -2.45793e-17 -2.45793e-18
      3805.72 -5.99029e-17 -5.99029e-18
      3808.59 -3.42932e-17 -3.42932e-18
      3811.45  1.73776e-17  1.73776e-18
      3814.31  2.40181e-17  2.40181e-18
      3817.18  6.26574e-17  6.26575e-18
      3820.04 -1.69618e-17 -1.69618e-18
      3822.90  7.02347e-17  7.02347e-18
      3825.77  8.90977e-17  8.90977e-18
      3828.63  4.88869e-17  4.88869e-18
      3831.49  4.36723e-17  4.36723e-18
      3834.35  1.10872e-16  1.10872e-17
      3837.22  1.02456e-16  1.02456e-17
      3840.08  1.12687e-16  1.12687e-17
      3842.94  4.23700e-17  4.23700e-18
      3845.81  1.28368e-16  1.28368e-17
      3848.67  1.12812e-17  1.12812e-18
      3851.53  5.99208e-17  5.99208e-18
      3854.40  6.38455e-17  6.38455e-18
      3857.26  2.19852e-17  2.19852e-18
      3860.12  3.21465e-17  3.21465e-18
      3862.99  9.10689e-17  9.10689e-18
      3865.85  2.98896e-17  2.98896e-18
      3868.71  1.33288e-17  1.33288e-18
      3871.58  1.48098e-17  1.48098e-18
      3874.44  7.96465e-17  7.96465e-18
      3877.30 -1.24966e-17 -1.24966e-18
      3880.17  7.57581e-17  7.57581e-18
      3883.03  3.14608e-17  3.14608e-18
      3885.89  2.53039e-17  2.53039e-18
      3888.75  3.19331e-17  3.19331e-18
      3891.62  6.56744e-17  6.56744e-18
      3894.48  7.70669e-17  7.70669e-18
      3897.34  7.35204e-17  7.35204e-18
      3900.21  8.34556e-17  8.34556e-18
      3903.07  4.04951e-17  4.04951e-18
      3905.93  8.84241e-17  8.84241e-18
      3908.80  7.99774e-17  7.99774e-18
      3911.66  9.01633e-17  9.01633e-18
      3914.52  1.34138e-16  1.34138e-17
      3917.39  6.63470e-17  6.63470e-18
      3920.25  1.37183e-16  1.37183e-17
      3923.11  7.51791e-17  7.51791e-18
      3925.98  8.48125e-17  8.48125e-18
      3928.84  1.04585e-16  1.04585e-17
      3931.70  1.07138e-16  1.07138e-17
      3934.56  1.05367e-16  1.05367e-17
      3937.43  1.24677e-16  1.24677e-17
      3940.29  1.42707e-16  1.42707e-17
      3943.15  9.27831e-17  9.27831e-18
      3946.02  9.30183e-17  9.30183e-18
      3948.88  8.70039e-17  8.70039e-18
      3951.74  8.61454e-17  8.61454e-18
      3954.61  5.94224e-17  5.94224e-18
      3957.47  1.07863e-16  1.07863e-17
      3960.33  1.50734e-16  1.50734e-17
      3963.20  1.00796e-16  1.00796e-17
      3966.06  9.58207e-17  9.58207e-18
      3968.92  7.54342e-17  7.54342e-18
      3971.79  1.11014e-16  1.11014e-17
      3974.65  6.70264e-17  6.70264e-18
      3977.51  1.09507e-16  1.09507e-17
      3980.37  3.96622e-17  3.96622e-18
      3983.24  9.65956e-17  9.65956e-18
      3986.10  1.03123e-16  1.03123e-17
      3988.96  1.18700e-16  1.18700e-17
      3991.83  1.02081e-16  1.02081e-17
      3994.69  9.70213e-17  9.70213e-18
      3997.55  4.57884e-17  4.57884e-18
      4000.42  9.76240e-17  9.76240e-18
      4003.28  1.03882e-16  1.03882e-17
      4006.14  6.49892e-17  6.49892e-18
      4009.01  9.72768e-17  9.72768e-18
      4011.87  7.55492e-17  7.55492e-18
      4014.73  5.68651e-17  5.68651e-18
      4017.60  8.55480e-17  8.55480e-18
      4020.46  7.87385e-17  7.87385e-18
      4023.32  4.71765e-17  4.71765e-18
      4026.19  1.01401e-16  1.01401e-17
      4029.05  6.58054e-17  6.58054e-18
      4031.91  7.74200e-17  7.74201e-18
      4034.77  1.06370e-16  1.06370e-17
      4037.64  8.95728e-17  8.95728e-18
      4040.50  9.10011e-17  9.10011e-18
      4043.36  9.13636e-17  9.13636e-18
      4046.23  1.22650e-16  1.22650e-17
      4049.09  7.41451e-17  7.41451e-18
      4051.95  1.54756e-17  1.54756e-18
      4054.82  5.06201e-17  5.06201e-18
      4057.68  1.07052e-16  1.07052e-17
      4060.54  3.64218e-17  3.64218e-18
      4063.41  3.34257e-18  3.34257e-19
      4066.27  4.91986e-17  4.91986e-18
      4069.13  9.62770e-17  9.62770e-18
      4072.00  6.82926e-17  6.82926e-18
      4074.86  6.35245e-17  6.35245e-18
      4077.72  9.75738e-17  9.75738e-18
      4080.58  9.82277e-17  9.82277e-18
      4083.45  1.26254e-16  1.26254e-17
      4086.31  7.57256e-17  7.57256e-18
      4089.17  6.40564e-17  6.40564e-18
      4092.04  2.32453e-17  2.32453e-18
      4094.90  6.62924e-17  6.62924e-18
      4097.76  3.20398e-17  3.20398e-18
      4100.63  6.52375e-17  6.52375e-18
      4103.49  5.48795e-17  5.48795e-18
      4106.35  4.86690e-17  4.86690e-18
      4109.22  5.66766e-17  5.66766e-18
      4112.08 -9.41260e-18 -9.41260e-19
      4114.94  1.28384e-16  1.28384e-17
      4117.81  5.67602e-17  5.67602e-18
      4120.67  7.63677e-17  7.63677e-18
      4123.53  5.83938e-17  5.83938e-18
      4126.39  3.71650e-17  3.71650e-18
      4129.26  8.15991e-17  8.15991e-18
      4132.12  9.03178e-17  9.03178e-18
      4134.98  6.23043e-17  6.23043e-18
      4137.85  1.94630e-17  1.94630e-18
      4140.71  4.51487e-17  4.51487e-18
      4143.57  7.59690e-17  7.59690e-18
      4146.44  7.47619e-17  7.47619e-18
      4149.30  6.44057e-17  6.44057e-18
      4152.16  9.86334e-17  9.86334e-18
      4155.03  5.20222e-17  5.20222e-18
      4157.89  4.00499e-17  4.00499e-18
      4160.75  3.51022e-17  3.51022e-18
      4163.62  5.96616e-17  5.96616e-18
      4166.48  7.55446e-17  7.55446e-18
      4169.34  7.71643e-17  7.71643e-18
      4172.21  4.97169e-17  4.97169e-18
      4175.07  5.25706e-17  5.25706e-18
      4177.93  7.98982e-17  7.98982e-18
      4180.79  5.48726e-17  5.48726e-18
      4183.66  4.09848e-17  4.09848e-18
      4186.52  5.24779e-17  5.24779e-18
      4189.38  5.21297e-17  5.21297e-18
      4192.25  4.87125e-17  4.87125e-18
      4195.11  9.71483e-17  9.71483e-18
      4197.97  9.22751e-18  9.22751e-19
      4200.84  5.00863e-17  5.00863e-18
      4203.70  5.18588e-17  5.18588e-18
      4206.56  7.42942e-17  7.42942e-18
      4209.43  5.87227e-17  5.87227e-18
      4212.29  4.63311e-17  4.63311e-18
      4215.15  4.68267e-17  4.68267e-18
      4218.02  5.95336e-17  5.95336e-18
      4220.88  9.72356e-17  9.72356e-18
      4223.74  6.30688e-17  6.30688e-18
      4226.60  8.39316e-17  8.39316e-18
      4229.47  5.84947e-17  5.84947e-18
      4232.33  3.90071e-17  3.90071e-18
      4235.19  2.30759e-17  2.30759e-18
      4238.06  1.04547e-17  1.04547e-18
      4240.92  1.62526e-18  1.62526e-19
      4243.78  6.30405e-17  6.30405e-18
      4246.65  5.81176e-17  5.81176e-18
      4249.51  7.53716e-17  7.53716e-18
      4252.37  2.57776e-17  2.57775e-18
      4255.24  2.37812e-17  2.37812e-18
      4258.10  5.53430e-17  5.53430e-18
      4260.96  3.82473e-17  3.82473e-18
      4263.83  9.59892e-18  9.59892e-19
      4266.69  4.54155e-17  4.54155e-18
      4269.55  9.14202e-17  9.14202e-18
      4272.41  5.35871e-17  5.35871e-18
      4275.28  3.92616e-17  3.92616e-18
      4278.14  5.84971e-17  5.84971e-18
      4281.00  5.56674e-17  5.56674e-18
      4283.87  5.95995e-17  5.95995e-18
      4286.73  8.91784e-17  8.91784e-18
      4289.59  3.51288e-17  3.51288e-18
      4292.46  5.75494e-17  5.75493e-18
      4295.32  7.99327e-17  7.99327e-18
      4298.18  5.57582e-17  5.57582e-18
      4301.05  4.19934e-17  4.19934e-18
      4303.91  5.67963e-17  5.67963e-18
      4306.77  4.34757e-17  4.34757e-18
      4309.64  5.14273e-17  5.14273e-18
      4312.50  6.08772e-17  6.08772e-18
      4315.36  5.66508e-18  5.66508e-19
      4318.23  4.98321e-17  4.98321e-18
      4321.09  5.63823e-17  5.63823e-18
      4323.95  1.35165e-17  1.35165e-18
      4326.81  3.98803e-17  3.98803e-18
      4329.68  4.15529e-17  4.15529e-18
      4332.54  5.91149e-17  5.91149e-18
      4335.40  3.95415e-17  3.95415e-18
      4338.27  2.57621e-17  2.57621e-18
      4341.13  6.81061e-17  6.81061e-18
      4343.99  3.22881e-17  3.22881e-18
      4346.86  6.42252e-17  6.42252e-18
      4349.72  6.80996e-17  6.80996e-18
      4352.58  3.08084e-17  3.08084e-18
      4355.45  7.30147e-17  7.30147e-18
      4358.31  9.01095e-17  9.01095e-18
      4361.17  5.96821e-17  5.96821e-18
      4364.04  5.91019e-17  5.91019e-18
      4366.90  5.42624e-17  5.42624e-18
      4369.76  2.54134e-17  2.54134e-18
      4372.62  6.02352e-17  6.02352e-18
      4375.49  3.16085e-17  3.16085e-18
      4378.35  5.91946e-17  5.91946e-18
      4381.21  4.49552e-17  4.49552e-18
      4384.08  3.58457e-17  3.58457e-18
      4386.94  5.42886e-17  5.42886e-18
      4389.80  5.54105e-17  5.54105e-18
      4392.67  4.30676e-17  4.30676e-18
      4395.53  7.67554e-17  7.67554e-18
      4398.39  5.24604e-17  5.24604e-18
      4401.26  6.27064e-17  6.27064e-18
      4404.12  1.04201e-16  1.04201e-17
      4406.98  1.10368e-16  1.10369e-17
      4409.85  9.45244e-17  9.45244e-18
      4412.71  1.12712e-16  1.12712e-17
      4415.57  6.44682e-17  6.44682e-18
      4418.43  7.69678e-17  7.69678e-18
      4421.30  6.28435e-17  6.28435e-18
      4424.16  4.75212e-17  4.75212e-18
      4427.02  9.34899e-17  9.34899e-18
      4429.89  7.67105e-17  7.67105e-18
      4432.75  1.07962e-16  1.07962e-17
      4435.61  8.81228e-17  8.81228e-18
      4438.48  8.86354e-17  8.86354e-18
      4441.34  1.26791e-16  1.26791e-17
      4444.20  9.54929e-17  9.54929e-18
      4447.07  1.00248e-16  1.00248e-17
      4449.93  7.07991e-17  7.07991e-18
      4452.79  1.03049e-16  1.03049e-17
      4455.66  8.59240e-17  8.59240e-18
      4458.52  7.82085e-17  7.82085e-18
      4461.38  6.35942e-17  6.35942e-18
      4464.24  8.73632e-17  8.73632e-18
      4467.11  7.76500e-17  7.76500e-18
      4469.97  1.27521e-16  1.27521e-17
      4472.83  8.98070e-17  8.98070e-18
      4475.70  8.70723e-17  8.70723e-18
      4478.56  1.24800e-16  1.24800e-17
      4481.42  1.29017e-16  1.29017e-17
      4484.29  1.09323e-16  1.09323e-17
      4487.15  8.78640e-17  8.78640e-18
      4490.01  1.10169e-16  1.10169e-17
      4492.88  8.33898e-17  8.33898e-18
      4495.74  1.52813e-16  1.52813e-17
      4498.60  1.39602e-16  1.39602e-17
      4501.47  1.38930e-16  1.38930e-17
      4504.33  1.44226e-16  1.44226e-17
      4507.19  1.44168e-16  1.44168e-17
      4510.06  8.84934e-17  8.84934e-18
      4512.92  1.37287e-16  1.37287e-17
      4515.78  1.43409e-16  1.43409e-17
      4518.64  1.12993e-16  1.12993e-17
      4521.51  1.38514e-16  1.38514e-17
      4524.37  1.40735e-16  1.40735e-17
      4527.23  1.08750e-16  1.08750e-17
      4530.10  1.26846e-16  1.26846e-17
      4532.96  1.05775e-16  1.05775e-17
      4535.82  1.25711e-16  1.25711e-17
      4538.69  9.18552e-17  9.18552e-18
      4541.55  9.89387e-17  9.89387e-18
      4544.41  1.31180e-16  1.31180e-17
      4547.28  1.14881e-16  1.14881e-17
      4550.14  1.10821e-16  1.10821e-17
      4553.00  1.15658e-16  1.15658e-17
      4555.87  1.15603e-16  1.15603e-17
      4558.73  1.24632e-16  1.24632e-17
      4561.59  1.13046e-16  1.13046e-17
      4564.45  1.17999e-16  1.17999e-17
      4567.32  7.57916e-17  7.57916e-18
      4570.18  7.57424e-17  7.57424e-18
      4573.04  1.09822e-16  1.09822e-17
      4575.91  1.12066e-16  1.12066e-17
      4578.77  1.14039e-16  1.14039e-17
      4581.63  1.49426e-16  1.49426e-17
      4584.50  1.10843e-16  1.10843e-17
      4587.36  1.29725e-16  1.29725e-17
      4590.22  1.36429e-16  1.36429e-17
      4593.09  1.47064e-16  1.47064e-17
      4595.95  1.05168e-16  1.05168e-17
      4598.81  9.55811e-17  9.55811e-18
      4601.68  1.40126e-16  1.40126e-17
      4604.54  1.53112e-16  1.53112e-17
      4607.40  1.12962e-16  1.12962e-17
      4610.26  1.64982e-16  1.64982e-17
      4613.13  1.72457e-16  1.72457e-17
      4615.99  1.33021e-16  1.33021e-17
      4618.85  1.54232e-16  1.54232e-17
      4621.72  1.37274e-16  1.37274e-17
      4624.58  1.43639e-16  1.43639e-17
      4627.44  1.51796e-16  1.51796e-17
      4630.31  1.62700e-16  1.62700e-17
      4633.17  1.82844e-16  1.82844e-17
      4636.03  1.29531e-16  1.29531e-17
      4638.90  1.49605e-16  1.49605e-17
      4641.76  1.57157e-16  1.57157e-17
      4644.62  1.86017e-16  1.86017e-17
      4647.49  1.64247e-16  1.64247e-17
      4650.35  1.81685e-16  1.81685e-17
      4653.21  1.91369e-16  1.91369e-17
      4656.08  1.77091e-16  1.77091e-17
      4658.94  1.79132e-16  1.79132e-17
      4661.80  2.15075e-16  2.15075e-17
      4664.66  1.92445e-16  1.92445e-17
      4667.53  1.66101e-16  1.66101e-17
      4670.39  1.58396e-16  1.58396e-17
      4673.25  1.93857e-16  1.93857e-17
      4676.12  1.77928e-16  1.77928e-17
      4678.98  1.88892e-16  1.88892e-17
      4681.84  1.90823e-16  1.90823e-17
      4684.71  1.98454e-16  1.98454e-17
      4687.57  2.14208e-16  2.14208e-17
      4690.43  1.90961e-16  1.90961e-17
      4693.30  1.84877e-16  1.84877e-17
      4696.16  1.93125e-16  1.93125e-17
      4699.02  1.93766e-16  1.93766e-17
      4701.89  1.88203e-16  1.88203e-17
      4704.75  1.73352e-16  1.73352e-17
      4707.61  1.78608e-16  1.78608e-17
      4710.47  1.82288e-16  1.82288e-17
      4713.34  1.96785e-16  1.96785e-17
      4716.20  1.61948e-16  1.61948e-17
      4719.06  1.58463e-16  1.58463e-17
      4721.93  1.56058e-16  1.56058e-17
      4724.79  1.64785e-16  1.64785e-17
      4727.65  1.26684e-16  1.26684e-17
      4730.52  1.50138e-16  1.50138e-17
      4733.38  1.35182e-16  1.35182e-17
      4736.24  1.29404e-16  1.29404e-17
      4739.11  1.49362e-16  1.49362e-17
      4741.97  1.42606e-16  1.42606e-17
      4744.83  1.67949e-16  1.67949e-17
      4747.70  1.35999e-16  1.35999e-17
      4750.56  1.47723e-16  1.47723e-17
      4753.42  1.22280e-16  1.22280e-17
      4756.28  1.17510e-16  1.17510e-17
      4759.15  1.22712e-16  1.22712e-17
      4762.01  1.34907e-16  1.34906e-17
      4764.87  1.23229e-16  1.23229e-17
      4767.74  1.22062e-16  1.22062e-17
      4770.60  1.22275e-16  1.22275e-17
      4773.46  1.54753e-16  1.54753e-17
      4776.33  1.30709e-16  1.30709e-17
      4779.19  1.19980e-16  1.19980e-17
      4782.05  1.24371e-16  1.24371e-17
      4784.92  1.36640e-16  1.36640e-17
      4787.78  1.17449e-16  1.17449e-17
      4790.64  1.37899e-16  1.37899e-17
      4793.51  1.10306e-16  1.10306e-17
      4796.37  1.25345e-16  1.25345e-17
      4799.23  1.09259e-16  1.09259e-17
      4802.09  1.09514e-16  1.09514e-17
      4804.96  1.46968e-16  1.46968e-17
      4807.82  1.47513e-16  1.47513e-17
      4810.68  1.35206e-16  1.35206e-17
      4813.55  1.03337e-16  1.03337e-17
      4816.41  1.38708e-16  1.38708e-17
      4819.27  1.33727e-16  1.33727e-17
      4822.14  1.37560e-16  1.37560e-17
      4825.00  1.53211e-16  1.53211e-17
      4827.86  1.41485e-16  1.41485e-17
      4830.73  1.06263e-16  1.06263e-17
      4833.59  1.33342e-16  1.33342e-17
      4836.45  1.56593e-16  1.56593e-17
      4839.32  1.16588e-16  1.16588e-17
      4842.18  1.22558e-16  1.22558e-17
      4845.04  1.36910e-16  1.36910e-17
      4847.91  1.52852e-16  1.52852e-17
      4850.77  1.06420e-16  1.06420e-17
      4853.63  1.38365e-16  1.38365e-17
      4856.49  1.04880e-16  1.04880e-17
      4859.36  1.02315e-16  1.02315e-17
      4862.22  1.40229e-16  1.40229e-17
      4865.08  1.38271e-16  1.38271e-17
      4867.95  1.25097e-16  1.25097e-17
      4870.81  1.21780e-16  1.21779e-17
      4873.67  1.30471e-16  1.30471e-17
      4876.54  1.29629e-16  1.29629e-17
      4879.40  1.25711e-16  1.25711e-17
      4882.26  1.28022e-16  1.28022e-17
      4885.13  1.12124e-16  1.12124e-17
      4887.99  9.61314e-17  9.61314e-18
      4890.85  1.36258e-16  1.36258e-17
      4893.72  9.95763e-17  9.95763e-18
      4896.58  1.17852e-16  1.17852e-17
      4899.44  1.12305e-16  1.12305e-17
      4902.30  1.21105e-16  1.21105e-17
      4905.17  1.17284e-16  1.17284e-17
      4908.03  1.16380e-16  1.16380e-17
      4910.89  1.16607e-16  1.16607e-17
      4913.76  1.19672e-16  1.19672e-17
      4916.62  8.87515e-17  8.87515e-18
      4919.48  1.14044e-16  1.14044e-17
      4922.35  1.14038e-16  1.14038e-17
      4925.21  7.67476e-17  7.67476e-18
      4928.07  7.94681e-17  7.94681e-18
      4930.94  1.07002e-16  1.07002e-17
      4933.80  7.83264e-17  7.83264e-18
      4936.66  6.72245e-17  6.72245e-18
      4939.53  1.01277e-16  1.01277e-17
      4942.39  1.04590e-16  1.04590e-17
      4945.25  1.01725e-16  1.01725e-17
      4948.11  7.13496e-17  7.13496e-18
      4950.98  1.08091e-16  1.08091e-17
      4953.84  9.31056e-17  9.31056e-18
      4956.70  6.24737e-17  6.24737e-18
      4959.57  8.53279e-17  8.53279e-18
      4962.43  1.03762e-16  1.03762e-17
      4965.29  8.63975e-17  8.63975e-18
      4968.16  9.85791e-17  9.85791e-18
      4971.02  8.49665e-17  8.49665e-18
      4973.88  1.17455e-16  1.17455e-17
      4976.75  8.70401e-17  8.70401e-18
      4979.61  6.40850e-17  6.40850e-18
      4982.47  9.05191e-17  9.05191e-18
      4985.34  8.92036e-17  8.92036e-18
      4988.20  1.05348e-16  1.05348e-17
      4991.06  1.13999e-16  1.13999e-17
      4993.93  9.68146e-17  9.68146e-18
      4996.79  9.88711e-17  9.88711e-18
      4999.65  1.19427e-16  1.19427e-17
      5002.51  9.85874e-17  9.85874e-18
      5005.38  1.16632e-16  1.16632e-17
      5008.24  1.22694e-16  1.22694e-17
      5011.10  1.08714e-16  1.08714e-17
      5013.97  1.30133e-16  1.30133e-17
      5016.83  1.20600e-16  1.20600e-17
      5019.69  1.44451e-16  1.44451e-17
      5022.56  1.28436e-16  1.28436e-17
      5025.42  1.07314e-16  1.07314e-17
      5028.28  1.29567e-16  1.29567e-17
      5031.15  1.54925e-16  1.54925e-17
      5034.01  1.23957e-16  1.23957e-17
      5036.87  1.01949e-16  1.01949e-17
      5039.74  1.08967e-16  1.08967e-17
      5042.60  1.07485e-16  1.07485e-17
      5045.46  1.06623e-16  1.06623e-17
      5048.32  1.10827e-16  1.10827e-17
      5051.19  1.20841e-16  1.20841e-17
      5054.05  8.70125e-17  8.70125e-18
      5056.91  9.65589e-17  9.65589e-18
      5059.78  9.71642e-17  9.71642e-18
      5062.64  9.92694e-17  9.92694e-18
      5065.50  1.02694e-16  1.02693e-17
      5068.37  1.13823e-16  1.13823e-17
      5071.23  6.46820e-17  6.46820e-18
      5074.09  8.94089e-17  8.94089e-18
      5076.96  8.95357e-17  8.95357e-18
      5079.82  9.03843e-17  9.03843e-18
      5082.68  9.50452e-17  9.50452e-18
      5085.55  8.83043e-17  8.83043e-18
      5088.41  1.09137e-16  1.09137e-17
      5091.27  1.09603e-16  1.09603e-17
      5094.13  1.25126e-16  1.25127e-17
      5097.00  9.83548e-17  9.83548e-18
      5099.86  7.96272e-17  7.96272e-18
      5102.72  1.05694e-16  1.05694e-17
      5105.59  1.03192e-16  1.03192e-17
      5108.45  1.09007e-16  1.09007e-17
      5111.31  1.05276e-16  1.05276e-17
      5114.18  7.81361e-17  7.81361e-18
      5117.04  1.13741e-16  1.13741e-17
      5119.90  1.06362e-16  1.06362e-17
      5122.77  1.21391e-16  1.21391e-17
      5125.63  1.03116e-16  1.03116e-17
      5128.49  1.26135e-16  1.26135e-17
      5131.36  9.38188e-17  9.38188e-18
      5134.22  1.02350e-16  1.02350e-17
      5137.08  9.36870e-17  9.36870e-18
      5139.94  1.09042e-16  1.09042e-17
      5142.81  1.07548e-16  1.07548e-17
      5145.67  1.22496e-16  1.22496e-17
      5148.53  1.02154e-16  1.02154e-17
      5151.40  1.25500e-16  1.25500e-17
      5154.26  1.17050e-16  1.17050e-17
      5157.12  9.98316e-17  9.98317e-18
      5159.99  1.17714e-16  1.17714e-17
      5162.85  1.21850e-16  1.21850e-17
      5165.71  1.32739e-16  1.32739e-17
      5168.58  1.21538e-16  1.21538e-17
      5171.44  1.16282e-16  1.16282e-17
      5174.30  1.35697e-16  1.35697e-17
      5177.17  1.41852e-16  1.41852e-17
      5180.03  1.47093e-16  1.47093e-17
      5182.89  1.32215e-16  1.32215e-17
      5185.76  1.51792e-16  1.51792e-17
      5188.62  1.22532e-16  1.22532e-17
      5191.48  1.52256e-16  1.52256e-17
      5194.34  1.53930e-16  1.53930e-17
      5197.21  1.66786e-16  1.66786e-17
      5200.07  1.62505e-16  1.62505e-17
      5202.93  1.74300e-16  1.74300e-17
      5205.80  1.76989e-16  1.76989e-17
      5208.66  1.54815e-16  1.54815e-17
      5211.52  1.68987e-16  1.68987e-17
      5214.39  1.68836e-16  1.68836e-17
      5217.25  1.71647e-16  1.71646e-17
      5220.11  1.25441e-16  1.25441e-17
      5222.98  1.55051e-16  1.55051e-17
      5225.84  1.79156e-16  1.79156e-17
      5228.70  1.82274e-16  1.82274e-17
      5231.57  1.87529e-16  1.87529e-17
      5234.43  1.80366e-16  1.80366e-17
      5237.29  1.90935e-16  1.90935e-17
      5240.15  2.02362e-16  2.02362e-17
      5243.02  2.18591e-16  2.18591e-17
      5245.88  2.12485e-16  2.12485e-17
      5248.74  2.01253e-16  2.01253e-17
      5251.61  1.84109e-16  1.84109e-17
      5254.47  1.74687e-16  1.74687e-17
      5257.33  1.80139e-16  1.80139e-17
      5260.20  2.08707e-16  2.08707e-17
      5263.06  2.27206e-16  2.27206e-17
      5265.92  1.84315e-16  1.84315e-17
      5268.79  2.03791e-16  2.03791e-17
      5271.65  1.76953e-16  1.76952e-17
      5274.51  2.20835e-16  2.20835e-17
      5277.38  2.20214e-16  2.20214e-17
      5280.24  1.98122e-16  1.98122e-17
      5283.10  2.23476e-16  2.23476e-17
      5285.96  2.13909e-16  2.13909e-17
      5288.83  1.95110e-16  1.95110e-17
      5291.69  2.10019e-16  2.10019e-17
      5294.55  2.27121e-16  2.27121e-17
      5297.42  2.11967e-16  2.11967e-17
      5300.28  2.33934e-16  2.33934e-17
      5303.14  2.34439e-16  2.34439e-17
      5306.01  2.08440e-16  2.08440e-17
      5308.87  2.27256e-16  2.27256e-17
      5311.73  2.21917e-16  2.21917e-17
      5314.60  2.46827e-16  2.46827e-17
      5317.46  2.22935e-16  2.22935e-17
      5320.32  2.13445e-16  2.13445e-17
      5323.19  2.51214e-16  2.51214e-17
      5326.05  2.37143e-16  2.37143e-17
      5328.91  2.37663e-16  2.37663e-17
      5331.78  2.20407e-16  2.20407e-17
      5334.64  2.39337e-16  2.39337e-17
      5337.50  2.32276e-16  2.32276e-17
      5340.36  2.23017e-16  2.23017e-17
      5343.23  2.46093e-16  2.46093e-17
      5346.09  2.25584e-16  2.25584e-17
      5348.95  2.36499e-16  2.36499e-17
      5351.82  2.56996e-16  2.56996e-17
      5354.68  2.36082e-16  2.36082e-17
      5357.54  2.50586e-16  2.50586e-17
      5360.41  2.35439e-16  2.35439e-17
      5363.27  2.51516e-16  2.51516e-17
      5366.13  2.58113e-16  2.58113e-17
      5369.00  2.35649e-16  2.35649e-17
      5371.86  2.39848e-16  2.39848e-17
      5374.72  2.43403e-16  2.43403e-17
      5377.59  2.52260e-16  2.52260e-17
      5380.45  2.21350e-16  2.21350e-17
      5383.31  2.56593e-16  2.56593e-17
      5386.17  2.69977e-16  2.69977e-17
      5389.04  2.42428e-16  2.42428e-17
      5391.90  2.34278e-16  2.34278e-17
      5394.76  2.73668e-16  2.73668e-17
      5397.63  2.76301e-16  2.76301e-17
      5400.49  2.56087e-16  2.56087e-17
      5403.35  2.76520e-16  2.76520e-17
      5406.22  2.57999e-16  2.57999e-17
      5409.08  2.46410e-16  2.46410e-17
      5411.94  2.65046e-16  2.65046e-17
      5414.81  2.43551e-16  2.43551e-17
      5417.67  2.62048e-16  2.62048e-17
      5420.53  2.45384e-16  2.45384e-17
      5423.40  2.36798e-16  2.36798e-17
      5426.26  2.49186e-16  2.49186e-17
      5429.12  2.55922e-16  2.55922e-17
      5431.98  2.53468e-16  2.53468e-17
      5434.85  2.61092e-16  2.61092e-17
      5437.71  2.36316e-16  2.36316e-17
      5440.57  2.30618e-16  2.30618e-17
      5443.44  2.54510e-16  2.54510e-17
      5446.30  2.41000e-16  2.41000e-17
      5449.16  2.66551e-16  2.66551e-17
      5452.03  2.32683e-16  2.32683e-17
      5454.89  2.32418e-16  2.32418e-17
      5457.75  2.36203e-16  2.36203e-17
      5460.62  2.66072e-16  2.66072e-17
      5463.48  2.22426e-16  2.22426e-17
      5466.34  2.25287e-16  2.25288e-17
      5469.21  2.34825e-16  2.34825e-17
      5472.07  2.24987e-16  2.24987e-17
      5474.93  2.45595e-16  2.45595e-17
      5477.79  2.50643e-16  2.50643e-17
      5480.66  2.51777e-16  2.51777e-17
      5483.52  2.67838e-16  2.67838e-17
      5486.38  2.64532e-16  2.64532e-17
      5489.25  2.39280e-16  2.39280e-17
      5492.11  2.53285e-16  2.53285e-17
      5494.97  2.71535e-16  2.71535e-17
      5497.84  2.75917e-16  2.75917e-17
      5500.70  2.89086e-16  2.89086e-17
      5503.56  2.79196e-16  2.79196e-17
      5506.43  2.83076e-16  2.83076e-17
      5509.29  2.72335e-16  2.72335e-17
      5512.15  2.86947e-16  2.86947e-17
      5515.02  2.92858e-16  2.92858e-17
      5517.88  3.10734e-16  3.10734e-17
      5520.74  3.09668e-16  3.09668e-17
      5523.61  2.98969e-16  2.98969e-17
      5526.47  3.26342e-16  3.26342e-17
      5529.33  3.16289e-16  3.16289e-17
      5532.19  3.13327e-16  3.13327e-17
      5535.06  3.32464e-16  3.32464e-17
      5537.92  3.54523e-16  3.54523e-17
      5540.78  3.52449e-16  3.52449e-17
      5543.65  3.55203e-16  3.55203e-17
      5546.51  3.53223e-16  3.53223e-17
      5549.37  3.63541e-16  3.63541e-17
      5552.24  3.61547e-16  3.61547e-17
      5555.10  3.45410e-16  3.45410e-17
      5557.96  3.59936e-16  3.59936e-17
      5560.83  3.60794e-16  3.60794e-17
      5563.69  3.63266e-16  3.63266e-17
      5566.55  3.21888e-16  3.21888e-17
      5569.42  3.46126e-16  3.46126e-17
      5572.28  3.62931e-16  3.62931e-17
      5575.14  3.50657e-16  3.50657e-17
      5578.00  3.77735e-16  3.77735e-17
      5580.87  3.99871e-16  3.99871e-17
      5583.73  3.50353e-16  3.50353e-17
      5586.59  3.74831e-16  3.74831e-17
      5589.46  3.85463e-16  3.85463e-17
      5592.32  3.64063e-16  3.64063e-17
      5595.18  3.92242e-16  3.92242e-17
      5598.05  3.87763e-16  3.87763e-17
      5600.91  3.94729e-16  3.94729e-17
      5603.77  3.67353e-16  3.67353e-17
      5606.64  3.56217e-16  3.56217e-17
      5609.50  3.78258e-16  3.78258e-17
      5612.36  3.89767e-16  3.89767e-17
      5615.23  3.88128e-16  3.88128e-17
      5618.09  3.67727e-16  3.67727e-17
      5620.95  3.91438e-16  3.91438e-17
      5623.81  3.66443e-16  3.66443e-17
      5626.68  3.70922e-16  3.70922e-17
      5629.54  3.82241e-16  3.82241e-17
      5632.40  3.53629e-16  3.53629e-17
      5635.27  3.64464e-16  3.64464e-17
      5638.13  3.45774e-16  3.45774e-17
      5640.99  3.51643e-16  3.51643e-17
      5643.86  3.48031e-16  3.48031e-17
      5646.72  3.41071e-16  3.41071e-17
      5649.58  3.69921e-16  3.69921e-17
      5652.45  3.68846e-16  3.68846e-17
      5655.31  3.77516e-16  3.77516e-17
      5658.17  3.83533e-16  3.83533e-17
      5661.04  3.99779e-16  3.99780e-17
      5663.90  3.85398e-16  3.85398e-17
      5666.76  3.66854e-16  3.66854e-17
      5669.62  3.83885e-16  3.83885e-17
      5672.49  3.60431e-16  3.60431e-17
      5675.35  4.10379e-16  4.10379e-17
      5678.21  3.83386e-16  3.83386e-17
      5681.08  4.03834e-16  4.03834e-17
      5683.94  3.94897e-16  3.94897e-17
      5686.80  4.10602e-16  4.10602e-17
      5689.67  4.00042e-16  4.00042e-17
      5692.53  4.14013e-16  4.14013e-17
      5695.39  4.05293e-16  4.05293e-17
      5698.26  3.93487e-16  3.93487e-17
      5701.12  3.91036e-16  3.91036e-17
      5703.98  4.32626e-16  4.32626e-17
      5706.85  4.45306e-16  4.45306e-17
      5709.71  4.29398e-16  4.29398e-17
      5712.57  4.44879e-16  4.44879e-17
      5715.44  4.37868e-16  4.37868e-17
      5718.30  4.20032e-16  4.20032e-17
      5721.16  4.66412e-16  4.66412e-17
      5724.02  4.10179e-16  4.10179e-17
      5726.89  4.20711e-16  4.20711e-17
      5729.75  4.18902e-16  4.18902e-17
      5732.61  4.36253e-16  4.36253e-17
      5735.48  4.25628e-16  4.25628e-17
      5738.34  4.41076e-16  4.41076e-17
      5741.20  4.22089e-16  4.22089e-17
      5744.07  4.16207e-16  4.16207e-17
      5746.93  3.90792e-16  3.90792e-17
      5749.79  4.19041e-16  4.19041e-17
      5752.66  4.44603e-16  4.44603e-17
      5755.52  4.41225e-16  4.41225e-17
      5758.38  4.26608e-16  4.26608e-17
      5761.25  4.14240e-16  4.14240e-17
      5764.11  4.18986e-16  4.18986e-17
      5766.97  3.92778e-16  3.92778e-17
      5769.83  4.08827e-16  4.08827e-17
      5772.70  3.81713e-16  3.81713e-17
      5775.56  3.52103e-16  3.52103e-17
      5778.42  3.86676e-16  3.86676e-17
      5781.29  3.83620e-16  3.83620e-17
      5784.15  3.70842e-16  3.70842e-17
      5787.01  3.59864e-16  3.59864e-17
      5789.88  3.59055e-16  3.59055e-17
      5792.74  3.42726e-16  3.42726e-17
      5795.60  3.46363e-16  3.46363e-17
      5798.47  3.69112e-16  3.69112e-17
      5801.33  3.54269e-16  3.54269e-17
      5804.19  3.49480e-16  3.49480e-17
      5807.06  3.33439e-16  3.33439e-17
      5809.92  3.60393e-16  3.60393e-17
      5812.78  3.74184e-16  3.74184e-17
      5815.65  3.40029e-16  3.40029e-17
      5818.51  3.38580e-16  3.38580e-17
      5821.37  3.59525e-16  3.59525e-17
      5824.23  3.66794e-16  3.66794e-17
      5827.10  3.60898e-16  3.60898e-17
      5829.96  3.65618e-16  3.65618e-17
      5832.82  3.55372e-16  3.55372e-17
      5835.69  3.46326e-16  3.46326e-17
      5838.55  3.48246e-16  3.48246e-17
      5841.41  3.61990e-16  3.61990e-17
      5844.28  3.39646e-16  3.39646e-17
      5847.14  3.28793e-16  3.28793e-17
      5850.00  3.78218e-16  3.78218e-17
      5852.87  3.59494e-16  3.59494e-17
      5855.73  3.56376e-16  3.56376e-17
      5858.59  3.39035e-16  3.39035e-17
      5861.46  3.43918e-16  3.43918e-17
      5864.32  3.16041e-16  3.16041e-17
      5867.18  3.14453e-16  3.14453e-17
      5870.04  3.40471e-16  3.40471e-17
      5872.91  3.39193e-16  3.39193e-17
      5875.77  3.30354e-16  3.30354e-17
      5878.63  3.40452e-16  3.40452e-17
      5881.50  3.36050e-16  3.36050e-17
      5884.36  3.36926e-16  3.36926e-17
      5887.22  3.31225e-16  3.31224e-17
      5890.09  3.01596e-16  3.01596e-17
      5892.95  3.30120e-16  3.30120e-17
      5895.81  3.33552e-16  3.33552e-17
      5898.68  3.20076e-16  3.20076e-17
      5901.54  3.08784e-16  3.08784e-17
      5904.40  3.23603e-16  3.23603e-17
      5907.27  3.17224e-16  3.17224e-17
      5910.13  3.28366e-16  3.28366e-17
      5912.99  3.40678e-16  3.40678e-17
      5915.85  3.02897e-16  3.02897e-17
      5918.72  3.11594e-16  3.11594e-17
      5921.58  3.45098e-16  3.45098e-17
      5924.44  3.45099e-16  3.45099e-17
      5927.31  2.85933e-16  2.85933e-17
      5930.17  3.21142e-16  3.21142e-17
      5933.03  3.37056e-16  3.37056e-17
      5935.90  2.77433e-16  2.77433e-17
      5938.76  2.79080e-16  2.79080e-17
      5941.62  3.00715e-16  3.00715e-17
      5944.49  3.32150e-16  3.32150e-17
      5947.35  3.19641e-16  3.19641e-17
      5950.21  2.90290e-16  2.90290e-17
      5953.08  3.12259e-16  3.12259e-17
      5955.94  2.96201e-16  2.96201e-17
      5958.80  2.96325e-16  2.96325e-17
      5961.67  2.96924e-16  2.96924e-17
      5964.53  3.25902e-16  3.25902e-17
      5967.39  2.91394e-16  2.91394e-17
      5970.25  2.98310e-16  2.98310e-17
      5973.12  2.96415e-16  2.96415e-17
      5975.98  2.95043e-16  2.95043e-17
      5978.84  2.98359e-16  2.98359e-17
      5981.71  2.97416e-16  2.97416e-17
      5984.57  2.74357e-16  2.74357e-17
      5987.43  2.84806e-16  2.84806e-17
      5990.30  2.90205e-16  2.90205e-17
      5993.16  2.98976e-16  2.98976e-17
      5996.02  2.71844e-16  2.71844e-17
      5998.89  2.82374e-16  2.82374e-17
      6001.75  2.99659e-16  2.99659e-17
      6004.61  2.67704e-16  2.67704e-17
      6007.48  2.68824e-16  2.68824e-17
      6010.34  2.46202e-16  2.46202e-17
      6013.20  2.68558e-16  2.68558e-17
      6016.06  2.66686e-16  2.66686e-17
      6018.93  2.69359e-16  2.69359e-17
      6021.79  2.73080e-16  2.73080e-17
      6024.65  2.62940e-16  2.62940e-17
      6027.52  2.72088e-16  2.72088e-17
      6030.38  2.57634e-16  2.57634e-17
      6033.24  2.63175e-16  2.63175e-17
      6036.11  2.75167e-16  2.75167e-17
      6038.97  2.79695e-16  2.79695e-17
      6041.83  2.48045e-16  2.48045e-17
      6044.70  2.54162e-16  2.54162e-17
      6047.56  2.62232e-16  2.62232e-17
      6050.42  3.02247e-16  3.02247e-17
      6053.29  2.76231e-16  2.76231e-17
      6056.15  2.75722e-16  2.75721e-17
      6059.01  2.53081e-16  2.53081e-17
      6061.88  2.78649e-16  2.78648e-17
      6064.74  2.64432e-16  2.64432e-17
      6067.60  2.35259e-16  2.35259e-17
      6070.46  2.57164e-16  2.57164e-17
      6073.33  2.53786e-16  2.53786e-17
      6076.19  2.46305e-16  2.46305e-17
      6079.05  2.58968e-16  2.58968e-17
      6081.92  2.49740e-16  2.49740e-17
      6084.78  2.48507e-16  2.48507e-17
      6087.64  2.52465e-16  2.52465e-17
      6090.51  2.56601e-16  2.56601e-17
      6093.37  2.83549e-16  2.83549e-17
      6096.23  2.66541e-16  2.66541e-17
      6099.10  2.49801e-16  2.49801e-17
      6101.96  2.75668e-16  2.75668e-17
      6104.82  2.53955e-16  2.53955e-17
      6107.69  2.57999e-16  2.57999e-17
      6110.55  2.47180e-16  2.47180e-17
      6113.41  2.31797e-16  2.31797e-17
      6116.27  2.46647e-16  2.46647e-17
      6119.14  2.66707e-16  2.66707e-17
      6122.00  2.60424e-16  2.60424e-17
      6124.86  2.49615e-16  2.49615e-17
      6127.73  2.42880e-16  2.42880e-17
      6130.59  2.47212e-16  2.47212e-17
      6133.45  2.39674e-16  2.39674e-17
      6136.32  2.54958e-16  2.54958e-17
      6139.18  2.49648e-16  2.49648e-17
      6142.04  2.23765e-16  2.23765e-17
      6144.91  2.48025e-16  2.48025e-17
      6147.77  2.50922e-16  2.50922e-17
      6150.63  2.33727e-16  2.33727e-17
      6153.50  2.49330e-16  2.49330e-17
      6156.36  2.39975e-16  2.39975e-17
      6159.22  2.49191e-16  2.49191e-17
      6162.08  2.33952e-16  2.33952e-17
      6164.95  2.02651e-16  2.02651e-17
      6167.81  2.31447e-16  2.31447e-17
      6170.67  2.15599e-16  2.15599e-17
      6173.54  2.06358e-16  2.06358e-17
      6176.40  2.05836e-16  2.05836e-17
      6179.26  2.20273e-16  2.20273e-17
      6182.13  1.89856e-16  1.89856e-17
      6184.99  2.29256e-16  2.29256e-17
      6187.85  2.15651e-16  2.15651e-17
      6190.72  2.18747e-16  2.18747e-17
      6193.58  2.07507e-16  2.07507e-17
      6196.44  1.83251e-16  1.83251e-17
      6199.31  1.67233e-16  1.67233e-17
      6202.17  1.87345e-16  1.87345e-17
      6205.03  1.78390e-16  1.78390e-17
      6207.90  1.71661e-16  1.71661e-17
      6210.76  1.59205e-16  1.59206e-17
      6213.62  1.75518e-16  1.75518e-17
      6216.48  1.60633e-16  1.60633e-17
      6219.35  1.51381e-16  1.51381e-17
      6222.21  1.74762e-16  1.74762e-17
      6225.07  1.38292e-16  1.38292e-17
      6227.94  1.61337e-16  1.61337e-17
      6230.80  1.46233e-16  1.46233e-17
      6233.66  1.56594e-16  1.56594e-17
      6236.53  1.37851e-16  1.37851e-17
      6239.39  1.49308e-16  1.49308e-17
      6242.25  1.45417e-16  1.45417e-17
      6245.12  1.48387e-16  1.48387e-17
      6247.98  1.44510e-16  1.44510e-17
      6250.84  1.52902e-16  1.52902e-17
      6253.71  1.31698e-16  1.31698e-17
      6256.57  1.23116e-16  1.23116e-17
      6259.43  1.23080e-16  1.23080e-17
      6262.29  1.24251e-16  1.24251e-17
      6265.16  1.39827e-16  1.39827e-17
      6268.02  1.47123e-16  1.47124e-17
      6270.88  1.10655e-16  1.10655e-17
      6273.75  1.29512e-16  1.29512e-17
      6276.61  1.32095e-16  1.32095e-17
      6279.47  1.29917e-16  1.29917e-17
      6282.34  1.25362e-16  1.25362e-17
      6285.20  9.03043e-17  9.03043e-18
      6288.06  1.13991e-16  1.13991e-17
      6290.93  1.39362e-16  1.39362e-17
      6293.79  1.28373e-16  1.28373e-17
      6296.65  1.20401e-16  1.20401e-17
      6299.52  1.24327e-16  1.24327e-17
      6302.38  1.18736e-16  1.18736e-17
      6305.24  1.34046e-16  1.34046e-17
      6308.10  1.56243e-16  1.56243e-17
      6310.97  1.32650e-16  1.32650e-17
      6313.83  1.25040e-16  1.25040e-17
      6316.69  1.36288e-16  1.36288e-17
      6319.56  1.49312e-16  1.49312e-17
      6322.42  1.57097e-16  1.57097e-17
      6325.28  1.69413e-16  1.69413e-17
      6328.15  1.70395e-16  1.70395e-17
      6331.01  1.71125e-16  1.71125e-17
      6333.87  1.94749e-16  1.94749e-17
      6336.74  1.94268e-16  1.94268e-17
      6339.60  1.90309e-16  1.90309e-17
      6342.46  1.89578e-16  1.89578e-17
      6345.33  1.95008e-16  1.95008e-17
      6348.19  1.93729e-16  1.93729e-17
      6351.05  1.91940e-16  1.91940e-17
      6353.92  1.78134e-16  1.78134e-17
      6356.78  1.81257e-16  1.81257e-17
      6359.64  2.11436e-16  2.11436e-17
      6362.50  2.01153e-16  2.01153e-17
      6365.37  2.18626e-16  2.18626e-17
      6368.23  1.89176e-16  1.89177e-17
      6371.09  2.22145e-16  2.22145e-17
      6373.96  1.91896e-16  1.91896e-17
      6376.82  2.17882e-16  2.17882e-17
      6379.68  2.21417e-16  2.21417e-17
      6382.55  2.22899e-16  2.22899e-17
      6385.41  2.09332e-16  2.09332e-17
      6388.27  2.22979e-16  2.22979e-17
      6391.14  2.16627e-16  2.16627e-17
      6394.00  2.26880e-16  2.26880e-17
      6396.86  1.96250e-16  1.96250e-17
      6399.73  2.16612e-16  2.16612e-17
      6402.59  2.26093e-16  2.26093e-17
      6405.45  2.39562e-16  2.39562e-17
      6408.31  2.69210e-16  2.69210e-17
      6411.18  2.44959e-16  2.44959e-17
      6414.04  2.39295e-16  2.39295e-17
      6416.90  2.19126e-16  2.19126e-17
      6419.77  2.20595e-16  2.20595e-17
      6422.63  2.43834e-16  2.43834e-17
      6425.49  2.42242e-16  2.42242e-17
      6428.36  2.35376e-16  2.35376e-17
      6431.22  2.34055e-16  2.34055e-17
      6434.08  2.51298e-16  2.51298e-17
      6436.95  2.41852e-16  2.41852e-17
      6439.81  2.43622e-16  2.43622e-17
      6442.67  2.29439e-16  2.29439e-17
      6445.54  2.39837e-16  2.39837e-17
      6448.40  2.44063e-16  2.44063e-17
      6451.26  2.41877e-16  2.41877e-17
      6454.12  2.53302e-16  2.53302e-17
      6456.99  2.44433e-16  2.44433e-17
      6459.85  2.53342e-16  2.53342e-17
      6462.71  2.52410e-16  2.52410e-17
      6465.58  2.46745e-16  2.46745e-17
      6468.44  2.35625e-16  2.35625e-17
      6471.30  2.73772e-16  2.73772e-17
      6474.17  2.65912e-16  2.65912e-17
      6477.03  2.51614e-16  2.51614e-17
      6479.89  2.59331e-16  2.59331e-17
      6482.76  2.68032e-16  2.68032e-17
      6485.62  2.78216e-16  2.78216e-17
      6488.48  2.56906e-16  2.56906e-17
      6491.35  2.65244e-16  2.65244e-17
      6494.21  2.64678e-16  2.64678e-17
      6497.07  2.73792e-16  2.73792e-17
      6499.93  2.93761e-16  2.93761e-17
      6502.80  2.84625e-16  2.84626e-17
      6505.66  2.87782e-16  2.87782e-17
      6508.52  3.00605e-16  3.00605e-17
      6511.39  2.91199e-16  2.91199e-17
      6514.25  2.82473e-16  2.82473e-17
      6517.11  2.71364e-16  2.71364e-17
      6519.98  2.82793e-16  2.82793e-17
      6522.84  2.99132e-16  2.99132e-17
      6525.70  3.03127e-16  3.03127e-17
      6528.57  3.16633e-16  3.16633e-17
      6531.43  3.20026e-16  3.20026e-17
      6534.29  3.07221e-16  3.07221e-17
      6537.16  3.15461e-16  3.15461e-17
      6540.02  3.19201e-16  3.19201e-17
      6542.88  3.25526e-16  3.25526e-17
      6545.75  3.10439e-16  3.10439e-17
      6548.61  3.27656e-16  3.27656e-17
      6551.47  3.60376e-16  3.60376e-17
      6554.33  3.33650e-16  3.33650e-17
      6557.20  3.25845e-16  3.25845e-17
      6560.06  3.36301e-16  3.36301e-17
      6562.92  3.49917e-16  3.49917e-17
      6565.79  3.43014e-16  3.43014e-17
      6568.65  3.45000e-16  3.45000e-17
      6571.51  3.51415e-16  3.51415e-17
      6574.38  3.41001e-16  3.41001e-17
      6577.24  3.66231e-16  3.66231e-17
      6580.10  3.37542e-16  3.37542e-17
      6582.97  3.23328e-16  3.23328e-17
      6585.83  3.31642e-16  3.31642e-17
      6588.69  3.45512e-16  3.45512e-17
      6591.56  3.30442e-16  3.30442e-17
      6594.42  3.38739e-16  3.38739e-17
      6597.28  3.61905e-16  3.61905e-17
      6600.14  3.55142e-16  3.55142e-17
      6603.01  3.33003e-16  3.33003e-17
      6605.87  3.45697e-16  3.45697e-17
      6608.73  3.45051e-16  3.45051e-17
      6611.60  3.33622e-16  3.33622e-17
      6614.46  3.60692e-16  3.60692e-17
      6617.32  3.32548e-16  3.32548e-17
      6620.19  3.36711e-16  3.36711e-17
      6623.05  3.55935e-16  3.55935e-17
      6625.91  3.31328e-16  3.31328e-17
      6628.78  3.50622e-16  3.50622e-17
      6631.64  3.48579e-16  3.48580e-17
      6634.50  3.42377e-16  3.42377e-17
      6637.37  3.45705e-16  3.45705e-17
      6640.23  3.34730e-16  3.34729e-17
      6643.09  3.42663e-16  3.42663e-17
      6645.95  3.06125e-16  3.06125e-17
      6648.82  3.15899e-16  3.15899e-17
      6651.68  3.45459e-16  3.45459e-17
      6654.54  3.36367e-16  3.36367e-17
      6657.41  3.44125e-16  3.44125e-17
      6660.27  3.22955e-16  3.22955e-17
      6663.13  3.01659e-16  3.01659e-17
      6666.00  3.34581e-16  3.34581e-17
      6668.86  3.37725e-16  3.37725e-17
      6671.72  3.24675e-16  3.24675e-17
      6674.59  3.39857e-16  3.39857e-17
      6677.45  3.33046e-16  3.33046e-17
      6680.31  3.08808e-16  3.08808e-17
      6683.18  3.07396e-16  3.07396e-17
      6686.04  3.19120e-16  3.19120e-17
      6688.90  3.35958e-16  3.35958e-17
      6691.76  3.36560e-16  3.36560e-17
      6694.63  3.25355e-16  3.25355e-17
      6697.49  3.13577e-16  3.13577e-17
      6700.35  3.13690e-16  3.13690e-17
      6703.22  3.09341e-16  3.09341e-17
      6706.08  3.09557e-16  3.09557e-17
      6708.94  3.17775e-16  3.17775e-17
      6711.81  3.35782e-16  3.35782e-17
      6714.67  3.28477e-16  3.28477e-17
      6717.53  3.07082e-16  3.07082e-17
      6720.40  3.23095e-16  3.23095e-17
      6723.26  3.45672e-16  3.45672e-17
      6726.12  3.26119e-16  3.26119e-17
      6728.99  3.19970e-16  3.19970e-17
      6731.85  3.26160e-16  3.26160e-17
      6734.71  3.30676e-16  3.30676e-17
      6737.58  3.14450e-16  3.14450e-17
      6740.44  3.19582e-16  3.19582e-17
      6743.30  3.27995e-16  3.27995e-17
      6746.16  3.29747e-16  3.29747e-17
      6749.03  3.14155e-16  3.14155e-17
      6751.89  3.26738e-16  3.26738e-17
      6754.75  3.17620e-16  3.17620e-17
      6757.62  3.09892e-16  3.09892e-17
      6760.48  3.14725e-16  3.14725e-17
      6763.34  3.16532e-16  3.16532e-17
      6766.21  3.16447e-16  3.16447e-17
      6769.07  3.18272e-16  3.18272e-17
      6771.93  3.15428e-16  3.15428e-17
      6774.80  3.05715e-16  3.05715e-17
      6777.66  2.98295e-16  2.98295e-17
      6780.52  3.11814e-16  3.11814e-17
      6783.39  2.93219e-16  2.93219e-17
      6786.25  3.02563e-16  3.02563e-17
      6789.11  2.91891e-16  2.91891e-17
      6791.97  2.69077e-16  2.69077e-17
      6794.84  2.91477e-16  2.91477e-17
      6797.70  2.90331e-16  2.90331e-17
      6800.56  2.94328e-16  2.94328e-17
      6803.43  2.88362e-16  2.88362e-17
      6806.29  2.76207e-16  2.76207e-17
      6809.15  2.84731e-16  2.84731e-17
      6812.02  2.61256e-16  2.61256e-17
      6814.88  2.91972e-16  2.91972e-17
      6817.74  2.62414e-16  2.62414e-17
      6820.61  2.47412e-16  2.47412e-17
      6823.47  2.85546e-16  2.85546e-17
      6826.33  2.82438e-16  2.82438e-17
      6829.20  2.91286e-16  2.91286e-17
      6832.06  2.84408e-16  2.84408e-17
      6834.92  3.02487e-16  3.02487e-17
      6837.78  2.89167e-16  2.89167e-17
      6840.65  2.70473e-16  2.70473e-17
      6843.51  2.92499e-16  2.92499e-17
      6846.37  2.72599e-16  2.72599e-17
      6849.24  2.74329e-16  2.74329e-17
      6852.10  2.80325e-16  2.80325e-17
      6854.96  2.91055e-16  2.91055e-17
      6857.83  3.11842e-16  3.11842e-17
      6860.69  2.91391e-16  2.91391e-17
      6863.55  2.66270e-16  2.66270e-17
      6866.42  2.70229e-16  2.70229e-17
      6869.28  2.74152e-16  2.74152e-17
      6872.14  2.42321e-16  2.42321e-17
      6875.01  2.51211e-16  2.51211e-17
      6877.87  2.79539e-16  2.79539e-17
      6880.73  2.54395e-16  2.54395e-17
      6883.60  2.35280e-16  2.35280e-17
      6886.46  2.61263e-16  2.61263e-17
      6889.32  2.68397e-16  2.68397e-17
      6892.18  2.70884e-16  2.70884e-17
      6895.05  2.91582e-16  2.91581e-17
      6897.91  2.63185e-16  2.63185e-17
      6900.77  2.58932e-16  2.58932e-17
      6903.64  2.85505e-16  2.85505e-17
      6906.50  2.71320e-16  2.71320e-17
      6909.36  2.67854e-16  2.67854e-17
      6912.23  2.65901e-16  2.65901e-17
      6915.09  2.79288e-16  2.79288e-17
      6917.95  2.56197e-16  2.56197e-17
      6920.82  2.30176e-16  2.30176e-17
      6923.68  2.65324e-16  2.65324e-17
      6926.54  2.62810e-16  2.62810e-17
      6929.41  2.45950e-16  2.45950e-17
      6932.27  2.40988e-16  2.40988e-17
      6935.13  2.47762e-16  2.47762e-17
      6937.99  2.33549e-16  2.33549e-17
      6940.86  2.39218e-16  2.39218e-17
      6943.72  2.41715e-16  2.41715e-17
      6946.58  2.35377e-16  2.35377e-17
      6949.45  2.38621e-16  2.38621e-17
      6952.31  2.46261e-16  2.46261e-17
      6955.17  2.24304e-16  2.24304e-17
      6958.04  2.03274e-16  2.03274e-17
      6960.90  2.32310e-16  2.32310e-17
      6963.76  2.16058e-16  2.16058e-17
      6966.63  2.17586e-16  2.17586e-17
      6969.49  2.32167e-16  2.32167e-17
      6972.35  2.29280e-16  2.29280e-17
      6975.22  2.24842e-16  2.24842e-17
      6978.08  2.29386e-16  2.29386e-17
      6980.94  2.14506e-16  2.14506e-17
      6983.80  2.12288e-16  2.12288e-17
      6986.67  2.11569e-16  2.11569e-17
      6989.53  2.18906e-16  2.18906e-17
      6992.39  2.19820e-16  2.19820e-17
      6995.26  2.37404e-16  2.37404e-17
      6998.12  2.20257e-16  2.20257e-17
      7000.98  2.19446e-16  2.19446e-17
      7003.85  2.21822e-16  2.21822e-17
      7006.71  2.24649e-16  2.24649e-17
      7009.57  2.53227e-16  2.53227e-17
      7012.44  2.38170e-16  2.38170e-17
      7015.30  2.00341e-16  2.00341e-17
      7018.16  2.25722e-16  2.25722e-17
      7021.03  2.35199e-16  2.35199e-17
      7023.89  2.34713e-16  2.34713e-17
      7026.75  2.49857e-16  2.49857e-17
      7029.61  2.65869e-16  2.65869e-17
      7032.48  2.45350e-16  2.45350e-17
      7035.34  2.38062e-16  2.38062e-17
      7038.20  2.64586e-16  2.64586e-17
      7041.07  2.68246e-16  2.68246e-17
      7043.93  2.67208e-16  2.67208e-17
      7046.79  2.70977e-16  2.70977e-17
      7049.66  2.67412e-16  2.67412e-17
      7052.52  2.76523e-16  2.76523e-17
      7055.38  2.70651e-16  2.70651e-17
      7058.25  2.34213e-16  2.34213e-17
      7061.11  2.74810e-16  2.74810e-17
      7063.97  2.86472e-16  2.86472e-17
      7066.84  2.65006e-16  2.65006e-17
      7069.70  2.79905e-16  2.79905e-17
      7072.56  2.68388e-16  2.68388e-17
      7075.43  2.88799e-16  2.88799e-17
      7078.29  2.67627e-16  2.67627e-17
      7081.15  2.62551e-16  2.62551e-17
      7084.01  2.61302e-16  2.61302e-17
      7086.88  2.51102e-16  2.51102e-17
      7089.74  2.53789e-16  2.53789e-17
      7092.60  2.69614e-16  2.69614e-17
      7095.47  2.51248e-16  2.51248e-17
      7098.33  2.49533e-16  2.49533e-17
      7101.19  2.48029e-16  2.48029e-17
      7104.06  2.66064e-16  2.66064e-17
      7106.92  2.63517e-16  2.63517e-17
      7109.78  2.42675e-16  2.42675e-17
      7112.65  2.41512e-16  2.41512e-17
      7115.51  2.58942e-16  2.58942e-17
      7118.37  2.49388e-16  2.49388e-17
      7121.24  2.39902e-16  2.39902e-17
      7124.10  2.35366e-16  2.35366e-17
      7126.96  2.39304e-16  2.39304e-17
      7129.82  2.53925e-16  2.53925e-17
      7132.69  2.55863e-16  2.55863e-17
      7135.55  2.24914e-16  2.24914e-17
      7138.41  2.21247e-16  2.21247e-17
      7141.28  2.21204e-16  2.21204e-17
      7144.14  2.07203e-16  2.07203e-17
      7147.00  2.21876e-16  2.21876e-17
      7149.87  2.16951e-16  2.16951e-17
      7152.73  1.93353e-16  1.93353e-17
      7155.59  1.91481e-16  1.91481e-17
      7158.46  2.02793e-16  2.02793e-17
      7161.32  1.88832e-16  1.88832e-17
      7164.18  1.99210e-16  1.99210e-17
      7167.05  1.92311e-16  1.92311e-17
      7169.91  1.87200e-16  1.87200e-17
      7172.77  1.88594e-16  1.88594e-17
      7175.63  1.93298e-16  1.93298e-17
      7178.50  1.81999e-16  1.81999e-17
      7181.36  1.79092e-16  1.79092e-17
      7184.22  1.64497e-16  1.64497e-17
      7187.09  1.63581e-16  1.63581e-17
      7189.95  1.63358e-16  1.63358e-17
      7192.81  1.72915e-16  1.72915e-17
      7195.68  1.76587e-16  1.76587e-17
      7198.54  1.68920e-16  1.68920e-17
      7201.40  1.88275e-16  1.88275e-17
      7204.27  1.85206e-16  1.85206e-17
      7207.13  1.70237e-16  1.70237e-17
      7209.99  1.85326e-16  1.85326e-17
      7212.86  1.70351e-16  1.70351e-17
      7215.72  1.75283e-16  1.75283e-17
      7218.58  1.89334e-16  1.89334e-17
      7221.45  1.73754e-16  1.73754e-17
      7224.31  1.78305e-16  1.78305e-17
      7227.17  1.85506e-16  1.85506e-17
      7230.03  1.68762e-16  1.68762e-17
      7232.90  1.96414e-16  1.96414e-17
      7235.76  1.65811e-16  1.65811e-17
      7238.62  1.65653e-16  1.65653e-17
      7241.49  1.84568e-16  1.84568e-17
      7244.35  1.81601e-16  1.81601e-17
      7247.21  1.68910e-16  1.68910e-17
      7250.08  1.97876e-16  1.97876e-17
      7252.94  1.83719e-16  1.83719e-17
      7255.80  1.84126e-16  1.84126e-17
      7258.67  1.72291e-16  1.72291e-17
      7261.53  1.46184e-16  1.46184e-17
      7264.39  1.81802e-16  1.81802e-17
      7267.26  1.91430e-16  1.91430e-17
      7270.12  1.66128e-16  1.66128e-17
      7272.98  1.75426e-16  1.75426e-17
      7275.84  1.67719e-16  1.67719e-17
      7278.71  1.63977e-16  1.63977e-17
      7281.57  1.69174e-16  1.69174e-17
      7284.43  1.76295e-16  1.76295e-17
      7287.30  1.86687e-16  1.86687e-17
      7290.16  1.97937e-16  1.97937e-17
      7293.02  1.68492e-16  1.68492e-17
      7295.89  1.94680e-16  1.94680e-17
      7298.75  2.02407e-16  2.02407e-17
      7301.61  1.77935e-16  1.77935e-17
      7304.48  1.91824e-16  1.91824e-17
      7307.34  1.92571e-16  1.92571e-17
      7310.20  1.94574e-16  1.94574e-17
      7313.07  1.87519e-16  1.87519e-17
      7315.93  1.72314e-16  1.72314e-17
      7318.79  1.88715e-16  1.88715e-17
      7321.65  1.97984e-16  1.97984e-17
      7324.52  2.07084e-16  2.07084e-17
      7327.38  2.04051e-16  2.04051e-17
      7330.24  2.38677e-16  2.38677e-17
      7333.11  1.95821e-16  1.95821e-17
      7335.97  1.86047e-16  1.86047e-17
      7338.83  2.10161e-16  2.10161e-17
      7341.70  2.19879e-16  2.19879e-17
      7344.56  2.16753e-16  2.16753e-17
      7347.42  2.20873e-16  2.20873e-17
      7350.29  2.08519e-16  2.08519e-17
      7353.15  2.16190e-16  2.16190e-17
      7356.01  1.99697e-16  1.99697e-17
      7358.88  1.98727e-16  1.98727e-17
      7361.74  2.29062e-16  2.29062e-17
      7364.60  2.33916e-16  2.33916e-17
      7367.46  2.08645e-16  2.08645e-17
      7370.33  2.19644e-16  2.19644e-17
      7373.19  2.27803e-16  2.27803e-17
      7376.05  2.29863e-16  2.29863e-17
      7378.92  2.17226e-16  2.17226e-17
      7381.78  2.01957e-16  2.01957e-17
      7384.64  2.36103e-16  2.36103e-17
      7387.51  2.28993e-16  2.28993e-17
      7390.37  2.23650e-16  2.23650e-17
      7393.23  1.97747e-16  1.97747e-17
      7396.10  2.13730e-16  2.13730e-17
      7398.96  2.19208e-16  2.19208e-17
      7401.82  2.14129e-16  2.14129e-17
      7404.69  2.20156e-16  2.20156e-17
      7407.55  2.03902e-16  2.03902e-17
      7410.41  2.02848e-16  2.02847e-17
      7413.28  2.29337e-16  2.29337e-17
      7416.14  2.09207e-16  2.09207e-17
      7419.00  2.26545e-16  2.26545e-17
      7421.86  2.22142e-16  2.22142e-17
      7424.73  1.95354e-16  1.95354e-17
      7427.59  2.10256e-16  2.10256e-17
      7430.45  2.01733e-16  2.01734e-17
      7433.32  2.09704e-16  2.09704e-17
      7436.18  2.21103e-16  2.21103e-17
      7439.04  2.19173e-16  2.19173e-17
      7441.91  2.24250e-16  2.24250e-17
      7444.77  2.22609e-16  2.22609e-17
      7447.63  2.35827e-16  2.35827e-17
      7450.50  2.06667e-16  2.06667e-17
      7453.36  1.97549e-16  1.97549e-17
      7456.22  2.19031e-16  2.19032e-17
      7459.09  2.29620e-16  2.29620e-17
      7461.95  2.13191e-16  2.13191e-17
      7464.81  2.19537e-16  2.19537e-17
      7467.67  2.25616e-16  2.25616e-17
      7470.54  2.05656e-16  2.05656e-17
      7473.40  2.10462e-16  2.10462e-17
      7476.26  2.19897e-16  2.19897e-17
      7479.13  2.24567e-16  2.24567e-17
      7481.99  2.58024e-16  2.58024e-17
      7484.85  2.78482e-16  2.78482e-17
      7487.72  2.71160e-16  2.71160e-17
      7490.58  2.43495e-16  2.43495e-17
      7493.44  2.30888e-16  2.30888e-17
      7496.31  2.15929e-16  2.15929e-17
      7499.17  1.94669e-16  1.94669e-17
      7502.03  1.52460e-16  1.52460e-17
      7504.90  1.83389e-16  1.83389e-17
      7507.76  1.62140e-16  1.62140e-17
      7510.62  1.46082e-16  1.46082e-17
      7513.48  1.73920e-16  1.73920e-17
      7516.35  1.95477e-16  1.95477e-17
      7519.21  1.75343e-16  1.75343e-17
      7522.07  1.79128e-16  1.79128e-17
      7524.94  1.40823e-16  1.40823e-17
      7527.80  1.37739e-16  1.37739e-17
      7530.66  1.28951e-16  1.28951e-17
      7533.53  1.26691e-16  1.26691e-17
      7536.39  1.35777e-16  1.35777e-17
      7539.25  1.18963e-16  1.18963e-17
      7542.12  1.18457e-16  1.18457e-17
      7544.98  1.21820e-16  1.21820e-17
      7547.84  1.06119e-16  1.06119e-17
      7550.71  1.15535e-16  1.15535e-17
      7553.57  9.74256e-17  9.74256e-18
      7556.43  1.08085e-16  1.08085e-17
      7559.30  9.70774e-17  9.70774e-18
      7562.16  9.13418e-17  9.13418e-18
      7565.02  7.80272e-17  7.80272e-18
      7567.88  1.01918e-16  1.01918e-17
      7570.75  8.25107e-17  8.25107e-18
      7573.61  8.19473e-17  8.19473e-18
      7576.47  9.98667e-17  9.98667e-18
      7579.34  8.20132e-17  8.20132e-18
      7582.20  9.39521e-17  9.39521e-18
      7585.06  8.59602e-17  8.59602e-18
      7587.93  6.10875e-17  6.10875e-18
      7590.79  6.79556e-17  6.79556e-18
      7593.65  6.18721e-17  6.18721e-18
      7596.52  5.41616e-17  5.41616e-18
      7599.38  6.21833e-17  6.21833e-18
      7602.24  6.12901e-17  6.12901e-18
      7605.11  4.92747e-17  4.92747e-18
      7607.97  5.38275e-17  5.38275e-18
      7610.83  7.57193e-17  7.57193e-18
      7613.69  7.14783e-17  7.14783e-18
      7616.56  7.49807e-17  7.49807e-18
      7619.42  7.84312e-17  7.84312e-18
      7622.28  6.82717e-17  6.82717e-18
      7625.15  6.21148e-17  6.21148e-18
      7628.01  7.62732e-17  7.62732e-18
      7630.87  6.70182e-17  6.70182e-18
      7633.74  8.67842e-17  8.67842e-18
      7636.60  7.73058e-17  7.73058e-18
      7639.46  6.26175e-17  6.26175e-18
      7642.33  8.36217e-17  8.36217e-18
      7645.19  8.76326e-17  8.76326e-18
      7648.05  9.54655e-17  9.54655e-18
      7650.92  1.03729e-16  1.03729e-17
      7653.78  9.47190e-17  9.47190e-18
      7656.64  8.19080e-17  8.19080e-18
      7659.50  9.91115e-17  9.91115e-18
      7662.37  9.96291e-17  9.96291e-18
      7665.23  1.13116e-16  1.13116e-17
      7668.09  1.16671e-16  1.16671e-17
      7670.96  1.25844e-16  1.25844e-17
      7673.82  1.30944e-16  1.30944e-17
      7676.68  1.37914e-16  1.37914e-17
      7679.55  1.41275e-16  1.41275e-17
      7682.41  1.33357e-16  1.33357e-17
      7685.27  1.37215e-16  1.37215e-17
      7688.14  1.63590e-16  1.63590e-17
      7691.00  1.73167e-16  1.73167e-17
      7693.86  1.68160e-16  1.68160e-17
      7696.73  1.63880e-16  1.63880e-17
      7699.59  1.73273e-16  1.73273e-17
      7702.45  1.85330e-16  1.85330e-17
      7705.31  2.05680e-16  2.05680e-17
      7708.18  1.93977e-16  1.93977e-17
      7711.04  1.83053e-16  1.83053e-17
      7713.90  2.10590e-16  2.10590e-17
      7716.77  1.97709e-16  1.97709e-17
      7719.63  2.17269e-16  2.17269e-17
      7722.49  2.54972e-16  2.54972e-17
      7725.36  2.51264e-16  2.51264e-17
      7728.22  2.37513e-16  2.37513e-17
      7731.08  2.57831e-16  2.57831e-17
      7733.95  2.85133e-16  2.85133e-17
      7736.81  2.63215e-16  2.63215e-17
      7739.67  2.38885e-16  2.38885e-17
      7742.54  2.59549e-16  2.59549e-17
      7745.40  2.51589e-16  2.51589e-17
      7748.26  2.62489e-16  2.62489e-17
      7751.13  2.76041e-16  2.76041e-17
      7753.99  2.87877e-16  2.87877e-17
      7756.85  3.15064e-16  3.15064e-17
      7759.71  3.21047e-16  3.21047e-17
      7762.58  2.96770e-16  2.96770e-17
      7765.44  3.08365e-16  3.08365e-17
      7768.30  3.11411e-16  3.11411e-17
      7771.17  3.03058e-16  3.03058e-17
      7774.03  3.21789e-16  3.21789e-17
      7776.89  3.31245e-16  3.31245e-17
      7779.76  3.33346e-16  3.33346e-17
      7782.62  3.58417e-16  3.58417e-17
      7785.48  3.39254e-16  3.39254e-17
      7788.35  3.32777e-16  3.32777e-17
      7791.21  3.25647e-16  3.25647e-17
      7794.07  3.30335e-16  3.30335e-17
      7796.94  3.57462e-16  3.57462e-17
      7799.80  3.32688e-16  3.32688e-17
      7802.66  3.44412e-16  3.44412e-17
      7805.52  3.67688e-16  3.67688e-17
      7808.39  3.04671e-16  3.04671e-17
      7811.25  3.30552e-16  3.30552e-17
      7814.11  3.57270e-16  3.57270e-17
      7816.98  3.37612e-16  3.37612e-17
      7819.84  3.31585e-16  3.31585e-17
      7822.70  3.44031e-16  3.44031e-17
      7825.57  3.19645e-16  3.19645e-17
      7828.43  3.56087e-16  3.56087e-17
      7831.29  3.75052e-16  3.75052e-17
      7834.16  4.02054e-16  4.02054e-17
      7837.02  3.55859e-16  3.55859e-17
      7839.88  3.44866e-16  3.44866e-17
      7842.75  3.36809e-16  3.36809e-17
      7845.61  3.70191e-16  3.70191e-17
      7848.47  3.69716e-16  3.69716e-17
      7851.33  3.73920e-16  3.73920e-17
      7854.20  3.51815e-16  3.51815e-17
      7857.06  3.59913e-16  3.59913e-17
      7859.92  3.49844e-16  3.49844e-17
      7862.79  3.57759e-16  3.57758e-17
      7865.65  3.63371e-16  3.63371e-17
      7868.51  3.42836e-16  3.42835e-17
      7871.38  3.27455e-16  3.27455e-17
      7874.24  3.71593e-16  3.71593e-17
      7877.10  3.33828e-16  3.33828e-17
      7879.97  3.28192e-16  3.28192e-17
      7882.83  3.50923e-16  3.50923e-17
      7885.69  3.24304e-16  3.24304e-17
      7888.56  3.23099e-16  3.23099e-17
      7891.42  3.37659e-16  3.37659e-17
      7894.28  3.36427e-16  3.36427e-17
      7897.15  3.36500e-16  3.36500e-17
      7900.01  3.17807e-16  3.17807e-17
      7902.87  2.97458e-16  2.97458e-17
      7905.73  3.50508e-16  3.50508e-17
      7908.60  3.16792e-16  3.16792e-17
      7911.46  2.90310e-16  2.90309e-17
      7914.32  2.94764e-16  2.94764e-17
      7917.19  2.72891e-16  2.72891e-17
      7920.05  3.17468e-16  3.17468e-17
      7922.91  3.24650e-16  3.24650e-17
      7925.78  3.01946e-16  3.01946e-17
      7928.64  2.89455e-16  2.89455e-17
      7931.50  2.92694e-16  2.92694e-17
      7934.37  2.46415e-16  2.46415e-17
      7937.23  2.77692e-16  2.77692e-17
      7940.09  2.82727e-16  2.82727e-17
      7942.96  2.64294e-16  2.64294e-17
      7945.82  2.79414e-16  2.79414e-17
      7948.68  2.46370e-16  2.46370e-17
      7951.54  2.30815e-16  2.30815e-17
      7954.41  2.18775e-16  2.18775e-17
      7957.27  2.36817e-16  2.36817e-17
      7960.13  2.03354e-16  2.03354e-17
      7963.00  1.83176e-16  1.83176e-17
      7965.86  2.22824e-16  2.22824e-17
      7968.72  2.33279e-16  2.33279e-17
      7971.59  1.95938e-16  1.95938e-17
      7974.45  2.12885e-16  2.12885e-17
      7977.31  1.89492e-16  1.89492e-17
      7980.18  1.84300e-16  1.84300e-17
      7983.04  1.58410e-16  1.58410e-17
      7985.90  1.68909e-16  1.68909e-17
      7988.77  1.86588e-16  1.86588e-17
      7991.63  1.65522e-16  1.65522e-17
      7994.49  1.89965e-16  1.89965e-17
      7997.35  1.69783e-16  1.69783e-17
      8000.22  1.75177e-16  1.75177e-17
      8003.08  1.84715e-16  1.84715e-17
      8005.94  1.68793e-16  1.68793e-17
      8008.81  1.61417e-16  1.61417e-17
      8011.67  1.48266e-16  1.48266e-17
      8014.53  1.53144e-16  1.53144e-17
      8017.40  1.52014e-16  1.52014e-17
      8020.26  1.70403e-16  1.70403e-17
      8023.12  1.16614e-16  1.16614e-17
      8025.99  1.64557e-16  1.64557e-17
      8028.85  1.32311e-16  1.32311e-17
      8031.71  1.16453e-16  1.16453e-17
      8034.58  1.08915e-16  1.08915e-17
      8037.44  1.02918e-16  1.02918e-17
      8040.30  9.48861e-17  9.48861e-18
      8043.17  8.72167e-17  8.72167e-18
      8046.03  1.05242e-16  1.05242e-17
      8048.89  7.78585e-17  7.78585e-18
      8051.75  5.71648e-17  5.71648e-18
      8054.62  9.42308e-17  9.42308e-18
      8057.48  1.09449e-16  1.09449e-17
      8060.34  1.20078e-16  1.20078e-17
      8063.21  7.83034e-17  7.83034e-18
      8066.07  6.62907e-17  6.62907e-18
      8068.93  7.05837e-17  7.05837e-18
      8071.80  6.41877e-17  6.41877e-18
      8074.66  7.84931e-17  7.84931e-18
      8077.52  6.44407e-17  6.44407e-18
      8080.39  6.21828e-17  6.21828e-18
      8083.25  7.09587e-17  7.09587e-18
      8086.11  6.48738e-17  6.48738e-18
      8088.98  4.67548e-17  4.67548e-18
      8091.84  4.41078e-17  4.41078e-18
      8094.70  2.73232e-17  2.73232e-18
      8097.56  5.89438e-17  5.89438e-18
      8100.43  5.48015e-17  5.48015e-18
      8103.29  5.06346e-17  5.06346e-18
      8106.15  2.75832e-17  2.75832e-18
      8109.02  1.52850e-17  1.52850e-18
      8111.88  3.69031e-17  3.69031e-18
      8114.74  4.17237e-17  4.17237e-18
      8117.61  3.31001e-17  3.31001e-18
      8120.47  7.08438e-18  7.08438e-19
      8123.33  5.51495e-17  5.51495e-18
      8126.20  6.49131e-17  6.49131e-18
      8129.06  2.26985e-17  2.26985e-18
      8131.92  3.52774e-17  3.52774e-18
      8134.79  3.67362e-17  3.67362e-18
      8137.65  2.84409e-17  2.84409e-18
      8140.51  4.62161e-17  4.62161e-18
      8143.38  4.75759e-17  4.75759e-18
      8146.24  4.87255e-17  4.87255e-18
      8149.10  6.42984e-17  6.42984e-18
      8151.96  4.75566e-17  4.75566e-18
      8154.83  3.36022e-17  3.36022e-18
      8157.69  7.85636e-17  7.85636e-18
      8160.55  7.56491e-17  7.56491e-18
      8163.42  3.39406e-17  3.39406e-18
      8166.28  6.64887e-17  6.64887e-18
      8169.14  6.43136e-17  6.43136e-18
      8172.01  2.75881e-17  2.75881e-18
      8174.87  4.99657e-17  4.99657e-18
      8177.73  5.10981e-17  5.10981e-18
      8180.60  3.92797e-17  3.92797e-18
      8183.46  5.69615e-17  5.69615e-18
      8186.32  4.34317e-17  4.34317e-18
      8189.19  3.00860e-17  3.00860e-18
      8192.05  6.37005e-17  6.37005e-18
      8194.91  5.64990e-17  5.64990e-18
      8197.77  4.08269e-17  4.08269e-18
      8200.64  3.26696e-17  3.26696e-18
      8203.50  4.58034e-17  4.58034e-18
      8206.36  5.77542e-17  5.77542e-18
      8209.23  5.87104e-17  5.87104e-18
      8212.09  6.00138e-17  6.00138e-18
      8214.95  4.63530e-17  4.63530e-18
      8217.82  3.48315e-17  3.48315e-18
      8220.68  3.91122e-17  3.91122e-18
      8223.54  6.38318e-17  6.38318e-18
      8226.41  5.15632e-17  5.15632e-18
      8229.27  4.60336e-17  4.60336e-18
      8232.13  4.13108e-17  4.13108e-18
      8235.00  4.67888e-17  4.67888e-18
      8237.86  4.21044e-17  4.21044e-18
      8240.72  4.16509e-17  4.16509e-18
      8243.58  3.62767e-17  3.62767e-18
      8246.45  4.60604e-17  4.60604e-18
      8249.31  2.45635e-17  2.45635e-18
      8252.17  6.10361e-18  6.10361e-19
      8255.04  6.14236e-17  6.14236e-18
      8257.90  2.82414e-17  2.82414e-18
      8260.76  3.43991e-17  3.43991e-18
      8263.63  4.70807e-17  4.70807e-18
      8266.49  4.74487e-17  4.74487e-18
      8269.35  4.78513e-17  4.78513e-18
      8272.22  4.31122e-17  4.31122e-18
      8275.08  3.04250e-17  3.04249e-18
      8277.94  2.77099e-17  2.77099e-18
      8280.81  5.16434e-17  5.16434e-18
      8283.67  4.30058e-17  4.30058e-18
      8286.53  5.79662e-17  5.79662e-18
      8289.39  4.62362e-17  4.62362e-18
      8292.26  6.32417e-17  6.32417e-18
      8295.12  1.00206e-16  1.00206e-17
      8297.98  7.03780e-17  7.03780e-18
      8300.85  4.56189e-17  4.56189e-18
      8303.71  1.08591e-17  1.08591e-18
      8306.57  6.26799e-17  6.26800e-18
      8309.44  1.01566e-16  1.01566e-17
      8312.30  2.55513e-17  2.55513e-18
      8315.16  1.93486e-17  1.93486e-18
      8318.03  2.32587e-17  2.32587e-18
      8320.89  4.28527e-17  4.28527e-18
      8323.75  4.98068e-17  4.98068e-18
      8326.62  3.36614e-17  3.36614e-18
      8329.48  4.75576e-17  4.75576e-18
      8332.34  2.46124e-18  2.46124e-19
      8335.21  4.56677e-17  4.56677e-18
      8338.07  9.04621e-18  9.04621e-19
      8340.93  3.21979e-17  3.21979e-18
      8343.79  3.70148e-17  3.70148e-18
      8346.66  4.00645e-17  4.00646e-18
      8349.52  3.72699e-18  3.72699e-19
      8352.38  3.44150e-17  3.44150e-18
      8355.25  2.83335e-17  2.83335e-18
      8358.11  8.06227e-17  8.06227e-18
      8360.97  4.44536e-17  4.44536e-18
      8363.84  5.36032e-17  5.36032e-18
      8366.70  6.41793e-17  6.41793e-18
      8369.56  4.14327e-17  4.14327e-18
      8372.43  5.71640e-17  5.71640e-18
      8375.29  5.98179e-17  5.98179e-18
      8378.15  4.25315e-17  4.25316e-18
      8381.02  6.47459e-17  6.47459e-18
      8383.88  4.58248e-17  4.58248e-18
      8386.74  8.20663e-18  8.20663e-19
      8389.60  4.06751e-17  4.06751e-18
      8392.47  4.83800e-17  4.83800e-18
      8395.33  5.89815e-17  5.89815e-18
      8398.19  5.31885e-17  5.31885e-18
      8401.06  4.46999e-17  4.46999e-18
      8403.92  6.44626e-17  6.44626e-18
      8406.78  1.42305e-17  1.42305e-18
      8409.65  2.94878e-17  2.94878e-18
      8412.51  7.87224e-17  7.87224e-18
      8415.37  4.03266e-17  4.03266e-18
      8418.24  4.19819e-17  4.19819e-18
      8421.10  9.17531e-17  9.17531e-18
      8423.96  8.05593e-17  8.05593e-18
      8426.83  6.48802e-17  6.48802e-18
      8429.69  7.10704e-17  7.10704e-18
      8432.55  1.01934e-16  1.01935e-17
      8435.42  6.75951e-17  6.75951e-18
      8438.28  7.48968e-17  7.48968e-18
      8441.14  5.18867e-17  5.18867e-18
      8444.00  8.42600e-17  8.42600e-18
      8446.87  3.35329e-17  3.35329e-18
      8449.73  8.64267e-17  8.64267e-18
      8452.59  4.74581e-17  4.74581e-18
      8455.46  5.82466e-17  5.82466e-18
      8458.32  6.15341e-17  6.15341e-18
      8461.18  5.55098e-17  5.55098e-18
      8464.05  6.09016e-17  6.09016e-18
      8466.91  6.26925e-17  6.26925e-18
      8469.77  7.69841e-17  7.69841e-18
      8472.64  9.28401e-17  9.28401e-18
      8475.50  7.82037e-17  7.82037e-18
      8478.36  9.12519e-17  9.12519e-18
      8481.22  8.22315e-17  8.22315e-18
      8484.09  4.81713e-17  4.81713e-18
      8486.95  7.72546e-17  7.72546e-18
      8489.81  8.56754e-17  8.56754e-18
      8492.68  8.73111e-17  8.73111e-18
      8495.54  8.37212e-17  8.37212e-18
      8498.40  8.14429e-17  8.14429e-18
      8501.27  9.57735e-17  9.57735e-18
      8504.13  1.23613e-16  1.23613e-17
      8506.99  1.12305e-16  1.12305e-17
      8509.86  1.01333e-16  1.01333e-17
      8512.72  9.92356e-17  9.92356e-18
      8515.58  9.51260e-17  9.51260e-18
      8518.45  9.35725e-17  9.35725e-18
      8521.31  1.17414e-16  1.17414e-17
      8524.17  1.09554e-16  1.09554e-17
      8527.04  8.36632e-17  8.36632e-18
      8529.90  1.07120e-16  1.07120e-17
      8532.76  1.00197e-16  1.00197e-17
      8535.62  1.13324e-16  1.13324e-17
      8538.49  1.10212e-16  1.10212e-17
      8541.35  1.10305e-16  1.10305e-17
      8544.21  1.28012e-16  1.28012e-17
      8547.08  1.25016e-16  1.25016e-17
      8549.94  1.16028e-16  1.16028e-17
      8552.80  1.14795e-16  1.14795e-17
      8555.67  1.57725e-16  1.57725e-17
      8558.53  1.56126e-16  1.56126e-17
      8561.39  1.48412e-16  1.48412e-17
      8564.26  1.71317e-16  1.71317e-17
      8567.12  1.64333e-16  1.64333e-17
      8569.98  1.41784e-16  1.41784e-17
      8572.85  1.42488e-16  1.42488e-17
      8575.71  1.53941e-16  1.53941e-17
      8578.57  1.48919e-16  1.48919e-17
      8581.43  1.66275e-16  1.66275e-17
      8584.30  1.71329e-16  1.71329e-17
      8587.16  1.77775e-16  1.77775e-17
      8590.02  1.78647e-16  1.78647e-17
      8592.89  1.76833e-16  1.76833e-17
      8595.75  1.72523e-16  1.72523e-17
      8598.61  1.77157e-16  1.77157e-17
      8601.48  2.01009e-16  2.01009e-17
      8604.34  1.99642e-16  1.99642e-17
      8607.20  1.73619e-16  1.73619e-17
      8610.07  2.08400e-16  2.08400e-17
      8612.93  1.86623e-16  1.86623e-17
      8615.79  2.13316e-16  2.13316e-17
      8618.66  2.16033e-16  2.16033e-17
      8621.52  2.04122e-16  2.04122e-17
      8624.38  1.97714e-16  1.97714e-17
      8627.25  1.90468e-16  1.90468e-17
      8630.11  1.79575e-16  1.79575e-17
      8632.97  1.98726e-16  1.98726e-17
      8635.83  2.05131e-16  2.05131e-17
      8638.70  2.07550e-16  2.07550e-17
      8641.56  2.08385e-16  2.08385e-17
      8644.42  2.38024e-16  2.38024e-17
      8647.29  2.56299e-16  2.56299e-17
      8650.15  2.46331e-16  2.46331e-17
      8653.01  2.64165e-16  2.64165e-17
      8655.88  2.94952e-16  2.94951e-17
      8658.74  2.38242e-16  2.38242e-17
      8661.60  2.60586e-16  2.60586e-17
      8664.47  2.85515e-16  2.85515e-17
      8667.33  2.47159e-16  2.47159e-17
      8670.19  2.65003e-16  2.65003e-17
      8673.06  2.72971e-16  2.72971e-17
      8675.92  2.80841e-16  2.80841e-17
      8678.78  3.07290e-16  3.07290e-17
      8681.64  2.89925e-16  2.89925e-17
      8684.51  2.86155e-16  2.86155e-17
      8687.37  3.21479e-16  3.21479e-17
      8690.23  2.98989e-16  2.98989e-17
      8693.10  2.69898e-16  2.69898e-17
      8695.96  2.87473e-16  2.87472e-17
      8698.82  3.24227e-16  3.24227e-17
      8701.69  3.07189e-16  3.07189e-17
      8704.55  3.05666e-16  3.05666e-17
      8707.41  3.14413e-16  3.14413e-17
      8710.28  3.26745e-16  3.26745e-17
      8713.14  3.31152e-16  3.31152e-17
      8716.00  3.11580e-16  3.11580e-17
      8718.87  3.28086e-16  3.28086e-17
      8721.73  3.46975e-16  3.46975e-17
      8724.59  3.36001e-16  3.36001e-17
      8727.46  3.43226e-16  3.43226e-17
      8730.32  3.71257e-16  3.71257e-17
      8733.18  3.77333e-16  3.77333e-17
      8736.04  3.56162e-16  3.56162e-17
      8738.91  3.35250e-16  3.35250e-17
      8741.77  3.35006e-16  3.35006e-17
      8744.63  3.42084e-16  3.42084e-17
      8747.50  3.58645e-16  3.58645e-17
      8750.36  3.42402e-16  3.42402e-17
      8753.22  3.12648e-16  3.12648e-17
      8756.09  3.42069e-16  3.42068e-17
      8758.95  3.55558e-16  3.55558e-17
      8761.81  3.82247e-16  3.82248e-17
      8764.68  3.61829e-16  3.61829e-17
      8767.54  3.28720e-16  3.28720e-17
      8770.40  3.36882e-16  3.36882e-17
      8773.26  3.63360e-16  3.63359e-17
      8776.13  3.41413e-16  3.41413e-17
      8778.99  2.99265e-16  2.99265e-17
      8781.85  3.03114e-16  3.03115e-17
      8784.72  2.94294e-16  2.94294e-17
      8787.58  3.28525e-16  3.28525e-17
      8790.44  3.36634e-16  3.36634e-17
      8793.31  3.11176e-16  3.11176e-17
      8796.17  2.94563e-16  2.94563e-17
      8799.03  2.89059e-16  2.89059e-17
      8801.90  3.06565e-16  3.06565e-17
      8804.76  2.93170e-16  2.93170e-17
      8807.62  3.00969e-16  3.00969e-17
      8810.49  2.95401e-16  2.95401e-17
      8813.35  2.63556e-16  2.63556e-17
      8816.21  2.56158e-16  2.56158e-17
      8819.08  2.45707e-16  2.45707e-17
      8821.94  2.42118e-16  2.42118e-17
      8824.80  2.24833e-16  2.24833e-17
      8827.67  2.76626e-16  2.76626e-17
      8830.53  2.25371e-16  2.25371e-17
      8833.39  2.57272e-16  2.57272e-17
      8836.25  3.08668e-16  3.08668e-17
      8839.12  2.45484e-16  2.45484e-17
      8841.98  2.50299e-16  2.50299e-17
      8844.84  2.63823e-16  2.63823e-17
      8847.71  2.40092e-16  2.40092e-17
      8850.57  2.30121e-16  2.30121e-17
      8853.43  2.64268e-16  2.64268e-17
      8856.30  2.89425e-16  2.89426e-17
      8859.16  2.54440e-16  2.54440e-17
      8862.02  2.43634e-16  2.43634e-17
      8864.89  2.45608e-16  2.45608e-17
      8867.75  2.79203e-16  2.79203e-17
      8870.61  2.67584e-16  2.67584e-17
      8873.47  2.11218e-16  2.11218e-17
      8876.34  2.71009e-16  2.71009e-17
      8879.20  3.18447e-16  3.18447e-17
      8882.06  2.71690e-16  2.71690e-17
      8884.93  3.00599e-16  3.00599e-17
      8887.79  3.07481e-16  3.07481e-17
      8890.65  2.77038e-16  2.77038e-17
      8893.52  3.08323e-16  3.08323e-17
      8896.38  2.53426e-16  2.53426e-17
      8899.24  2.14499e-16  2.14499e-17
      8902.11  2.10565e-16  2.10565e-17
      8904.97  2.19117e-16  2.19117e-17
      8907.83  2.56662e-16  2.56662e-17
      8910.70  2.96778e-16  2.96778e-17
      8913.56  2.48927e-16  2.48927e-17
      8916.42  2.44121e-16  2.44121e-17
      8919.29  2.27518e-16  2.27518e-17
      8922.15  2.48703e-16  2.48703e-17
      8925.01  3.11460e-16  3.11460e-17
      8927.87  2.31405e-16  2.31405e-17
      8930.74  1.97364e-16  1.97364e-17
      8933.60  2.60745e-16  2.60745e-17
      8936.46  2.88217e-16  2.88217e-17
      8939.33  2.55517e-16  2.55517e-17
      8942.19  2.42885e-16  2.42885e-17
      8945.05  2.39077e-16  2.39077e-17
      8947.92  2.51569e-16  2.51569e-17
      8950.78  2.17254e-16  2.17254e-17
      8953.64  2.26910e-16  2.26910e-17
      8956.51  2.42205e-16  2.42205e-17
      8959.37  2.38122e-16  2.38122e-17
      8962.23  2.82162e-16  2.82162e-17
      8965.09  2.41120e-16  2.41120e-17
      8967.96  2.27295e-16  2.27295e-17
      8970.82  2.71999e-16  2.71999e-17
      8973.68  2.06258e-16  2.06258e-17
      8976.55  1.74066e-16  1.74066e-17
      8979.41  3.02250e-16  3.02250e-17
      8982.27  2.58579e-16  2.58579e-17
      8985.14  1.78646e-16  1.78646e-17
      8988.00  2.41158e-16  2.41158e-17
      8990.86  2.62461e-16  2.62461e-17
      8993.73  2.23545e-16  2.23545e-17
      8996.59  2.24982e-16  2.24982e-17
      8999.45  2.14014e-16  2.14014e-17
      9002.32  2.94315e-16  2.94315e-17
      9005.18  3.06429e-16  3.06429e-17
      9008.04  2.48177e-16  2.48177e-17
      9010.91  2.96086e-16  2.96086e-17
      9013.77  3.28289e-16  3.28289e-17
      9016.63  3.12061e-16  3.12061e-17
      9019.50  1.23870e-16  1.23870e-17
      9022.36  1.76396e-16  1.76396e-17
      9025.22  3.00239e-16  3.00239e-17
      9028.08  2.46097e-16  2.46097e-17
      9030.95  2.44141e-16  2.44141e-17
      9033.81  2.44732e-16  2.44732e-17
      9036.67  2.45018e-16  2.45018e-17
      9039.54  2.66834e-16  2.66834e-17
      9042.40  2.08525e-16  2.08525e-17
      9045.26  1.71281e-16  1.71281e-17
      9048.13  2.13411e-16  2.13411e-17
      9050.99  2.35277e-16  2.35277e-17
      9053.85  1.97943e-16  1.97943e-17
      9056.72  1.51127e-16  1.51127e-17
      9059.58  1.96825e-16  1.96825e-17
      9062.44  2.39800e-16  2.39800e-17
      9065.30  1.31859e-16  1.31859e-17
      9068.17  9.65457e-17  9.65458e-18
      9071.03  1.44526e-16  1.44526e-17
      9073.89  1.07007e-16  1.07007e-17
      9076.76  1.34421e-16  1.34421e-17
      9079.62  1.21090e-16  1.21090e-17
      9082.48  1.58976e-16  1.58976e-17
      9085.35  1.05410e-16  1.05410e-17
      9088.21  3.43095e-17  3.43095e-18
      9091.07  8.93590e-17  8.93590e-18
      9093.94  2.01378e-16  2.01378e-17
      9096.80  1.11590e-16  1.11590e-17
      9099.66  1.38384e-16  1.38384e-17
      9102.53  1.90996e-16  1.90996e-17
      9105.39  1.31448e-16  1.31448e-17
      9108.25  1.73721e-16  1.73721e-17
      9111.12  7.50754e-17  7.50754e-18
      9113.98  7.88562e-17  7.88562e-18
      9116.84  1.53824e-16  1.53824e-17
      9119.70  1.68682e-16  1.68681e-17
      9122.57  5.31372e-17  5.31372e-18
      9125.43 -1.99639e-17 -1.99639e-18
      9128.29  7.22119e-17  7.22119e-18
      9131.16  5.47353e-17  5.47353e-18
      9134.02  1.16255e-16  1.16255e-17
      9136.88  6.54890e-17  6.54890e-18
      9139.75  1.31249e-17  1.31249e-18
      9142.61  1.04285e-16  1.04285e-17
      9145.47  1.46271e-16  1.46271e-17
      9148.34 -4.22784e-18 -4.22784e-19
      9151.20 -1.01420e-17 -1.01420e-18
      9154.06 -1.46918e-18 -1.46918e-19
      9156.92 -1.36512e-18 -1.36512e-19
      9159.79 -1.42566e-18 -1.42566e-19
      9162.65 -1.51979e-18 -1.51979e-19
      9165.51 -1.27893e-18 -1.27893e-19
      9168.38 -1.40572e-17 -1.40572e-18
