       3401.2230 -3.25834e-17  6.29316e-17
       3404.5864 -6.76440e-17  6.27808e-17
       3407.9498 -5.34223e-17  6.37530e-17
       3411.3132  1.73348e-17  6.35050e-17
       3414.6765 -3.41759e-18  6.32718e-17
       3418.0399 -7.83178e-17  6.19640e-17
       3421.4033 -8.46768e-17  6.35864e-17
       3424.7666 -4.42633e-17  6.37699e-17
       3428.1300 -2.49697e-18  6.17579e-17
       3431.4934 -1.30527e-17  6.11979e-17
       3434.8567 -2.24919e-17  6.15420e-17
       3438.2201 -1.26237e-17  6.06692e-17
       3441.5835  3.90566e-17  6.19231e-17
       3444.9469  9.87967e-18  6.08306e-17
       3448.3102  1.17705e-16  6.28529e-17
       3451.6736  1.73149e-16  6.28593e-17
       3455.0370  1.14377e-17  5.88065e-17
       3458.4003 -3.28786e-17  5.97114e-17
       3461.7637 -2.86479e-17  6.02025e-17
       3465.1271  5.67180e-17  5.93316e-17
       3468.4905 -1.18435e-16  6.25419e-17
       3471.8538 -7.72827e-17  6.15152e-17
       3475.2172 -2.59325e-17  6.11942e-17
       3478.5806  1.17163e-16  6.28248e-17
       3481.9439 -1.04007e-17  5.94873e-17
       3485.3073  2.94124e-18  6.07505e-17
       3488.6707  8.83909e-17  6.03425e-17
       3492.0340  5.15034e-17  5.98248e-17
       3495.3974  4.30080e-17  6.06464e-17
       3498.7608  1.08766e-16  6.18204e-17
       3502.1242 -9.94591e-18  5.87409e-17
       3505.4875 -3.00456e-17  5.97328e-17
       3508.8509 -1.40235e-17  5.83215e-17
       3512.2143 -9.45060e-19  5.90167e-17
       3515.5776 -1.54058e-17  5.84862e-17
       3518.9410 -6.54303e-17  5.86250e-17
       3522.3044  8.13226e-17  6.29358e-17
       3525.6678  9.41006e-17  5.85738e-17
       3529.0311 -3.11243e-17  5.76614e-17
       3532.3945  8.39876e-17  5.87521e-17
       3535.7579  9.89244e-17  5.73380e-17
       3539.1212  9.20337e-17  5.57161e-17
       3542.4846  5.43184e-17  5.38268e-17
       3545.8480 -3.84258e-17  5.36975e-17
       3549.2114 -6.67495e-17  5.27756e-17
       3552.5747 -1.53901e-16  5.20772e-17
       3555.9381 -2.23758e-17  4.96833e-17
       3559.3015 -7.66933e-18  4.98416e-17
       3562.6648  4.99997e-17  4.69096e-17
       3566.0282 -2.49975e-17  4.40946e-17
       3569.3916  1.16436e-17  4.21315e-17
       3572.7549  3.37692e-17  4.18133e-17
       3576.1183  3.95854e-17  4.03036e-17
       3579.4817 -2.63947e-17  4.13179e-17
       3582.8451 -1.36663e-17  3.95051e-17
       3586.2084 -4.51390e-18  3.76267e-17
       3589.5718 -1.69266e-17  3.74035e-17
       3592.9352  7.56451e-18  3.56364e-17
       3596.2985 -1.56722e-17  3.49622e-17
       3599.6619  1.34395e-17  3.44566e-17
       3603.0253 -3.50324e-18  3.47993e-17
       3606.3887 -4.00376e-17  3.54779e-17
       3609.7520 -2.48316e-17  3.34754e-17
       3613.1154  2.11035e-17  3.23775e-17
       3616.4788 -2.10484e-17  3.18880e-17
       3619.8421  2.68804e-18  3.09180e-17
       3623.2055  2.67321e-17  3.02401e-17
       3626.5689  3.15808e-17  2.92395e-17
       3629.9322  1.26016e-17  2.87268e-17
       3633.2956 -2.17910e-17  2.79588e-17
       3636.6590 -2.96237e-17  2.89311e-17
       3640.0224 -1.96207e-18  2.80873e-17
       3643.3857  4.09635e-18  2.71813e-17
       3646.7491 -1.84786e-17  2.65800e-17
       3650.1125 -4.15082e-17  2.63996e-17
       3653.4758 -1.14589e-17  2.53367e-17
       3656.8392  1.15160e-17  2.49579e-17
       3660.2026 -5.61625e-19  2.50673e-17
       3663.5660  6.13109e-17  2.46764e-17
       3666.9293 -1.58741e-17  2.32532e-17
       3670.2927 -5.42557e-18  2.30573e-17
       3673.6561  4.90437e-18  2.21925e-17
       3677.0194  5.26222e-17  2.27831e-17
       3680.3828  5.86356e-17  2.25801e-17
       3683.7462  2.61034e-17  2.16032e-17
       3687.1095  6.04703e-17  2.21720e-17
       3690.4729  5.98566e-17  2.21712e-17
       3693.8363  1.98798e-17  2.13985e-17
       3697.1997  1.99856e-17  2.08158e-17
       3700.5630  2.79446e-17  2.05117e-17
       3703.9264  4.75828e-17  2.10151e-17
       3707.2898  5.42903e-18  2.00514e-17
       3710.6531  1.59409e-17  1.98055e-17
       3714.0165  7.19517e-18  1.89832e-17
       3717.3799  2.62809e-17  1.78838e-17
       3720.7433  2.46533e-17  1.78228e-17
       3724.1066  2.36535e-17  1.85184e-17
       3727.4700  2.05665e-17  1.78921e-17
       3730.8334  4.31994e-17  1.79286e-17
       3734.1967  2.30830e-17  1.76075e-17
       3737.5601 -2.92589e-18  1.72847e-17
       3740.9235  9.32609e-19  1.63923e-17
       3744.2868 -2.03479e-17  1.62576e-17
       3747.6502  2.37481e-17  1.64211e-17
       3751.0136  1.76874e-17  1.60584e-17
       3754.3770  3.11768e-17  1.57776e-17
       3757.7403  1.65063e-17  1.54305e-17
       3761.1037  7.22045e-18  1.48027e-17
       3764.4671  2.24216e-17  1.46365e-17
       3767.8304 -2.80315e-18  1.44166e-17
       3771.1938  1.94822e-17  1.40064e-17
       3774.5572  1.64858e-17  1.39097e-17
       3777.9206  2.01206e-17  1.38483e-17
       3781.2839  3.68975e-17  1.41211e-17
       3784.6473  2.45456e-17  1.38429e-17
       3788.0107  1.36638e-17  1.34699e-17
       3791.3740 -6.01083e-20  1.32887e-17
       3794.7374  1.55603e-17  1.29463e-17
       3798.1008  5.12548e-18  1.22559e-17
       3801.4642  1.00763e-17  1.21929e-17
       3804.8275 -2.04528e-17  1.20695e-17
       3808.1909  1.00963e-17  1.21715e-17
       3811.5543  1.97400e-17  1.18491e-17
       3814.9176  1.73738e-17  1.17783e-17
       3818.2810  2.74242e-17  1.18526e-17
       3821.6444  1.44585e-17  1.14581e-17
       3825.0077  2.36918e-17  1.16583e-17
       3828.3711  9.24655e-18  1.13393e-17
       3831.7345  1.28716e-17  1.10308e-17
       3835.0979  1.46451e-17  1.09533e-17
       3838.4612  1.90745e-18  1.05528e-17
       3841.8246  3.71627e-17  1.08451e-17
       3845.1880  3.05243e-17  1.08469e-17
       3848.5513  1.29364e-17  1.02245e-17
       3851.9147  6.27560e-18  9.81655e-18
       3855.2781  1.43384e-17  9.77201e-18
       3858.6415  2.79751e-17  9.61707e-18
       3862.0048  3.72878e-17  9.86518e-18
       3865.3682  3.76502e-17  9.93654e-18
       3868.7316  2.67439e-17  9.31725e-18
       3872.0949  3.59585e-17  9.46617e-18
       3875.4583  4.55226e-17  9.32977e-18
       3878.8217  4.28694e-17  9.44600e-18
       3882.1850  5.04306e-17  9.26589e-18
       3885.5484  3.60615e-17  8.78513e-18
       3888.9118  4.11531e-17  8.79678e-18
       3892.2752  3.30663e-17  8.64240e-18
       3895.6385  4.61295e-17  8.93880e-18
       3899.0019  4.88630e-17  8.92318e-18
       3902.3653  4.31791e-17  8.82516e-18
       3905.7286  3.77237e-17  8.79513e-18
       3909.0920  3.12434e-17  8.75806e-18
       3912.4554  4.83911e-17  9.04550e-18
       3915.8188  5.05912e-17  8.64481e-18
       3919.1821  4.52078e-17  8.44740e-18
       3922.5455  4.87057e-17  8.38214e-18
       3925.9089  7.15370e-17  8.59106e-18
       3929.2722  5.40621e-17  8.21212e-18
       3932.6356  5.57701e-17  8.11177e-18
       3935.9990  3.82870e-17  7.77023e-18
       3939.3623  5.53401e-17  8.10736e-18
       3942.7257  5.91102e-17  8.17324e-18
       3946.0891  5.35141e-17  8.05670e-18
       3949.4525  6.76158e-17  8.18383e-18
       3952.8158  7.66557e-17  8.27799e-18
       3956.1792  4.51266e-17  7.57377e-18
       3959.5426  4.44768e-17  7.49377e-18
       3962.9059  4.94953e-17  7.46039e-18
       3966.2693  5.95723e-17  7.44677e-18
       3969.6327  5.98035e-17  7.42078e-18
       3972.9961  5.59823e-17  7.32792e-18
       3976.3594  4.77603e-17  7.13578e-18
       3979.7228  5.32394e-17  7.38757e-18
       3983.0862  4.08920e-17  7.17685e-18
       3986.4495  4.59684e-17  6.92369e-18
       3989.8129  3.66689e-17  6.69661e-18
       3993.1763  4.76797e-17  6.76575e-18
       3996.5396  4.63407e-17  6.80184e-18
       3999.9030  4.06198e-17  6.68672e-18
       4003.2664  4.64126e-17  6.68206e-18
       4006.6298  4.58235e-17  6.84701e-18
       4009.9931  3.80844e-17  6.64854e-18
       4013.3565  2.76790e-17  6.44982e-18
       4016.7199  4.84317e-17  6.82090e-18
       4020.0832  4.64814e-17  6.75145e-18
       4023.4466  4.66641e-17  6.55447e-18
       4026.8100  5.10789e-17  6.54004e-18
       4030.1734  4.18634e-17  6.36048e-18
       4033.5367  4.36308e-17  6.31340e-18
       4036.9001  5.22371e-17  6.59150e-18
       4040.2635  4.29825e-17  6.44070e-18
       4043.6268  4.42924e-17  6.45693e-18
       4046.9902  5.43471e-17  6.60501e-18
       4050.3536  5.55104e-17  6.48955e-18
       4053.7169  3.43071e-17  6.15998e-18
       4057.0803  3.22796e-17  6.10883e-18
       4060.4437  4.46059e-17  6.32410e-18
       4063.8071  4.01534e-17  6.18780e-18
       4067.1704  4.41021e-17  6.24933e-18
       4070.5338  3.89328e-17  6.08064e-18
       4073.8972  3.00461e-17  5.85604e-18
       4077.2605  3.16815e-17  5.82268e-18
       4080.6239  4.49183e-17  5.98352e-18
       4083.9873  3.69479e-17  5.91940e-18
       4087.3507  3.23780e-17  5.74345e-18
       4090.7140  4.53078e-17  5.85100e-18
       4094.0774  2.75938e-17  5.44080e-18
       4097.4408  2.76252e-17  5.35042e-18
       4100.8041  3.08985e-17  5.36623e-18
       4104.1675  3.27427e-17  5.30451e-18
       4107.5309  3.60501e-17  5.46214e-18
       4110.8943  3.07377e-17  5.35389e-18
       4114.2576  2.85074e-17  5.26011e-18
       4117.6210  2.83464e-17  5.38151e-18
       4120.9844  2.98290e-17  5.41272e-18
       4124.3477  4.48297e-17  5.56344e-18
       4127.7111  3.56135e-17  5.33140e-18
       4131.0745  3.83106e-17  5.41021e-18
       4134.4378  3.50735e-17  5.35498e-18
       4137.8012  3.82294e-17  5.35546e-18
       4141.1646  4.57234e-17  5.37207e-18
       4144.5280  4.11872e-17  5.26681e-18
       4147.8913  3.29626e-17  5.09810e-18
       4151.2547  3.87936e-17  5.24932e-18
       4154.6181  3.23183e-17  5.12386e-18
       4157.9814  3.82885e-17  5.24840e-18
       4161.3448  3.07938e-17  5.10235e-18
       4164.7082  3.58575e-17  5.18108e-18
       4168.0716  4.59821e-17  5.34703e-18
       4171.4349  3.04707e-17  4.97832e-18
       4174.7983  3.24543e-17  5.01050e-18
       4178.1617  3.14119e-17  4.95797e-18
       4181.5250  3.15951e-17  4.87228e-18
       4184.8884  2.77858e-17  4.84849e-18
       4188.2518  2.57676e-17  4.79885e-18
       4191.6151  3.78107e-17  4.94687e-18
       4194.9785  3.66455e-17  4.91010e-18
       4198.3419  3.58260e-17  4.87096e-18
       4201.7053  3.53496e-17  4.72196e-18
       4205.0686  3.60349e-17  4.69222e-18
       4208.4320  4.22135e-17  4.87770e-18
       4211.7954  3.25518e-17  4.67788e-18
       4215.1587  2.81648e-17  4.57402e-18
       4218.5221  2.94019e-17  4.61565e-18
       4221.8855  3.25312e-17  4.58433e-18
       4225.2489  3.30518e-17  4.53143e-18
       4228.6122  2.70222e-17  4.51902e-18
       4231.9756  2.10700e-17  4.36228e-18
       4235.3390  2.20031e-17  4.23329e-18
       4238.7023  3.20504e-17  4.58692e-18
       4242.0657  4.11994e-17  4.67485e-18
       4245.4291  3.13150e-17  4.45417e-18
       4248.7924  2.69566e-17  4.42192e-18
       4252.1558  2.58262e-17  4.40890e-18
       4255.5192  2.81615e-17  4.45796e-18
       4258.8826  3.18901e-17  4.47546e-18
       4262.2459  3.08445e-17  4.35836e-18
       4265.6093  3.59246e-17  4.53385e-18
       4268.9727  3.50756e-17  4.46952e-18
       4272.3360  2.91422e-17  4.33831e-18
       4275.6994  4.11936e-17  4.58608e-18
       4279.0628  3.23149e-17  4.44732e-18
       4282.4262  3.79933e-17  4.47940e-18
       4285.7895  3.85679e-17  4.42286e-18
       4289.1529  4.13101e-17  4.46310e-18
       4292.5163  3.55511e-17  4.33085e-18
       4295.8796  3.41914e-17  4.22237e-18
       4299.2430  3.64319e-17  4.23874e-18
       4302.6064  3.30474e-17  4.22078e-18
       4305.9697  3.42718e-17  4.19915e-18
       4309.3331  3.33725e-17  4.19717e-18
       4312.6965  3.24492e-17  4.23207e-18
       4316.0599  3.12001e-17  4.17919e-18
       4319.4232  3.23928e-17  4.17697e-18
       4322.7866  3.32170e-17  4.24342e-18
       4326.1500  3.49529e-17  4.16976e-18
       4329.5133  4.37120e-17  4.33178e-18
       4332.8767  4.44187e-17  4.35201e-18
       4336.2401  4.33746e-17  4.33472e-18
       4339.6035  3.79392e-17  4.16536e-18
       4342.9668  3.70424e-17  4.14573e-18
       4346.3302  3.41848e-17  4.10697e-18
       4349.6936  3.88833e-17  4.18889e-18
       4353.0569  3.76142e-17  4.21315e-18
       4356.4203  4.31302e-17  4.30403e-18
       4359.7837  4.27185e-17  4.29274e-18
       4363.1470  4.13344e-17  4.28376e-18
       4366.5104  4.35005e-17  4.27645e-18
       4369.8738  4.70184e-17  4.28779e-18
       4373.2372  4.52804e-17  4.22943e-18
       4376.6005  4.30120e-17  4.19906e-18
       4379.9639  4.45249e-17  4.25519e-18
       4383.3273  5.26725e-17  4.35310e-18
       4386.6906  5.45234e-17  4.37741e-18
       4390.0540  5.06717e-17  4.30087e-18
       4393.4174  5.65711e-17  4.38721e-18
       4396.7808  5.34372e-17  4.43300e-18
       4400.1441  6.13354e-17  4.50610e-18
       4403.5075  6.39316e-17  4.51760e-18
       4406.8709  6.42727e-17  4.57858e-18
       4410.2342  6.77004e-17  4.69509e-18
       4413.5976  6.80619e-17  4.62947e-18
       4416.9610  6.05144e-17  4.52182e-18
       4420.3244  6.06336e-17  4.51034e-18
       4423.6877  7.23675e-17  4.67975e-18
       4427.0511  6.87289e-17  4.62758e-18
       4430.4145  7.07823e-17  4.57937e-18
       4433.7778  6.98089e-17  4.58314e-18
       4437.1412  7.05667e-17  4.59455e-18
       4440.5046  6.66957e-17  4.49165e-18
       4443.8679  7.30915e-17  4.55983e-18
       4447.2313  7.64648e-17  4.64470e-18
       4450.5947  7.32984e-17  4.53154e-18
       4453.9581  7.60340e-17  4.52271e-18
       4457.3214  7.86269e-17  4.53479e-18
       4460.6848  9.14920e-17  4.72059e-18
       4464.0482  8.04387e-17  4.55386e-18
       4467.4115  8.78594e-17  4.62723e-18
       4470.7749  8.88201e-17  4.68877e-18
       4474.1383  8.64677e-17  4.62021e-18
       4477.5017  8.38307e-17  4.61581e-18
       4480.8650  9.27255e-17  4.70172e-18
       4484.2284  9.15451e-17  4.62574e-18
       4487.5918  8.70222e-17  4.61083e-18
       4490.9551  8.19675e-17  4.57816e-18
       4494.3185  8.95970e-17  4.63833e-18
       4497.6819  1.00777e-16  4.75256e-18
       4501.0452  9.70050e-17  4.73667e-18
       4504.4086  8.92938e-17  4.64158e-18
       4507.7720  8.94708e-17  4.61850e-18
       4511.1354  9.27232e-17  4.64901e-18
       4514.4987  9.95244e-17  4.70621e-18
       4517.8621  9.38598e-17  4.66535e-18
       4521.2255  9.76309e-17  4.70365e-18
       4524.5888  9.30490e-17  4.61198e-18
       4527.9522  8.67632e-17  4.53265e-18
       4531.3156  9.22595e-17  4.60170e-18
       4534.6790  9.85950e-17  4.62171e-18
       4538.0423  9.42793e-17  4.64007e-18
       4541.4057  8.96917e-17  4.53041e-18
       4544.7691  7.94253e-17  4.36518e-18
       4548.1324  9.08041e-17  4.47572e-18
       4551.4958  9.06226e-17  4.46958e-18
       4554.8592  8.22984e-17  4.39420e-18
       4558.2225  8.55785e-17  4.41481e-18
       4561.5859  9.04283e-17  4.40739e-18
       4564.9493  8.41728e-17  4.32007e-18
       4568.3127  9.32686e-17  4.47857e-18
       4571.6760  9.96645e-17  4.57092e-18
       4575.0394  8.98354e-17  4.39059e-18
       4578.4028  8.64187e-17  4.36643e-18
       4581.7661  9.26708e-17  4.41961e-18
       4585.1295  9.06461e-17  4.41353e-18
       4588.4929  9.19643e-17  4.42377e-18
       4591.8563  9.39981e-17  4.44869e-18
       4595.2196  9.87223e-17  4.47307e-18
       4598.5830  1.05208e-16  4.48194e-18
       4601.9464  1.03118e-16  4.45656e-18
       4605.3097  1.09083e-16  4.56112e-18
       4608.6731  1.07347e-16  4.49884e-18
       4612.0365  9.91091e-17  4.39364e-18
       4615.3998  1.06796e-16  4.46884e-18
       4618.7632  1.10711e-16  4.55181e-18
       4622.1266  1.11774e-16  4.54997e-18
       4625.4900  1.08424e-16  4.48596e-18
       4628.8533  1.13316e-16  4.56359e-18
       4632.2167  1.23309e-16  4.67072e-18
       4635.5801  1.23819e-16  4.68460e-18
       4638.9434  1.10807e-16  4.54678e-18
       4642.3068  1.16977e-16  4.60138e-18
       4645.6702  1.29772e-16  4.72604e-18
       4649.0336  1.41732e-16  4.88904e-18
       4652.3969  1.48059e-16  4.95936e-18
       4655.7603  1.49486e-16  4.95540e-18
       4659.1237  1.54342e-16  5.00785e-18
       4662.4870  1.49763e-16  4.98462e-18
       4665.8504  1.45772e-16  4.92103e-18
       4669.2138  1.53976e-16  5.01750e-18
       4672.5772  1.61478e-16  5.09158e-18
       4675.9405  1.66663e-16  5.12479e-18
       4679.3039  1.63516e-16  5.07232e-18
       4682.6673  1.57395e-16  5.01823e-18
       4686.0306  1.57060e-16  5.00048e-18
       4689.3940  1.59685e-16  4.99619e-18
       4692.7574  1.57925e-16  4.98309e-18
       4696.1207  1.61605e-16  5.03506e-18
       4699.4841  1.55029e-16  4.94225e-18
       4702.8475  1.52563e-16  4.89871e-18
       4706.2109  1.47556e-16  4.84595e-18
       4709.5742  1.41321e-16  4.74007e-18
       4712.9376  1.44046e-16  4.76953e-18
       4716.3010  1.44413e-16  4.75716e-18
       4719.6643  1.44141e-16  4.71567e-18
       4723.0277  1.44168e-16  4.69433e-18
       4726.3911  1.39930e-16  4.68710e-18
       4729.7545  1.34220e-16  4.57135e-18
       4733.1178  1.30196e-16  4.51423e-18
       4736.4812  1.23870e-16  4.47188e-18
       4739.8446  1.16281e-16  4.38372e-18
       4743.2079  1.10914e-16  4.25591e-18
       4746.5713  1.07742e-16  4.25195e-18
       4749.9347  1.05632e-16  4.22602e-18
       4753.2980  1.10716e-16  4.24324e-18
       4756.6614  1.09656e-16  4.21890e-18
       4760.0248  1.04935e-16  4.17997e-18
       4763.3882  1.02892e-16  4.13048e-18
       4766.7515  9.68628e-17  4.03695e-18
       4770.1149  9.64193e-17  4.04752e-18
       4773.4783  9.89195e-17  4.07177e-18
       4776.8416  9.60582e-17  4.02956e-18
       4780.2050  9.77963e-17  4.05025e-18
       4783.5684  9.94605e-17  4.07497e-18
       4786.9318  9.47547e-17  4.00775e-18
       4790.2951  9.92077e-17  4.04607e-18
       4793.6585  9.90570e-17  4.05323e-18
       4797.0219  9.45328e-17  3.98584e-18
       4800.3852  9.62002e-17  3.99748e-18
       4803.7486  1.01862e-16  4.06675e-18
       4807.1120  1.01970e-16  4.08248e-18
       4810.4753  1.03343e-16  4.09363e-18
       4813.8387  1.05085e-16  4.14396e-18
       4817.2021  1.10774e-16  4.20558e-18
       4820.5655  1.07258e-16  4.15603e-18
       4823.9288  1.05054e-16  4.12625e-18
       4827.2922  1.04578e-16  4.13767e-18
       4830.6556  1.12298e-16  4.21414e-18
       4834.0189  1.09838e-16  4.18765e-18
       4837.3823  1.09353e-16  4.16924e-18
       4840.7457  1.11535e-16  4.19537e-18
       4844.1091  1.13111e-16  4.18466e-18
       4847.4724  1.06304e-16  4.11628e-18
       4850.8358  1.04187e-16  4.09017e-18
       4854.1992  1.09382e-16  4.11254e-18
       4857.5625  1.06485e-16  4.05810e-18
       4860.9259  1.06758e-16  4.05620e-18
       4864.2893  1.02341e-16  4.01353e-18
       4867.6526  1.12500e-16  4.12029e-18
       4871.0160  1.06597e-16  4.03777e-18
       4874.3794  9.74503e-17  3.93270e-18
       4877.7428  1.01408e-16  3.97103e-18
       4881.1061  1.04738e-16  4.02118e-18
       4884.4695  9.17990e-17  3.84481e-18
       4887.8329  9.63615e-17  3.88552e-18
       4891.1962  9.66079e-17  3.92467e-18
       4894.5596  8.92350e-17  3.83530e-18
       4897.9230  9.28498e-17  3.85949e-18
       4901.2864  9.24638e-17  3.83790e-18
       4904.6497  8.94781e-17  3.78287e-18
       4908.0131  8.92754e-17  3.77781e-18
       4911.3765  8.77221e-17  3.75789e-18
       4914.7398  8.33050e-17  3.68773e-18
       4918.1032  7.97903e-17  3.63353e-18
       4921.4666  7.44664e-17  3.54420e-18
       4924.8299  7.66057e-17  3.58309e-18
       4928.1933  7.89175e-17  3.60213e-18
       4931.5567  6.95596e-17  3.46943e-18
       4934.9201  7.41718e-17  3.53107e-18
       4938.2834  7.14613e-17  3.51048e-18
       4941.6468  6.95422e-17  3.44459e-18
       4945.0102  6.21649e-17  3.36493e-18
       4948.3735  7.20219e-17  3.45828e-18
       4951.7369  6.90840e-17  3.43258e-18
       4955.1003  7.35811e-17  3.48627e-18
       4958.4637  7.05623e-17  3.45600e-18
       4961.8270  6.54220e-17  3.37596e-18
       4965.1904  6.70737e-17  3.39846e-18
       4968.5538  6.63431e-17  3.38409e-18
       4971.9171  7.28317e-17  3.45551e-18
       4975.2805  7.31400e-17  3.47287e-18
       4978.6439  7.23176e-17  3.48549e-18
       4982.0073  7.21045e-17  3.48301e-18
       4985.3706  8.05050e-17  3.58710e-18
       4988.7340  7.89084e-17  3.53490e-18
       4992.0974  8.77195e-17  3.64660e-18
       4995.4607  8.37682e-17  3.62993e-18
       4998.8241  8.90707e-17  3.69136e-18
       5002.1875  9.19838e-17  3.68769e-18
       5005.5508  8.76203e-17  3.62241e-18
       5008.9142  8.99786e-17  3.68254e-18
       5012.2776  9.04048e-17  3.67794e-18
       5015.6410  8.84880e-17  3.61935e-18
       5019.0043  9.08864e-17  3.61860e-18
       5022.3677  8.49575e-17  3.57514e-18
       5025.7311  7.93060e-17  3.54918e-18
       5029.0944  9.21063e-17  3.65031e-18
       5032.4578  9.41608e-17  3.64596e-18
       5035.8212  9.19567e-17  3.62046e-18
       5039.1846  9.14217e-17  3.63484e-18
       5042.5479  9.26929e-17  3.65597e-18
       5045.9113  8.63911e-17  3.52181e-18
       5049.2747  8.38668e-17  3.52961e-18
       5052.6380  8.12049e-17  3.48240e-18
       5056.0014  7.91831e-17  3.43856e-18
       5059.3648  7.39048e-17  3.37556e-18
       5062.7281  7.36268e-17  3.37117e-18
       5066.0915  7.59348e-17  3.38450e-18
       5069.4549  7.52588e-17  3.36355e-18
       5072.8183  7.68634e-17  3.38590e-18
       5076.1816  7.69831e-17  3.37906e-18
       5079.5450  8.20603e-17  3.42634e-18
       5082.9084  7.88106e-17  3.38060e-18
       5086.2717  7.92657e-17  3.36885e-18
       5089.6351  7.28583e-17  3.28015e-18
       5092.9985  7.49470e-17  3.33452e-18
       5096.3619  7.45771e-17  3.36706e-18
       5099.7252  7.47593e-17  3.34044e-18
       5103.0886  7.92588e-17  3.36350e-18
       5106.4520  8.11249e-17  3.40077e-18
       5109.8153  8.26707e-17  3.42724e-18
       5113.1787  7.74311e-17  3.33675e-18
       5116.5421  7.86481e-17  3.35591e-18
       5119.9054  8.25164e-17  3.42308e-18
       5123.2688  7.94988e-17  3.39219e-18
       5126.6322  7.95315e-17  3.37837e-18
       5129.9956  8.19689e-17  3.39679e-18
       5133.3589  8.22024e-17  3.41670e-18
       5136.7223  8.70161e-17  3.48341e-18
       5140.0857  8.83799e-17  3.48760e-18
       5143.4490  8.98601e-17  3.51476e-18
       5146.8124  9.76250e-17  3.59178e-18
       5150.1758  9.90184e-17  3.59727e-18
       5153.5392  9.39689e-17  3.56558e-18
       5156.9025  9.34022e-17  3.54163e-18
       5160.2659  1.01739e-16  3.63265e-18
       5163.6293  1.06181e-16  3.67606e-18
       5166.9926  1.09807e-16  3.69076e-18
       5170.3560  1.10054e-16  3.70230e-18
       5173.7194  1.12648e-16  3.72096e-18
       5177.0827  1.17778e-16  3.77892e-18
       5180.4461  1.16310e-16  3.79069e-18
       5183.8095  1.21165e-16  3.84081e-18
       5187.1729  1.25384e-16  3.87003e-18
       5190.5362  1.34020e-16  3.95365e-18
       5193.8996  1.38361e-16  4.01328e-18
       5197.2630  1.41843e-16  4.06804e-18
       5200.6263  1.43132e-16  4.04905e-18
       5203.9897  1.41585e-16  4.04586e-18
       5207.3531  1.49219e-16  4.11658e-18
       5210.7165  1.51366e-16  4.13642e-18
       5214.0798  1.54113e-16  4.15846e-18
       5217.4432  1.56775e-16  4.18411e-18
       5220.8066  1.60318e-16  4.23099e-18
       5224.1699  1.57742e-16  4.20860e-18
       5227.5333  1.59082e-16  4.19341e-18
       5230.8967  1.66143e-16  4.25335e-18
       5234.2600  1.66110e-16  4.25183e-18
       5237.6234  1.60337e-16  4.20318e-18
       5240.9868  1.60325e-16  4.19958e-18
       5244.3502  1.71879e-16  4.31582e-18
       5247.7135  1.75567e-16  4.33647e-18
       5251.0769  1.80290e-16  4.37864e-18
       5254.4403  1.86621e-16  4.41162e-18
       5257.8036  1.76295e-16  4.31419e-18
       5261.1670  1.82198e-16  4.37156e-18
       5264.5304  1.84751e-16  4.37564e-18
       5267.8938  1.90155e-16  4.41777e-18
       5271.2571  1.88680e-16  4.41167e-18
       5274.6205  1.88351e-16  4.40207e-18
       5277.9839  1.93714e-16  4.46166e-18
       5281.3472  1.93412e-16  4.46610e-18
       5284.7106  1.96691e-16  4.51766e-18
       5288.0740  2.01269e-16  4.55287e-18
       5291.4374  2.01757e-16  4.52663e-18
       5294.8007  1.99658e-16  4.52434e-18
       5298.1641  1.99726e-16  4.51556e-18
       5301.5275  2.02305e-16  4.54048e-18
       5304.8908  2.03748e-16  4.55116e-18
       5308.2542  2.05455e-16  4.57202e-18
       5311.6176  2.09517e-16  4.58668e-18
       5314.9809  2.10425e-16  4.59569e-18
       5318.3443  2.06801e-16  4.59562e-18
       5321.7077  2.19665e-16  4.68699e-18
       5325.0711  2.29595e-16  4.73873e-18
       5328.4344  2.16296e-16  4.65494e-18
       5331.7978  2.22345e-16  4.70687e-18
       5335.1612  2.17836e-16  4.65716e-18
       5338.5245  2.13057e-16  4.60337e-18
       5341.8879  2.19489e-16  4.63998e-18
       5345.2513  2.23688e-16  4.69309e-18
       5348.6147  2.24731e-16  4.70626e-18
       5351.9780  2.20812e-16  4.64217e-18
       5355.3414  2.21060e-16  4.62985e-18
       5358.7048  2.23018e-16  4.66340e-18
       5362.0681  2.21599e-16  4.66217e-18
       5365.4315  2.27124e-16  4.69918e-18
       5368.7949  2.32675e-16  4.74333e-18
       5372.1582  2.23123e-16  4.66593e-18
       5375.5216  2.25940e-16  4.66660e-18
       5378.8850  2.28152e-16  4.67222e-18
       5382.2484  2.32308e-16  4.72085e-18
       5385.6117  2.32681e-16  4.71539e-18
       5388.9751  2.29497e-16  4.69460e-18
       5392.3385  2.38089e-16  4.75259e-18
       5395.7018  2.38179e-16  4.75053e-18
       5399.0652  2.35902e-16  4.73256e-18
       5402.4286  2.35296e-16  4.73730e-18
       5405.7920  2.33796e-16  4.71302e-18
       5409.1553  2.29341e-16  4.65733e-18
       5412.5187  2.33254e-16  4.70105e-18
       5415.8821  2.31913e-16  4.69143e-18
       5419.2454  2.24081e-16  4.61693e-18
       5422.6088  2.11099e-16  4.50900e-18
       5425.9722  2.11107e-16  4.49441e-18
       5429.3355  2.10528e-16  4.49467e-18
       5432.6989  2.08760e-16  4.47628e-18
       5436.0623  2.08614e-16  4.47840e-18
       5439.4257  2.10763e-16  4.49898e-18
       5442.7890  2.10061e-16  4.49269e-18
       5446.1524  2.10038e-16  4.46455e-18
       5449.5158  2.03508e-16  4.42256e-18
       5452.8791  2.08919e-16  4.46853e-18
       5456.2425  2.11269e-16  4.48394e-18
       5459.6059  2.10316e-16  4.48519e-18
       5462.9693  2.08412e-16  4.47998e-18
       5466.3326  2.11059e-16  4.48540e-18
       5469.6960  2.11444e-16  4.47963e-18
       5473.0594  2.06817e-16  4.44008e-18
       5476.4227  2.14671e-16  4.48878e-18
       5479.7861  2.20713e-16  4.53287e-18
       5483.1495  2.24103e-16  4.56902e-18
       5486.5128  2.31831e-16  4.61564e-18
       5489.8762  2.31904e-16  4.61027e-18
       5493.2396  2.32799e-16  4.64276e-18
       5496.6030  2.37082e-16  4.67366e-18
       5499.9663  2.44169e-16  4.73777e-18
       5503.3297  2.43248e-16  4.73344e-18
       5506.6931  2.46070e-16  4.75473e-18
       5510.0564  2.58013e-16  4.83867e-18
       5513.4198  2.60427e-16  4.85633e-18
       5516.7832  2.74152e-16  4.96272e-18
       5520.1466  2.73500e-16  4.94653e-18
       5523.5099  2.79949e-16  5.00499e-18
       5526.8733  2.91810e-16  5.10298e-18
       5530.2367  2.97164e-16  5.12865e-18
       5533.6000  2.97597e-16  5.11432e-18
       5536.9634  3.10550e-16  5.20574e-18
       5540.3268  3.14607e-16  5.24359e-18
       5543.6902  3.11487e-16  5.24522e-18
       5547.0535  3.00898e-16  5.17161e-18
       5550.4169  3.03165e-16  5.17284e-18
       5553.7803  3.09467e-16  5.20846e-18
       5557.1436  3.04880e-16  5.18040e-18
       5560.5070  2.97836e-16  5.14274e-18
       5563.8704  3.02182e-16  5.14323e-18
       5567.2337  3.01732e-16  5.99650e-18
       5570.5971  2.99071e-16  6.99732e-18
       5573.9605  3.09167e-16  7.28470e-18
       5577.3239  3.20846e-16  7.27836e-18
       5580.6872  3.15510e-16  7.33610e-18
       5584.0506  3.03220e-16  6.33506e-18
       5587.4140  3.06564e-16  5.21315e-18
       5590.7773  3.10525e-16  5.19456e-18
       5594.1407  3.01069e-16  5.12302e-18
       5597.5041  3.04223e-16  5.15118e-18
       5600.8675  3.08382e-16  5.18023e-18
       5604.2308  2.99173e-16  5.11412e-18
       5607.5942  3.03390e-16  5.14844e-18
       5610.9576  3.03384e-16  5.14206e-18
       5614.3209  3.07854e-16  5.15820e-18
       5617.6843  2.98739e-16  5.10372e-18
       5621.0477  2.99357e-16  5.11185e-18
       5624.4110  2.96125e-16  5.07069e-18
       5627.7744  3.00526e-16  5.10014e-18
       5631.1378  2.99576e-16  5.08893e-18
       5634.5012  3.03289e-16  5.11794e-18
       5637.8645  3.04846e-16  5.12359e-18
       5641.2279  3.03208e-16  5.10975e-18
       5644.5913  2.97299e-16  5.08939e-18
       5647.9546  2.97130e-16  5.06887e-18
       5651.3180  3.00009e-16  5.07632e-18
       5654.6814  3.10591e-16  5.15600e-18
       5658.0448  3.10559e-16  5.15016e-18
       5661.4081  3.09730e-16  5.15519e-18
       5664.7715  3.09529e-16  5.11808e-18
       5668.1349  3.11002e-16  5.10758e-18
       5671.4982  3.02625e-16  5.07414e-18
       5674.8616  2.97287e-16  5.05086e-18
       5678.2250  3.16837e-16  5.21088e-18
       5681.5883  3.35025e-16  5.35696e-18
       5684.9517  3.40774e-16  5.39526e-18
       5688.3151  3.43997e-16  5.41430e-18
       5691.6785  3.48065e-16  5.42886e-18
       5695.0418  3.56806e-16  5.47628e-18
       5698.4052  3.54951e-16  5.46424e-18
       5701.7686  3.50139e-16  5.43287e-18
       5705.1319  3.54104e-16  5.45764e-18
       5708.4953  3.57963e-16  5.48931e-18
       5711.8587  3.63648e-16  5.52478e-18
       5715.2221  3.63830e-16  5.51553e-18
       5718.5854  3.60967e-16  5.51792e-18
       5721.9488  3.57699e-16  5.48284e-18
       5725.3122  3.48790e-16  5.41890e-18
       5728.6755  3.53691e-16  5.45272e-18
       5732.0389  3.56476e-16  5.45740e-18
       5735.4023  3.47753e-16  5.39033e-18
       5738.7656  3.29190e-16  5.27737e-18
       5742.1290  3.38234e-16  5.32205e-18
       5745.4924  3.37809e-16  5.32642e-18
       5748.8558  3.25411e-16  5.25278e-18
       5752.2191  3.25209e-16  5.25074e-18
       5755.5825  3.23761e-16  5.24606e-18
       5758.9459  3.16625e-16  5.19296e-18
       5762.3092  3.18489e-16  5.19551e-18
       5765.6726  3.21802e-16  5.21220e-18
       5769.0360  3.10184e-16  5.14464e-18
       5772.3994  2.93090e-16  5.03159e-18
       5775.7627  2.88105e-16  4.97942e-18
       5779.1261  2.96009e-16  5.03356e-18
       5782.4895  2.94192e-16  5.00261e-18
       5785.8528  2.88912e-16  4.97090e-18
       5789.2162  2.93351e-16  4.98532e-18
       5792.5796  2.77266e-16  4.87441e-18
       5795.9429  2.79444e-16  4.88509e-18
       5799.3063  2.90126e-16  4.96069e-18
       5802.6697  2.90332e-16  4.97646e-18
       5806.0331  2.81455e-16  4.90272e-18
       5809.3964  2.84882e-16  4.93402e-18
       5812.7598  2.86841e-16  4.95636e-18
       5816.1232  2.83576e-16  4.92174e-18
       5819.4865  2.90905e-16  4.97909e-18
       5822.8499  2.88743e-16  4.96465e-18
       5826.2133  2.85933e-16  4.94765e-18
       5829.5767  2.88334e-16  4.96227e-18
       5832.9400  2.89646e-16  4.96891e-18
       5836.3034  2.88351e-16  4.96516e-18
       5839.6668  2.91860e-16  4.98645e-18
       5843.0301  2.90116e-16  4.95894e-18
       5846.3935  2.82237e-16  4.89635e-18
       5849.7569  2.81036e-16  4.89221e-18
       5853.1203  2.78390e-16  4.87601e-18
       5856.4836  2.79880e-16  4.90471e-18
       5859.8470  2.69407e-16  4.83956e-18
       5863.2104  2.69870e-16  4.86521e-18
       5866.5737  2.69568e-16  4.88187e-18
       5869.9371  2.72733e-16  4.87951e-18
       5873.3005  2.73226e-16  4.88419e-18
       5876.6638  2.63850e-16  4.79778e-18
       5880.0272  2.66046e-16  5.09085e-18
       5883.3906  2.55728e-16  5.41044e-18
       5886.7540  2.60078e-16  5.73416e-18
       5890.1173  2.63226e-16  5.92713e-18
       5893.4807  2.54575e-16  5.93803e-18
       5896.8441  2.58818e-16  5.60936e-18
       5900.2074  2.60185e-16  5.31822e-18
       5903.5708  2.57671e-16  4.96475e-18
       5906.9342  2.60241e-16  4.76027e-18
       5910.2976  2.61032e-16  4.77624e-18
       5913.6609  2.56188e-16  4.73503e-18
       5917.0243  2.55151e-16  4.74304e-18
       5920.3877  2.54556e-16  4.73557e-18
       5923.7510  2.48331e-16  4.66968e-18
       5927.1144  2.51373e-16  4.69564e-18
       5930.4778  2.45520e-16  4.66072e-18
       5933.8411  2.35737e-16  4.56633e-18
       5937.2045  2.43518e-16  4.61780e-18
       5940.5679  2.36117e-16  4.57711e-18
       5943.9313  2.36290e-16  4.57020e-18
       5947.2946  2.32327e-16  4.53876e-18
       5950.6580  2.32646e-16  4.53624e-18
       5954.0214  2.29420e-16  4.51791e-18
       5957.3847  2.26221e-16  4.48057e-18
       5960.7481  2.33886e-16  4.52125e-18
       5964.1115  2.27921e-16  4.47216e-18
       5967.4749  2.27775e-16  4.47680e-18
       5970.8382  2.26147e-16  4.45762e-18
       5974.2016  2.23272e-16  4.43873e-18
       5977.5650  2.29618e-16  4.48089e-18
       5980.9283  2.27014e-16  4.44888e-18
       5984.2917  2.24715e-16  4.42954e-18
       5987.6551  2.29769e-16  4.46405e-18
       5991.0184  2.27042e-16  4.44439e-18
       5994.3818  2.26444e-16  4.44974e-18
       5997.7452  2.29518e-16  4.48416e-18
       6001.1086  2.32645e-16  4.49772e-18
       6004.4719  2.23415e-16  4.42426e-18
       6007.8353  2.26818e-16  4.43537e-18
       6011.1987  2.24795e-16  4.41982e-18
       6014.5620  2.25594e-16  4.43666e-18
       6017.9254  2.32813e-16  4.47622e-18
       6021.2888  2.29507e-16  4.44779e-18
       6024.6522  2.27317e-16  4.43563e-18
       6028.0155  2.29058e-16  4.45017e-18
       6031.3789  2.29036e-16  4.45384e-18
       6034.7423  2.37394e-16  4.51688e-18
       6038.1056  2.36721e-16  4.50625e-18
       6041.4690  2.20424e-16  4.36951e-18
       6044.8324  2.21548e-16  4.37403e-18
       6048.1957  2.35639e-16  4.48769e-18
       6051.5591  2.30868e-16  4.44762e-18
       6054.9225  2.20672e-16  4.37264e-18
       6058.2859  2.24432e-16  4.40153e-18
       6061.6492  2.26918e-16  4.40905e-18
       6065.0126  2.23910e-16  4.39666e-18
       6068.3760  2.25907e-16  4.41930e-18
       6071.7393  2.21513e-16  4.39038e-18
       6075.1027  2.18452e-16  4.34988e-18
       6078.4661  2.24442e-16  4.38944e-18
       6081.8295  2.27446e-16  4.39588e-18
       6085.1928  2.22631e-16  4.36439e-18
       6088.5562  2.19783e-16  4.33441e-18
       6091.9196  2.18619e-16  4.33316e-18
       6095.2829  2.15174e-16  4.32522e-18
       6098.6463  2.16253e-16  4.32824e-18
       6102.0097  2.14840e-16  4.31539e-18
       6105.3731  2.15539e-16  4.31240e-18
       6108.7364  2.16486e-16  4.30998e-18
       6112.0998  2.10983e-16  4.27347e-18
       6115.4632  2.11345e-16  4.27469e-18
       6118.8265  2.16489e-16  4.31438e-18
       6122.1899  2.13753e-16  4.28958e-18
       6125.5533  2.11840e-16  4.25753e-18
       6128.9166  2.13658e-16  4.28964e-18
       6132.2800  2.09898e-16  4.26860e-18
       6135.6434  2.06943e-16  4.25428e-18
       6139.0068  2.06284e-16  4.24478e-18
       6142.3701  2.04668e-16  4.22668e-18
       6145.7335  2.04626e-16  4.20946e-18
       6149.0969  2.04038e-16  4.19865e-18
       6152.4602  1.97767e-16  4.14422e-18
       6155.8236  1.92481e-16  4.09082e-18
       6159.1870  1.90192e-16  4.06927e-18
       6162.5504  1.91205e-16  4.08124e-18
       6165.9137  1.91747e-16  4.07671e-18
       6169.2771  1.84604e-16  4.02107e-18
       6172.6405  1.74543e-16  3.93937e-18
       6176.0038  1.70142e-16  3.87285e-18
       6179.3672  1.66711e-16  3.83529e-18
       6182.7306  1.60611e-16  3.80326e-18
       6186.0939  1.58397e-16  3.76073e-18
       6189.4573  1.55476e-16  3.70823e-18
       6192.8207  1.45747e-16  3.63327e-18
       6196.1841  1.44217e-16  3.62477e-18
       6199.5474  1.38538e-16  3.58517e-18
       6202.9108  1.34972e-16  3.56319e-18
       6206.2742  1.33300e-16  3.52844e-18
       6209.6375  1.33410e-16  3.53315e-18
       6213.0009  1.29376e-16  3.49455e-18
       6216.3643  1.20052e-16  3.39113e-18
       6219.7277  1.22163e-16  3.41315e-18
       6223.0910  1.17421e-16  3.37170e-18
       6226.4544  1.13457e-16  3.35111e-18
       6229.8178  1.12113e-16  3.36165e-18
       6233.1811  1.10812e-16  3.37017e-18
       6236.5445  1.12286e-16  3.40084e-18
       6239.9079  1.10220e-16  3.38521e-18
       6243.2712  1.07259e-16  3.31368e-18
       6246.6346  1.05742e-16  3.22954e-18
       6249.9980  1.06642e-16  3.25635e-18
       6253.3614  9.73513e-17  3.18347e-18
       6256.7247  9.64784e-17  3.18412e-18
       6260.0881  9.77765e-17  3.21047e-18
       6263.4515  9.65739e-17  3.19630e-18
       6266.8148  9.43786e-17  3.10897e-18
       6270.1782  9.18771e-17  3.07532e-18
       6273.5416  9.15350e-17  3.08298e-18
       6276.9050  9.31952e-17  3.10304e-18
       6280.2683  9.49272e-17  3.12756e-18
       6283.6317  9.95301e-17  3.16975e-18
       6286.9951  1.00346e-16  3.17286e-18
       6290.3584  9.91475e-17  3.29074e-18
       6293.7218  1.04368e-16  3.48683e-18
       6297.0852  1.10541e-16  3.56785e-18
       6300.4485  1.13229e-16  3.62574e-18
       6303.8119  1.12770e-16  3.62246e-18
       6307.1753  1.13776e-16  3.53825e-18
       6310.5387  1.20877e-16  3.43152e-18
       6313.9020  1.16331e-16  3.38504e-18
       6317.2654  1.22682e-16  3.41563e-18
       6320.6288  1.28432e-16  3.47184e-18
       6323.9921  1.34099e-16  3.55982e-18
       6327.3555  1.32728e-16  3.56483e-18
       6330.7189  1.32714e-16  3.55010e-18
       6334.0823  1.40666e-16  3.60260e-18
       6337.4456  1.43613e-16  3.60596e-18
       6340.8090  1.43709e-16  3.59266e-18
       6344.1724  1.48133e-16  3.64739e-18
       6347.5357  1.54552e-16  3.73770e-18
       6350.8991  1.66126e-16  3.84488e-18
       6354.2625  1.68025e-16  3.88036e-18
       6357.6258  1.60551e-16  3.88020e-18
       6360.9892  1.68522e-16  3.95436e-18
       6364.3526  1.68235e-16  3.92080e-18
       6367.7160  1.73823e-16  3.93120e-18
       6371.0793  1.72832e-16  3.90709e-18
       6374.4427  1.77897e-16  3.92324e-18
       6377.8061  1.76850e-16  3.93502e-18
       6381.1694  1.76177e-16  3.92774e-18
       6384.5328  1.78857e-16  3.93429e-18
       6387.8962  1.76989e-16  3.90518e-18
       6391.2596  1.83774e-16  3.96988e-18
       6394.6229  1.81748e-16  3.95629e-18
       6397.9863  1.85511e-16  3.96364e-18
       6401.3497  1.88910e-16  3.98787e-18
       6404.7130  1.82941e-16  3.95161e-18
       6408.0764  1.89760e-16  4.01063e-18
       6411.4398  1.98333e-16  4.08158e-18
       6414.8032  1.94558e-16  4.04592e-18
       6418.1665  1.89205e-16  4.00367e-18
       6421.5299  1.98568e-16  4.05947e-18
       6424.8933  1.99506e-16  4.07451e-18
       6428.2566  2.03555e-16  4.11228e-18
       6431.6200  1.98062e-16  4.06893e-18
       6434.9834  2.02825e-16  4.08651e-18
       6438.3467  2.11084e-16  4.16951e-18
       6441.7101  2.10636e-16  4.18316e-18
       6445.0735  2.07593e-16  4.14189e-18
       6448.4369  2.12354e-16  4.19253e-18
       6451.8002  2.14148e-16  4.21720e-18
       6455.1636  2.12600e-16  4.21540e-18
       6458.5270  2.13651e-16  4.24676e-18
       6461.8903  2.16810e-16  4.27424e-18
       6465.2537  2.21122e-16  4.32057e-18
       6468.6171  2.23639e-16  4.35072e-18
       6471.9805  2.25140e-16  4.34028e-18
       6475.3438  2.16003e-16  4.24456e-18
       6478.7072  2.25080e-16  4.30899e-18
       6482.0706  2.33450e-16  4.34121e-18
       6485.4339  2.35107e-16  4.35416e-18
       6488.7973  2.35020e-16  4.37410e-18
       6492.1607  2.39685e-16  4.43820e-18
       6495.5240  2.38357e-16  4.45934e-18
       6498.8874  2.42186e-16  4.49231e-18
       6502.2508  2.45079e-16  4.52062e-18
       6505.6142  2.48667e-16  4.52031e-18
       6508.9775  2.54241e-16  4.52449e-18
       6512.3409  2.58198e-16  4.54557e-18
       6515.7043  2.61860e-16  4.57366e-18
       6519.0676  2.62805e-16  4.58975e-18
       6522.4310  2.70177e-16  4.64967e-18
       6525.7944  2.77022e-16  4.73087e-18
       6529.1578  2.77094e-16  4.72493e-18
       6532.5211  2.78216e-16  4.73171e-18
       6535.8845  2.92116e-16  4.83801e-18
       6539.2479  3.00998e-16  4.89060e-18
       6542.6112  2.98193e-16  4.85471e-18
       6545.9746  2.89083e-16  4.81748e-18
       6549.3380  2.87096e-16  4.82416e-18
       6552.7013  2.95835e-16  4.86813e-18
       6556.0647  3.02256e-16  4.89879e-18
       6559.4281  3.03904e-16  4.89719e-18
       6562.7915  3.05656e-16  4.88852e-18
       6566.1548  3.01141e-16  4.85906e-18
       6569.5182  2.92893e-16  4.81776e-18
       6572.8816  2.95540e-16  4.83448e-18
       6576.2449  3.01162e-16  4.87427e-18
       6579.6083  2.93219e-16  4.81772e-18
       6582.9717  2.88922e-16  4.78022e-18
       6586.3351  2.87248e-16  4.74939e-18
       6589.6984  2.92876e-16  4.78281e-18
       6593.0618  3.02312e-16  4.84808e-18
       6596.4252  3.01449e-16  4.86233e-18
       6599.7885  2.95685e-16  4.84258e-18
       6603.1519  2.95077e-16  4.82309e-18
       6606.5153  2.97111e-16  4.81719e-18
       6609.8786  3.00076e-16  4.83071e-18
       6613.2420  2.99727e-16  4.82034e-18
       6616.6054  2.99753e-16  4.81749e-18
       6619.9688  3.01491e-16  4.83304e-18
       6623.3321  2.93337e-16  4.77442e-18
       6626.6955  2.93390e-16  4.77829e-18
       6630.0589  2.97584e-16  4.82383e-18
       6633.4222  2.82922e-16  4.71895e-18
       6636.7856  2.90849e-16  4.76557e-18
       6640.1490  2.87575e-16  4.72412e-18
       6643.5124  2.85348e-16  4.68775e-18
       6646.8757  2.74711e-16  4.63007e-18
       6650.2391  2.72894e-16  4.61680e-18
       6653.6025  2.74578e-16  4.62434e-18
       6656.9658  2.75382e-16  4.63651e-18
       6660.3292  2.75554e-16  4.64144e-18
       6663.6926  2.70636e-16  4.61370e-18
       6667.0559  2.64954e-16  4.57362e-18
       6670.4193  2.63777e-16  4.55069e-18
       6673.7827  2.65739e-16  4.56210e-18
       6677.1461  2.63554e-16  4.54960e-18
       6680.5094  2.64149e-16  4.53491e-18
       6683.8728  2.61913e-16  4.50602e-18
       6687.2362  2.59481e-16  4.50730e-18
       6690.5995  2.60898e-16  4.52814e-18
       6693.9629  2.65171e-16  4.56459e-18
       6697.3263  2.61531e-16  4.52672e-18
       6700.6897  2.66484e-16  4.55721e-18
       6704.0530  2.68399e-16  4.55774e-18
       6707.4164  2.65758e-16  4.53303e-18
       6710.7798  2.69266e-16  4.56341e-18
       6714.1431  2.68532e-16  4.54822e-18
       6717.5065  2.69163e-16  4.54695e-18
       6720.8699  2.75748e-16  4.60307e-18
       6724.2333  2.70763e-16  4.56787e-18
       6727.5966  2.71251e-16  4.57093e-18
       6730.9600  2.66924e-16  4.54091e-18
       6734.3234  2.66837e-16  4.52257e-18
       6737.6867  2.64909e-16  4.52831e-18
       6741.0501  2.72261e-16  4.58270e-18
       6744.4135  2.71921e-16  4.57960e-18
       6747.7768  2.71097e-16  4.56122e-18
       6751.1402  2.70507e-16  4.54390e-18
       6754.5036  2.67013e-16  4.52398e-18
       6757.8670  2.63611e-16  4.48574e-18
       6761.2303  2.60631e-16  4.45923e-18
       6764.5937  2.56797e-16  4.45470e-18
       6767.9571  2.53581e-16  4.42821e-18
       6771.3204  2.54247e-16  4.42835e-18
       6774.6838  2.52162e-16  4.41506e-18
       6778.0472  2.44348e-16  4.35924e-18
       6781.4106  2.47169e-16  4.36000e-18
       6784.7739  2.39491e-16  4.32008e-18
       6788.1373  2.37955e-16  4.28932e-18
       6791.5007  2.40069e-16  4.30400e-18
       6794.8640  2.36941e-16  4.28130e-18
       6798.2274  2.38050e-16  4.27212e-18
       6801.5908  2.35015e-16  4.25129e-18
       6804.9541  2.35829e-16  4.27057e-18
       6808.3175  2.42210e-16  4.32832e-18
       6811.6809  2.37800e-16  4.29884e-18
       6815.0443  2.32268e-16  4.24858e-18
       6818.4076  2.35864e-16  4.29350e-18
       6821.7710  2.41168e-16  4.38292e-18
       6825.1344  2.44207e-16  4.45278e-18
       6828.4977  2.47979e-16  4.51928e-18
       6831.8611  2.44791e-16  4.52920e-18
       6835.2245  2.44669e-16  4.51523e-18
       6838.5879  2.56321e-16  4.51811e-18
       6841.9512  2.50654e-16  4.41649e-18
       6845.3146  2.42346e-16  4.35086e-18
       6848.6780  2.43250e-16  4.33077e-18
       6852.0413  2.36958e-16  4.27722e-18
       6855.4047  2.39917e-16  4.35174e-18
       6858.7681  2.42354e-16  4.40817e-18
       6862.1314  2.37070e-16  4.28008e-18
       6865.4948  2.48328e-16  4.19351e-18
       6868.8582  2.41481e-16  3.97500e-18
       6872.2216  2.49960e-16  3.88625e-18
       6875.5849  2.48030e-16  3.90674e-18
       6878.9483  2.29270e-16  3.90038e-18
       6882.3117  2.49281e-16  4.13538e-18
       6885.6750  2.45118e-16  4.12571e-18
       6889.0384  2.34020e-16  4.00472e-18
       6892.4018  2.30659e-16  3.98800e-18
       6895.7652  2.28206e-16  3.99512e-18
       6899.1285  2.25663e-16  3.97155e-18
       6902.4919  2.24028e-16  3.99709e-18
       6905.8553  2.21552e-16  4.03532e-18
       6909.2186  2.16850e-16  4.02617e-18
       6912.5820  2.22001e-16  4.07792e-18
       6915.9454  2.17998e-16  4.11396e-18
       6919.3087  2.17883e-16  4.12473e-18
       6922.6721  2.07181e-16  4.03101e-18
       6926.0355  2.08763e-16  4.03116e-18
       6929.3989  2.05441e-16  4.00222e-18
       6932.7622  2.04525e-16  3.96132e-18
       6936.1256  2.03390e-16  3.93639e-18
       6939.4890  2.04335e-16  3.98447e-18
       6942.8523  2.01929e-16  4.00387e-18
       6946.2157  1.97573e-16  3.96045e-18
       6949.5791  1.93395e-16  3.93250e-18
       6952.9425  1.93814e-16  3.93603e-18
       6956.3058  2.00847e-16  3.94818e-18
       6959.6692  1.97612e-16  3.90483e-18
       6963.0326  1.96568e-16  3.90855e-18
       6966.3959  1.92577e-16  3.90338e-18
       6969.7593  1.94411e-16  3.94603e-18
       6973.1227  2.00628e-16  4.02508e-18
       6976.4861  1.96056e-16  4.02595e-18
       6979.8494  1.94186e-16  4.00091e-18
       6983.2128  1.91310e-16  3.95939e-18
       6986.5762  1.86875e-16  3.88351e-18
       6989.9395  1.95158e-16  3.92239e-18
       6993.3029  2.00978e-16  3.99025e-18
       6996.6663  1.96524e-16  3.94930e-18
       7000.0296  1.94906e-16  3.92813e-18
       7003.3930  1.93324e-16  3.94814e-18
       7006.7564  2.01597e-16  4.02173e-18
       7010.1198  2.00688e-16  4.00975e-18
       7013.4831  2.06150e-16  4.03734e-18
       7016.8465  2.10093e-16  4.07803e-18
       7020.2099  2.04737e-16  4.01891e-18
       7023.5732  2.02175e-16  3.99374e-18
       7026.9366  2.09039e-16  4.05642e-18
       7030.3000  2.15244e-16  4.11138e-18
       7033.6634  2.14184e-16  4.10609e-18
       7037.0267  2.10891e-16  4.08947e-18
       7040.3901  2.13190e-16  4.12824e-18
       7043.7535  2.18997e-16  4.18504e-18
       7047.1168  2.18775e-16  4.18319e-18
       7050.4802  2.19040e-16  4.19153e-18
       7053.8436  2.27449e-16  4.25324e-18
       7057.2069  2.20353e-16  4.16989e-18
       7060.5703  2.26847e-16  4.23225e-18
       7063.9337  2.30637e-16  4.24803e-18
       7067.2971  2.26702e-16  4.22572e-18
       7070.6604  2.16359e-16  4.16074e-18
       7074.0238  2.21633e-16  4.19102e-18
       7077.3872  2.28171e-16  4.22646e-18
       7080.7505  2.23186e-16  4.20346e-18
       7084.1139  2.18312e-16  4.17951e-18
       7087.4773  2.27323e-16  4.23189e-18
       7090.8407  2.30773e-16  4.24803e-18
       7094.2040  2.01963e-16  4.00468e-18
       7097.5674  2.15940e-16  4.09248e-18
       7100.9308  2.13524e-16  4.07705e-18
       7104.2941  2.08439e-16  4.04076e-18
       7107.6575  1.93866e-16  3.89059e-18
       7111.0209  1.91653e-16  3.86457e-18
       7114.3842  1.98824e-16  3.92022e-18
       7117.7476  1.84450e-16  3.82024e-18
       7121.1110  1.86062e-16  3.86201e-18
       7124.4744  1.95690e-16  3.94304e-18
       7127.8377  1.95978e-16  3.95107e-18
       7131.2011  2.00573e-16  4.00572e-18
       7134.5645  1.89061e-16  3.90661e-18
       7137.9278  1.86103e-16  3.89077e-18
       7141.2912  1.80646e-16  3.86432e-18
       7144.6546  1.86403e-16  3.90639e-18
       7148.0180  1.82241e-16  3.87077e-18
       7151.3813  1.74035e-16  3.78622e-18
       7154.7447  1.69677e-16  3.72906e-18
       7158.1081  1.68538e-16  3.70353e-18
       7161.4714  1.65044e-16  3.65071e-18
       7164.8348  1.66952e-16  3.63479e-18
       7168.1982  1.69369e-16  3.61558e-18
       7171.5615  1.66520e-16  3.56391e-18
       7174.9249  1.66330e-16  3.56467e-18
       7178.2883  1.65212e-16  3.55428e-18
       7181.6517  1.63565e-16  3.49409e-18
       7185.0150  1.58003e-16  3.41690e-18
       7188.3784  1.56681e-16  3.42252e-18
       7191.7418  1.60582e-16  3.45291e-18
       7195.1051  1.55111e-16  3.39157e-18
       7198.4685  1.55189e-16  3.38704e-18
       7201.8319  1.64655e-16  3.47040e-18
       7205.1953  1.64770e-16  3.48271e-18
       7208.5586  1.57169e-16  3.45880e-18
       7211.9220  1.54170e-16  3.48346e-18
       7215.2854  1.54561e-16  3.51845e-18
       7218.6487  1.58094e-16  3.54985e-18
       7222.0121  1.64019e-16  3.58600e-18
       7225.3755  1.65682e-16  3.58273e-18
       7228.7388  1.58267e-16  3.52793e-18
       7232.1022  1.59120e-16  3.67164e-18
       7235.4656  1.58701e-16  3.76368e-18
       7238.8290  1.54647e-16  3.82965e-18
       7242.1923  1.47751e-16  3.83708e-18
       7245.5557  1.41880e-16  3.79144e-18
       7248.9191  1.47068e-16  3.75665e-18
       7252.2824  1.53733e-16  3.65257e-18
       7255.6458  1.48926e-16  3.51198e-18
       7259.0092  1.44459e-16  3.47129e-18
       7262.3726  1.45410e-16  3.46443e-18
       7265.7359  1.43825e-16  3.50311e-18
       7269.0993  1.41050e-16  3.67801e-18
       7272.4627  1.37500e-16  3.71019e-18
       7275.8260  1.45845e-16  3.80747e-18
       7279.1894  1.44936e-16  3.85911e-18
       7282.5528  1.46415e-16  3.81172e-18
       7285.9162  1.41723e-16  3.62994e-18
       7289.2795  1.40431e-16  3.55567e-18
       7292.6429  1.44430e-16  3.54368e-18
       7296.0063  1.43615e-16  3.53295e-18
       7299.3696  1.45327e-16  3.59692e-18
       7302.7330  1.55389e-16  3.63592e-18
       7306.0964  1.57133e-16  3.69712e-18
       7309.4597  1.56303e-16  3.85268e-18
       7312.8231  1.64655e-16  3.87795e-18
       7316.1865  1.66261e-16  3.89088e-18
       7319.5499  1.69723e-16  3.95996e-18
       7322.9132  1.62722e-16  3.92466e-18
       7326.2766  1.58287e-16  3.83265e-18
       7329.6400  1.67559e-16  3.90083e-18
       7333.0033  1.71282e-16  4.05271e-18
       7336.3667  1.67419e-16  4.06173e-18
       7339.7301  1.72918e-16  4.05735e-18
       7343.0935  1.74246e-16  4.08651e-18
       7346.4568  1.65958e-16  3.97922e-18
       7349.8202  1.73679e-16  3.91358e-18
       7353.1836  1.72410e-16  3.87610e-18
       7356.5469  1.70558e-16  3.87769e-18
       7359.9103  1.74164e-16  3.97775e-18
       7363.2737  1.76344e-16  4.07159e-18
       7366.6370  1.75883e-16  4.04440e-18
       7370.0004  1.69027e-16  3.96541e-18
       7373.3638  1.70505e-16  3.97001e-18
       7376.7272  1.75480e-16  3.90849e-18
       7380.0905  1.72396e-16  3.78662e-18
       7383.4539  1.73257e-16  3.81267e-18
       7386.8173  1.75052e-16  3.85485e-18
       7390.1806  1.65865e-16  3.80495e-18
       7393.5440  1.67790e-16  3.88735e-18
       7396.9074  1.73634e-16  3.96370e-18
       7400.2708  1.63290e-16  3.86878e-18
       7403.6341  1.65022e-16  3.86101e-18
       7406.9975  1.68738e-16  3.88292e-18
       7410.3609  1.66839e-16  3.78335e-18
       7413.7242  1.68101e-16  3.73781e-18
       7417.0876  1.66131e-16  3.72634e-18
       7420.4510  1.67316e-16  3.75228e-18
       7423.8143  1.71173e-16  3.79151e-18
       7427.1777  1.63807e-16  3.73741e-18
       7430.5411  1.62155e-16  3.77121e-18
       7433.9045  1.68530e-16  3.84841e-18
       7437.2678  1.65896e-16  3.81193e-18
       7440.6312  1.68121e-16  3.82109e-18
       7443.9946  1.65612e-16  3.78550e-18
       7447.3579  1.64578e-16  3.71879e-18
       7450.7213  1.65881e-16  3.71742e-18
       7454.0847  1.64907e-16  3.72046e-18
       7457.4481  1.64659e-16  3.73483e-18
       7460.8114  1.68929e-16  3.79373e-18
       7464.1748  1.71170e-16  3.84574e-18
       7467.5382  1.66083e-16  3.83595e-18
       7470.9015  1.62047e-16  3.81303e-18
       7474.2649  1.64980e-16  3.88201e-18
       7477.6283  1.67750e-16  3.90765e-18
       7480.9916  1.64801e-16  3.85273e-18
       7484.3550  1.59420e-16  3.79639e-18
       7487.7184  1.54054e-16  3.71357e-18
       7491.0818  1.52016e-16  3.63971e-18
       7494.4451  1.46758e-16  3.57884e-18
       7497.8085  1.41557e-16  3.52638e-18
       7501.1719  1.36396e-16  3.45571e-18
       7504.5352  1.31953e-16  3.39255e-18
       7507.8986  1.30511e-16  3.36778e-18
       7511.2620  1.24756e-16  3.33810e-18
       7514.6254  1.19107e-16  3.35062e-18
       7517.9887  1.12427e-16  3.39599e-18
       7521.3521  1.05825e-16  3.36932e-18
       7524.7155  1.01742e-16  3.34460e-18
       7528.0788  9.74782e-17  3.29929e-18
       7531.4422  9.01661e-17  3.09665e-18
       7534.8056  8.57896e-17  2.95819e-18
       7538.1689  8.21152e-17  2.86686e-18
       7541.5323  7.70221e-17  2.76587e-18
       7544.8957  7.28514e-17  2.72336e-18
       7548.2591  6.95470e-17  2.69701e-18
       7551.6224  6.67406e-17  2.66768e-18
       7554.9858  6.28854e-17  2.62002e-18
       7558.3492  6.16779e-17  2.60493e-18
       7561.7125  5.97506e-17  2.60997e-18
       7565.0759  5.81748e-17  2.66990e-18
       7568.4393  5.72676e-17  2.68096e-18
       7571.8027  5.41527e-17  2.63887e-18
       7575.1660  5.33266e-17  2.61851e-18
       7578.5294  5.07015e-17  2.53185e-18
       7581.8928  4.52534e-17  2.38184e-18
       7585.2561  4.35565e-17  2.29312e-18
       7588.6195  4.56119e-17  2.28109e-18
       7591.9829  4.94520e-17  2.20224e-18
       7595.3463  4.86279e-17  1.90128e-18
       7598.7096  4.83762e-17  1.68832e-18
       7602.0730  4.98897e-17  1.59922e-18
       7605.4364  4.61671e-17  1.53513e-18
       7608.7997  6.67988e-17  1.68219e-18
       7612.1631  5.60871e-17  1.78981e-18
       7615.5265  5.01943e-17  1.93544e-18
       7618.8898  5.25980e-17  2.08324e-18
       7622.2532  5.98929e-17  2.14596e-18
       7625.6166  6.85539e-17  2.11596e-18
       7628.9800  5.81435e-17  1.95713e-18
       7632.3433  5.23071e-17  1.92410e-18
       7635.7067  5.83629e-17  1.97476e-18
       7639.0701  6.63776e-17  2.03747e-18
       7642.4334  6.25302e-17  2.06295e-18
       7645.7968  6.34233e-17  2.16484e-18
       7649.1602  6.58866e-17  2.24200e-18
       7652.5236  6.65639e-17  2.33924e-18
       7655.8869  6.79731e-17  2.43344e-18
       7659.2503  7.37145e-17  2.51489e-18
       7662.6137  7.74269e-17  2.58794e-18
       7665.9770  7.89206e-17  2.65494e-18
       7669.3404  8.52011e-17  2.73251e-18
       7672.7038  8.73449e-17  2.74495e-18
       7676.0671  9.22553e-17  2.82267e-18
       7679.4305  9.35431e-17  2.86486e-18
       7682.7939  9.84486e-17  2.92574e-18
       7686.1573  1.04884e-16  3.03546e-18
       7689.5206  1.05642e-16  3.09141e-18
       7692.8840  1.08958e-16  3.12559e-18
       7696.2474  1.16551e-16  3.18436e-18
       7699.6107  1.23703e-16  3.25889e-18
       7702.9741  1.33314e-16  3.44905e-18
       7706.3375  1.41230e-16  3.75841e-18
       7709.7009  1.45636e-16  3.95591e-18
       7713.0642  1.49739e-16  4.02759e-18
       7716.4276  1.53526e-16  4.11596e-18
       7719.7910  1.58458e-16  4.12454e-18
       7723.1543  1.52770e-16  3.92487e-18
       7726.5177  1.57071e-16  3.78798e-18
       7729.8811  1.67496e-16  3.80695e-18
       7733.2444  1.75588e-16  3.87235e-18
       7736.6078  1.81580e-16  3.90424e-18
       7739.9712  1.81432e-16  4.01366e-18
       7743.3346  1.84842e-16  4.22628e-18
       7746.6979  1.90690e-16  4.35004e-18
       7750.0613  1.94509e-16  4.42718e-18
       7753.4247  2.02612e-16  4.51512e-18
       7756.7880  2.00592e-16  4.42542e-18
       7760.1514  2.04872e-16  4.30211e-18
       7763.5148  2.10463e-16  4.29927e-18
       7766.8782  2.06806e-16  4.23272e-18
       7770.2415  2.06271e-16  4.22102e-18
       7773.6049  2.07953e-16  4.26337e-18
       7776.9683  2.09339e-16  4.29086e-18
       7780.3316  2.14370e-16  4.33089e-18
       7783.6950  2.17429e-16  4.40422e-18
       7787.0584  2.18188e-16  4.53550e-18
       7790.4217  2.16144e-16  4.51168e-18
       7793.7851  2.15311e-16  4.49769e-18
       7797.1485  2.11225e-16  4.46382e-18
       7800.5119  2.20031e-16  4.49545e-18
       7803.8752  2.20881e-16  4.41768e-18
       7807.2386  2.20712e-16  4.38139e-18
       7810.6020  2.27469e-16  4.53712e-18
       7813.9653  2.30040e-16  4.69160e-18
       7817.3287  2.28773e-16  4.69378e-18
       7820.6921  2.26135e-16  4.63687e-18
       7824.0555  2.24126e-16  4.62739e-18
       7827.4188  2.30917e-16  4.57487e-18
       7830.7822  2.18791e-16  4.33179e-18
       7834.1456  2.21508e-16  4.38104e-18
       7837.5089  2.17108e-16  4.38423e-18
       7840.8723  2.20225e-16  4.43350e-18
       7844.2357  2.31602e-16  4.70048e-18
       7847.5991  2.30723e-16  4.80096e-18
       7850.9624  2.25135e-16  4.78186e-18
       7854.3258  2.23884e-16  4.82905e-18
       7857.6892  2.22422e-16  4.79596e-18
       7861.0525  2.22745e-16  4.73617e-18
       7864.4159  2.20594e-16  4.66236e-18
       7867.7793  2.25505e-16  4.63674e-18
       7871.1426  2.27073e-16  4.65205e-18
       7874.5060  2.20754e-16  4.61717e-18
       7877.8694  2.25289e-16  4.59545e-18
       7881.2328  2.23087e-16  4.61854e-18
       7884.5961  2.22699e-16  4.63808e-18
       7887.9595  2.23138e-16  4.57808e-18
       7891.3229  2.16223e-16  4.49256e-18
       7894.6862  2.12195e-16  4.41965e-18
       7898.0496  2.13412e-16  4.33211e-18
       7901.4130  2.14140e-16  4.36089e-18
       7904.7764  2.04464e-16  4.50800e-18
       7908.1397  2.08255e-16  4.68373e-18
       7911.5031  1.99821e-16  4.70989e-18
       7914.8665  1.98889e-16  4.74964e-18
       7918.2298  2.00523e-16  4.71872e-18
       7921.5932  1.97088e-16  4.55444e-18
       7924.9566  1.88174e-16  4.37884e-18
       7928.3199  1.80242e-16  4.23307e-18
       7931.6833  1.72438e-16  4.08762e-18
       7935.0467  1.60958e-16  3.98371e-18
       7938.4101  1.61464e-16  3.93972e-18
       7941.7734  1.59361e-16  3.91375e-18
       7945.1368  1.53395e-16  3.86423e-18
       7948.5002  1.66169e-16  3.98971e-18
       7951.8635  1.59188e-16  3.93307e-18
       7955.2269  1.50384e-16  3.98665e-18
       7958.5903  1.42013e-16  4.00830e-18
       7961.9537  1.35481e-16  3.95684e-18
       7965.3170  1.34240e-16  3.95698e-18
       7968.6804  1.28640e-16  3.91416e-18
       7972.0438  1.25396e-16  3.83154e-18
       7975.4071  1.24298e-16  3.67477e-18
       7978.7705  1.17822e-16  3.59093e-18
       7982.1339  1.24767e-16  3.74849e-18
       7985.4972  1.23000e-16  3.91028e-18
       7988.8606  1.22065e-16  3.90757e-18
       7992.2240  1.19615e-16  3.85180e-18
       7995.5874  1.09841e-16  3.77891e-18
       7998.9507  1.03693e-16  3.57261e-18
       8002.3141  1.02796e-16  3.34938e-18
       8005.6775  9.91272e-17  3.28524e-18
       8009.0408  9.60260e-17  3.27844e-18
       8012.4042  9.61697e-17  3.31830e-18
       8015.7676  9.66996e-17  3.47563e-18
       8019.1310  8.95732e-17  3.51310e-18
       8022.4943  8.53081e-17  3.44722e-18
       8025.8577  8.44314e-17  3.39200e-18
       8029.2211  7.78870e-17  3.28156e-18
       8032.5844  7.66367e-17  3.12727e-18
       8035.9478  7.29434e-17  2.89678e-18
       8039.3112  6.10791e-17  2.69415e-18
       8042.6745  5.85803e-17  2.69715e-18
       8046.0379  5.99092e-17  2.72128e-18
       8049.4013  5.38403e-17  2.68192e-18
       8052.7647  5.58497e-17  2.82257e-18
       8056.1280  5.31621e-17  2.82950e-18
       8059.4914  4.67849e-17  2.69782e-18
       8062.8548  4.46538e-17  2.62400e-18
       8066.2181  3.95722e-17  2.52615e-18
       8069.5815  3.98684e-17  2.43402e-18
       8072.9449  4.26170e-17  2.39382e-18
       8076.3083  3.85692e-17  2.33440e-18
       8079.6716  3.42877e-17  2.25942e-18
       8083.0350  3.16851e-17  2.22918e-18
       8086.3984  3.07114e-17  2.22726e-18
       8089.7617  2.66076e-17  2.15016e-18
       8093.1251  2.51216e-17  2.18569e-18
       8096.4885  2.42745e-17  2.19911e-18
       8099.8518  2.19772e-17  2.17572e-18
       8103.2152  2.39836e-17  2.16032e-18
       8106.5786  2.67848e-17  2.15942e-18
       8109.9420  2.41840e-17  2.08416e-18
       8113.3053  2.07252e-17  1.96014e-18
       8116.6687  2.08662e-17  1.95203e-18
       8120.0321  2.24079e-17  2.02367e-18
       8123.3954  2.43480e-17  2.05441e-18
       8126.7588  2.14537e-17  2.01039e-18
       8130.1222  1.88735e-17  1.94384e-18
       8133.4856  1.78095e-17  1.95973e-18
       8136.8489  1.97355e-17  2.01856e-18
       8140.2123  1.92280e-17  2.01754e-18
       8143.5757  1.93385e-17  2.01886e-18
       8146.9390  2.14191e-17  2.04419e-18
       8150.3024  1.98775e-17  2.00631e-18
       8153.6658  1.93863e-17  1.96672e-18
       8157.0292  2.26051e-17  1.99393e-18
       8160.3925  2.21997e-17  1.98116e-18
       8163.7559  2.27225e-17  1.99098e-18
       8167.1193  2.33883e-17  2.03531e-18
       8170.4826  2.74078e-17  2.12042e-18
       8173.8460  2.66540e-17  2.12435e-18
       8177.2094  2.41208e-17  2.09593e-18
       8180.5727  2.65784e-17  2.14474e-18
       8183.9361  2.73834e-17  2.17101e-18
       8187.2995  2.20978e-17  2.10497e-18
       8190.6629  1.89980e-17  2.06610e-18
       8194.0262  2.18523e-17  2.07289e-18
       8197.3896  2.52905e-17  2.14530e-18
       8200.7530  2.63817e-17  2.14739e-18
       8204.1163  2.29978e-17  2.07329e-18
       8207.4797  2.23282e-17  2.03222e-18
       8210.8431  2.35077e-17  2.08244e-18
       8214.2065  2.32917e-17  2.09974e-18
       8217.5698  2.13974e-17  2.01904e-18
       8220.9332  2.07214e-17  1.96920e-18
       8224.2966  2.08824e-17  1.95856e-18
       8227.6599  1.65750e-17  1.88587e-18
       8231.0233  1.82791e-17  1.90933e-18
       8234.3867  2.10760e-17  1.98752e-18
       8237.7500  1.92697e-17  1.99826e-18
       8241.1134  2.16663e-17  2.02870e-18
       8244.4768  2.00384e-17  2.03028e-18
       8247.8402  2.06231e-17  2.06122e-18
       8251.2035  2.29402e-17  2.07354e-18
       8254.5669  2.01673e-17  1.99994e-18
       8257.9303  1.96818e-17  1.98476e-18
       8261.2936  1.94476e-17  2.00416e-18
       8264.6570  1.79801e-17  1.97830e-18
       8268.0204  2.30351e-17  2.13302e-18
       8271.3838  2.12920e-17  2.31520e-18
       8274.7471  2.14348e-17  2.56538e-18
       8278.1105  1.77086e-17  2.75431e-18
       8281.4739  2.16038e-17  2.98297e-18
       8284.8372  2.11571e-17  3.05121e-18
       8288.2006  1.92735e-17  3.07546e-18
       8291.5640  2.57364e-17  3.19653e-18
       8294.9273  1.91159e-17  3.00103e-18
       8298.2907  1.92352e-17  2.87030e-18
       8301.6541  2.05345e-17  2.83866e-18
       8305.0175  2.59384e-17  2.71254e-18
       8308.3808  2.40196e-17  2.40395e-18
       8311.7442  2.02027e-17  2.26309e-18
       8315.1076  2.10201e-17  2.24463e-18
       8318.4709  2.01237e-17  2.11488e-18
       8321.8343  2.15353e-17  2.07304e-18
       8325.1977  2.65788e-17  2.17254e-18
       8328.5611  2.45198e-17  2.15988e-18
       8331.9244  2.40504e-17  2.40143e-18
       8335.2878  2.81405e-17  3.11013e-18
       8338.6512  2.64053e-17  3.41540e-18
       8342.0145  2.64573e-17  3.60510e-18
       8345.3779  2.07026e-17  3.72366e-18
       8348.7413  2.28434e-17  3.61601e-18
       8352.1046  2.86929e-17  3.24299e-18
       8355.4680  2.79020e-17  2.87958e-18
       8358.8314  2.87237e-17  2.71250e-18
       8362.1948  2.87397e-17  2.53808e-18
       8365.5581  2.23303e-17  2.36910e-18
       8368.9215  2.81461e-17  2.44868e-18
       8372.2849  3.12411e-17  2.51289e-18
       8375.6482  2.95009e-17  2.58948e-18
       8379.0116  3.12292e-17  2.65555e-18
       8382.3750  3.03444e-17  2.65817e-18
       8385.7384  2.99237e-17  2.69644e-18
       8389.1017  3.46348e-17  2.98966e-18
       8392.4651  3.28507e-17  3.24930e-18
       8395.8285  2.75664e-17  3.24317e-18
       8399.1918  3.59530e-17  3.35882e-18
       8402.5552  3.86634e-17  3.30577e-18
       8405.9186  3.30995e-17  3.06336e-18
       8409.2820  3.25499e-17  2.81425e-18
       8412.6453  3.46323e-17  2.78662e-18
       8416.0087  3.92157e-17  2.91586e-18
       8419.3721  3.88650e-17  3.16718e-18
       8422.7354  3.69627e-17  3.45004e-18
       8426.0988  3.65107e-17  3.53845e-18
       8429.4622  3.59557e-17  3.49283e-18
       8432.8255  3.91240e-17  3.45774e-18
       8436.1889  3.47990e-17  3.12531e-18
       8439.5523  3.76395e-17  2.73077e-18
       8442.9157  4.30709e-17  2.76527e-18
       8446.2790  4.69666e-17  2.92271e-18
       8449.6424  4.57205e-17  2.90584e-18
       8453.0058  4.62383e-17  3.05967e-18
       8456.3691  4.76731e-17  3.38454e-18
       8459.7325  4.98199e-17  3.51947e-18
       8463.0959  5.25221e-17  3.46440e-18
       8466.4593  4.71160e-17  3.37689e-18
       8469.8226  4.67843e-17  3.25145e-18
       8473.1860  5.37094e-17  3.02800e-18
       8476.5494  5.53415e-17  2.83196e-18
       8479.9127  5.25719e-17  2.75561e-18
       8483.2761  5.96898e-17  2.93913e-18
       8486.6395  6.71181e-17  3.15703e-18
       8490.0028  6.66716e-17  3.19063e-18
       8493.3662  6.53069e-17  3.25483e-18
       8496.7296  6.13494e-17  3.39648e-18
       8500.0930  5.58886e-17  3.36896e-18
       8503.4563  6.34616e-17  3.38983e-18
       8506.8197  6.75145e-17  3.37547e-18
       8510.1831  7.12930e-17  3.35825e-18
       8513.5464  7.56966e-17  3.23833e-18
       8516.9098  7.91293e-17  3.17450e-18
       8520.2732  7.55274e-17  3.12143e-18
       8523.6366  7.19334e-17  3.07779e-18
       8526.9999  7.83580e-17  3.18872e-18
       8530.3633  8.48823e-17  3.32744e-18
       8533.7267  8.47241e-17  3.35823e-18
       8537.0900  8.85533e-17  3.46632e-18
       8540.4534  8.63578e-17  3.52753e-18
       8543.8168  9.17102e-17  3.59973e-18
       8547.1801  9.76215e-17  3.64841e-18
       8550.5435  1.03886e-16  3.71530e-18
       8553.9069  1.06158e-16  3.71295e-18
       8557.2703  1.05447e-16  3.62830e-18
       8560.6336  1.06670e-16  3.57630e-18
       8563.9970  1.11246e-16  3.62269e-18
       8567.3604  1.19639e-16  3.74492e-18
       8570.7237  1.18510e-16  3.76913e-18
       8574.0871  1.24066e-16  3.84167e-18
       8577.4505  1.24859e-16  3.85338e-18
       8580.8139  1.29227e-16  3.90697e-18
       8584.1772  1.34828e-16  3.98737e-18
       8587.5406  1.34371e-16  4.00972e-18
       8590.9040  1.38058e-16  4.08440e-18
       8594.2673  1.45355e-16  4.18941e-18
       8597.6307  1.42528e-16  4.16475e-18
       8600.9941  1.41663e-16  4.16277e-18
       8604.3574  1.50620e-16  4.25874e-18
       8607.7208  1.56838e-16  4.41019e-18
       8611.0842  1.48835e-16  4.45098e-18
       8614.4476  1.54561e-16  4.68054e-18
       8617.8109  1.60850e-16  4.92495e-18
       8621.1743  1.65992e-16  5.11198e-18
       8624.5377  1.75524e-16  5.27938e-18
       8627.9010  1.77895e-16  5.32032e-18
       8631.2644  1.79671e-16  5.30050e-18
       8634.6278  1.82573e-16  5.19871e-18
       8637.9912  1.77442e-16  5.01388e-18
       8641.3545  1.79587e-16  4.98515e-18
       8644.7179  1.90593e-16  5.11932e-18
       8648.0813  1.95983e-16  5.27792e-18
       8651.4446  2.00473e-16  5.44459e-18
       8654.8080  1.97503e-16  5.51556e-18
       8658.1714  1.92019e-16  5.50361e-18
       8661.5347  2.02632e-16  5.55454e-18
       8664.8981  2.12442e-16  5.58145e-18
       8668.2615  2.15469e-16  5.54381e-18
       8671.6249  2.17395e-16  5.44801e-18
       8674.9882  2.15732e-16  5.34009e-18
       8678.3516  2.15891e-16  5.25099e-18
       8681.7150  2.20862e-16  5.23064e-18
       8685.0783  2.26724e-16  5.21224e-18
       8688.4417  2.27661e-16  5.15622e-18
       8691.8051  2.29311e-16  5.15345e-18
       8695.1685  2.33866e-16  5.19089e-18
       8698.5318  2.30574e-16  5.17556e-18
       8701.8952  2.37784e-16  5.21425e-18
       8705.2586  2.41677e-16  5.23095e-18
       8708.6219  2.33297e-16  5.14123e-18
       8711.9853  2.35153e-16  5.12052e-18
       8715.3487  2.47774e-16  5.21691e-18
       8718.7121  2.49736e-16  5.24929e-18
       8722.0754  2.41045e-16  5.17992e-18
       8725.4388  2.37648e-16  5.14292e-18
       8728.8022  2.41490e-16  5.16649e-18
       8732.1655  2.47769e-16  5.23007e-18
       8735.5289  2.43350e-16  5.21489e-18
       8738.8923  2.37438e-16  5.15684e-18
       8742.2556  2.39365e-16  5.18383e-18
       8745.6190  2.40066e-16  5.21198e-18
       8748.9824  2.30847e-16  5.24144e-18
       8752.3458  2.29514e-16  5.45338e-18
       8755.7091  2.31793e-16  5.71950e-18
       8759.0725  2.19782e-16  5.84103e-18
       8762.4359  2.24281e-16  6.03250e-18
       8765.7992  2.27408e-16  6.08143e-18
       8769.1626  2.15770e-16  6.04720e-18
       8772.5260  2.09241e-16  5.94585e-18
       8775.8894  1.99528e-16  5.67602e-18
       8779.2527  1.99594e-16  5.52340e-18
       8782.6161  2.04653e-16  5.47284e-18
       8785.9795  1.99076e-16  5.23383e-18
       8789.3428  1.95268e-16  4.98808e-18
       8792.7062  1.92980e-16  4.93249e-18
       8796.0696  1.84018e-16  4.78396e-18
       8799.4329  1.85964e-16  4.72892e-18
       8802.7963  1.82769e-16  4.64705e-18
       8806.1597  1.78476e-16  4.59106e-18
       8809.5231  1.68928e-16  4.50109e-18
       8812.8864  1.67216e-16  4.58004e-18
       8816.2498  1.75570e-16  5.03369e-18
       8819.6132  1.74594e-16  5.54454e-18
       8822.9765  1.64658e-16  5.73852e-18
       8826.3399  1.52926e-16  5.76269e-18
       8829.7033  1.51363e-16  5.81206e-18
       8833.0667  1.51201e-16  5.56754e-18
       8836.4300  1.60449e-16  5.21801e-18
       8839.7934  1.61571e-16  4.97034e-18
       8843.1568  1.58751e-16  4.81465e-18
       8846.5201  1.56124e-16  4.61942e-18
       8849.8835  1.49130e-16  4.43786e-18
       8853.2469  1.48156e-16  4.42760e-18
       8856.6102  1.47712e-16  4.45603e-18
       8859.9736  1.42378e-16  4.50024e-18
       8863.3370  1.43499e-16  4.54686e-18
       8866.7004  1.47016e-16  4.62638e-18
       8870.0637  1.41910e-16  4.58810e-18
       8873.4271  1.39549e-16  4.60089e-18
       8876.7905  1.41505e-16  4.83293e-18
       8880.1538  1.46693e-16  5.11559e-18
       8883.5172  1.54902e-16  5.23680e-18
       8886.8806  1.53203e-16  5.21516e-18
       8890.2440  1.59906e-16  5.16739e-18
       8893.6073  1.48260e-16  4.91423e-18
       8896.9707  1.47560e-16  4.77436e-18
       8900.3341  1.54533e-16  4.76193e-18
       8903.6974  1.51557e-16  4.75873e-18
       8907.0608  1.48192e-16  4.81419e-18
       8910.4242  1.54992e-16  5.08107e-18
       8913.7875  1.60188e-16  5.39864e-18
       8917.1509  1.56885e-16  5.42455e-18
       8920.5143  1.56513e-16  5.40312e-18
       8923.8777  1.57506e-16  5.28291e-18
       8927.2410  1.49695e-16  4.88267e-18
       8930.6044  1.49051e-16  4.55871e-18
       8933.9678  1.46808e-16  4.50700e-18
       8937.3311  1.43428e-16  4.59700e-18
       8940.6945  1.46230e-16  4.69104e-18
       8944.0579  1.50573e-16  4.76598e-18
       8947.4213  1.54355e-16  4.87424e-18
       8950.7846  1.48013e-16  5.02838e-18
       8954.1480  1.51353e-16  5.10580e-18
       8957.5114  1.49504e-16  5.06011e-18
       8960.8747  1.43890e-16  4.92569e-18
       8964.2381  1.39365e-16  4.72844e-18
       8967.6015  1.39499e-16  4.47210e-18
       8970.9648  1.42691e-16  4.29803e-18
       8974.3282  1.43076e-16  4.30215e-18
       8977.6916  1.40755e-16  4.33696e-18
       8981.0550  1.35693e-16  4.36163e-18
       8984.4183  1.30928e-16  4.32785e-18
       8987.7817  1.30075e-16  4.37781e-18
       8991.1451  1.31648e-16  4.50013e-18
       8994.5084  1.39243e-16  4.67776e-18
       8997.8718  1.38734e-16  4.68691e-18
       9001.2352  1.30730e-16  4.53674e-18
       9004.5986  1.28831e-16  4.44120e-18
       9007.9619  1.24541e-16  4.28998e-18
       9011.3253  1.25988e-16  4.13485e-18
       9014.6887  1.26657e-16  4.04564e-18
       9018.0520  1.18738e-16  3.93375e-18
       9021.4154  1.17434e-16  3.93745e-18
       9024.7788  1.21242e-16  4.01144e-18
       9028.1422  1.22991e-16  4.06929e-18
       9031.5055  1.20646e-16  4.08004e-18
       9034.8689  1.16395e-16  4.05986e-18
       9038.2323  1.17588e-16  4.13768e-18
       9041.5956  1.17180e-16  4.23731e-18
       9044.9590  1.10213e-16  4.16772e-18
       9048.3224  1.05090e-16  4.04981e-18
       9051.6857  1.05168e-16  3.99777e-18
       9055.0491  9.72067e-17  3.84024e-18
       9058.4125  8.68461e-17  3.63103e-18
       9061.7759  8.45693e-17  3.52943e-18
       9065.1392  8.17990e-17  3.45027e-18
       9068.5026  7.83990e-17  3.39136e-18
       9071.8660  7.97585e-17  3.41263e-18
       9075.2293  7.14417e-17  3.23776e-18
       9078.5927  7.19249e-17  3.22300e-18
       9081.9561  6.89911e-17  3.21566e-18
       9085.3195  6.56059e-17  3.20656e-18
       9088.6828  6.55280e-17  3.23156e-18
       9092.0462  6.40381e-17  3.25387e-18
       9095.4096  6.45928e-17  3.30754e-18
       9098.7729  6.37390e-17  3.27724e-18
       9102.1363  6.30827e-17  3.24952e-18
       9105.4997  6.02766e-17  3.20814e-18
       9108.8630  6.43536e-17  3.23518e-18
       9112.2264  6.39490e-17  3.14770e-18
       9115.5898  6.08733e-17  3.04182e-18
       9118.9532  6.13480e-17  3.03865e-18
       9122.3165  5.97477e-17  3.01779e-18
       9125.6799  5.79665e-17  2.99342e-18
       9129.0433  6.19134e-17  3.05192e-18
       9132.4066  6.19964e-17  3.06396e-18
       9135.7700  5.62962e-17  3.02868e-18
       9139.1334  5.20330e-17  2.92236e-18
       9142.4968  5.58933e-17  3.00788e-18
       9145.8601  5.85600e-17  3.08946e-18
       9149.2235  5.61627e-17  3.04544e-18
       9152.5869  5.54092e-17  3.07456e-18
       9155.9502  5.49645e-17  3.09222e-18
       9159.3136  5.79734e-17  3.17757e-18
       9162.6770  6.52167e-17  3.23745e-18
       9166.0403  6.14854e-17  3.21708e-18
       9169.4037  6.11983e-17  3.16605e-18
       9172.7671  6.38077e-17  3.14441e-18
       9176.1305  6.29995e-17  3.11766e-18
       9179.4938  6.16454e-17  3.08651e-18
       9182.8572  6.27130e-17  3.13436e-18
       9186.2206  6.67960e-17  3.20486e-18
       9189.5839  6.60769e-17  3.18186e-18
       9192.9473  6.85593e-17  3.23470e-18
       9196.3107  7.48627e-17  3.33463e-18
       9199.6741  7.56065e-17  3.37719e-18
       9203.0374  7.60831e-17  3.41760e-18
       9206.4008  7.83073e-17  3.44511e-18
       9209.7642  7.56308e-17  3.41049e-18
       9213.1275  7.64078e-17  3.47149e-18
       9216.4909  8.72791e-17  3.66961e-18
       9219.8543  8.56313e-17  3.64509e-18
       9223.2176  7.53661e-17  3.47833e-18
       9226.5810  7.62758e-17  3.50169e-18
       9229.9444  8.04727e-17  3.52870e-18
       9233.3078  7.94969e-17  3.46627e-18
       9236.6711  8.36673e-17  3.55668e-18
       9240.0345  8.98618e-17  3.69204e-18
       9243.3979  8.60759e-17  3.61404e-18
       9246.7612  9.29258e-17  3.70456e-18
       9250.1246  9.21577e-17  3.68955e-18
       9253.4880  8.70677e-17  3.61179e-18
       9256.8514  8.63930e-17  3.60486e-18
       9260.2147  9.22162e-17  3.70837e-18
       9263.5781  9.43178e-17  3.73989e-18
       9266.9415  9.41798e-17  3.71677e-18
       9270.3048  1.01126e-16  3.83091e-18
       9273.6682  9.62345e-17  3.77507e-18
       9277.0316  8.70365e-17  3.61066e-18
       9280.3950  8.26930e-17  3.57562e-18
       9283.7583  8.56699e-17  3.60725e-18
       9287.1217  8.95697e-17  3.65767e-18
       9290.4851  8.62372e-17  3.65749e-18
       9293.8484  8.17802e-17  3.64303e-18
       9297.2118  8.35962e-17  3.79309e-18
       9300.5752  8.24903e-17  4.08306e-18
       9303.9385  7.96629e-17  4.40237e-18
       9307.3019  8.14904e-17  4.71460e-18
       9310.6653  8.49618e-17  4.92588e-18
       9314.0287  8.51389e-17  4.92677e-18
       9317.3920  7.60067e-17  4.78204e-18
       9320.7554  7.41126e-17  4.59610e-18
       9324.1188  9.25841e-17  4.32495e-18
       9327.4821  9.42995e-17  4.04382e-18
       9330.8455  8.90702e-17  3.97739e-18
       9334.2089  7.74824e-17  3.61253e-18
       9337.5723  8.09590e-17  3.28728e-18
       9340.9356  8.47306e-17  3.15362e-18
       9344.2990  8.56689e-17  3.14582e-18
       9347.6624  8.53005e-17  3.17989e-18
       9351.0257  7.84436e-17  3.19730e-18
       9354.3891  8.01500e-17  3.19632e-18
       9357.7525  8.47811e-17  3.15229e-18
       9361.1158  7.41246e-17  3.14724e-18
       9364.4792  7.52284e-17  3.48973e-18
       9367.8426  8.70966e-17  4.06340e-18
       9371.2060  9.21461e-17  4.65158e-18
       9374.5693  8.05154e-17  4.91550e-18
       9377.9327  6.45100e-17  4.75759e-18
       9381.2961  6.52772e-17  4.56638e-18
       9384.6594  8.25543e-17  4.42652e-18
       9388.0228  7.82117e-17  3.90744e-18
       9391.3862  6.85807e-17  3.56054e-18
       9394.7496  6.83512e-17  3.59802e-18
       9398.1129  7.18196e-17  3.71183e-18
       9401.4763  7.46257e-17  3.74755e-18
       9404.8397  7.54328e-17  3.70970e-18
       9408.2030  7.32382e-17  3.64364e-18
       9411.5664  7.36912e-17  3.72597e-18
       9414.9298  7.48882e-17  3.88865e-18
       9418.2931  7.59300e-17  3.94924e-18
       9421.6565  7.15279e-17  3.88002e-18
       9425.0199  6.77534e-17  3.72514e-18
       9428.3833  7.39871e-17  3.66091e-18
       9431.7466  7.84025e-17  3.82146e-18
       9435.1100  7.44706e-17  4.10756e-18
       9438.4734  7.59637e-17  4.28634e-18
       9441.8367  7.48414e-17  4.25770e-18
       9445.2001  7.68930e-17  4.27127e-18
       9448.5635  7.24568e-17  4.16272e-18
       9451.9269  6.15839e-17  3.92743e-18
       9455.2902  6.07167e-17  3.81266e-18
       9458.6536  6.97680e-17  3.81688e-18
       9462.0170  7.06371e-17  3.74584e-18
       9465.3803  6.23579e-17  3.69742e-18
       9468.7437  5.93195e-17  3.85205e-18
       9472.1071  6.24122e-17  4.05376e-18
       9475.4704  6.65545e-17  4.30735e-18
       9478.8338  6.87402e-17  4.35940e-18
       9482.1972  7.25650e-17  4.26607e-18
       9485.5606  7.48335e-17  4.05995e-18
       9488.9239  6.46512e-17  3.67922e-18
       9492.2873  5.98499e-17  3.41851e-18
       9495.6507  6.31684e-17  3.46662e-18
       9499.0140  7.03841e-17  3.63592e-18
       9502.3774  6.64881e-17  3.64665e-18
       9505.7408  6.40060e-17  3.76480e-18
       9509.1042  6.37100e-17  3.90278e-18
       9512.4675  6.37716e-17  3.88081e-18
       9515.8309  6.04509e-17  3.73867e-18
       9519.1943  5.44152e-17  3.55692e-18
       9522.5576  6.14450e-17  3.57804e-18
       9525.9210  5.84828e-17  3.50719e-18
       9529.2844  5.35516e-17  3.45533e-18
       9532.6477  5.80790e-17  3.50981e-18
       9536.0111  6.51560e-17  3.60346e-18
       9539.3745  6.28769e-17  3.50677e-18
       9542.7379  5.66169e-17  3.32475e-18
       9546.1012  5.83427e-17  3.40917e-18
       9549.4646  5.18656e-17  3.43243e-18
       9552.8280  5.25147e-17  3.53398e-18
       9556.1913  6.14590e-17  3.68465e-18
       9559.5547  6.06366e-17  3.75365e-18
       9562.9181  5.78169e-17  3.86082e-18
       9566.2815  5.99924e-17  3.97289e-18
       9569.6448  6.13381e-17  3.98045e-18
       9573.0082  5.99770e-17  3.94286e-18
       9576.3716  4.75570e-17  3.66534e-18
       9579.7349  5.69194e-17  3.55610e-18
       9583.0983  5.66379e-17  3.36122e-18
       9586.4617  5.50030e-17  3.28954e-18
       9589.8251  5.81016e-17  3.31833e-18
       9593.1884  5.69435e-17  3.23443e-18
       9596.5518  5.79211e-17  3.20223e-18
       9599.9152  6.00663e-17  3.32792e-18
       9603.2785  5.57193e-17  3.41702e-18
       9606.6419  5.85248e-17  3.52617e-18
       9610.0053  5.87289e-17  3.55878e-18
       9613.3686  5.37217e-17  3.47466e-18
       9616.7320  5.55244e-17  3.52617e-18
       9620.0954  5.77615e-17  3.63710e-18
       9623.4588  5.43844e-17  3.54857e-18
       9626.8221  5.96483e-17  3.55877e-18
       9630.1855  6.35063e-17  3.61680e-18
       9633.5489  6.25213e-17  3.63196e-18
       9636.9122  6.31209e-17  3.51232e-18
       9640.2756  6.50375e-17  3.38135e-18
       9643.6390  6.08597e-17  3.29982e-18
       9647.0024  5.70008e-17  3.29731e-18
       9650.3657  5.99738e-17  3.35277e-18
       9653.7291  5.50415e-17  3.28277e-18
       9657.0925  5.91919e-17  3.47067e-18
       9660.4558  6.31294e-17  3.57063e-18
       9663.8192  6.29540e-17  3.54398e-18
       9667.1826  5.65754e-17  3.47090e-18
       9670.5459  5.44771e-17  3.48442e-18
       9673.9093  5.70912e-17  3.62966e-18
       9677.2727  5.75437e-17  3.76107e-18
       9680.6361  6.18801e-17  3.91558e-18
       9683.9994  5.59941e-17  3.85956e-18
       9687.3628  5.08153e-17  3.76019e-18
       9690.7262  5.47631e-17  3.85918e-18
       9694.0895  5.74148e-17  3.92761e-18
       9697.4529  5.38898e-17  3.86664e-18
       9700.8163  5.32643e-17  3.86194e-18
       9704.1797  5.55866e-17  3.81370e-18
