       3639.6396  9.87066e-18  6.12198e-18
       3645.1552  7.01826e-18  5.93296e-18
       3650.6707  9.66328e-18  5.85085e-18
       3656.1863  6.70362e-18  5.73704e-18
       3661.7018  5.26722e-18  5.60840e-18
       3667.2173  1.00671e-17  5.46310e-18
       3672.7329  9.55082e-18  5.38853e-18
       3678.2484  8.98595e-18  5.29325e-18
       3683.7639  6.09374e-18  5.24627e-18
       3689.2795  7.65362e-18  5.34815e-18
       3694.7950  8.91992e-18  5.34759e-18
       3700.3106 -5.73245e-18  9.77027e-18
       3705.8261  6.00756e-18  5.28857e-18
       3711.3416  2.22453e-18  5.06594e-18
       3716.8572 -3.18577e-18  5.21619e-18
       3722.3727  9.04032e-18  5.07361e-18
       3727.8882  1.01195e-18  5.09328e-18
       3733.4038  2.16652e-18  5.13564e-18
       3738.9193  4.74140e-18  5.05782e-18
       3744.4349  6.82004e-18  4.93364e-18
       3749.9504  5.63740e-18  4.73413e-18
       3755.4659  4.27982e-18  4.52978e-18
       3760.9815  8.71313e-19  4.45353e-18
       3766.4970  7.62217e-18  4.42346e-18
       3772.0125  4.55472e-18  4.32962e-18
       3777.5281  2.02824e-18  4.29255e-18
       3783.0436  2.72294e-18  4.29595e-18
       3788.5592  7.25741e-19  4.23062e-18
       3794.0747  2.88573e-18  4.15682e-18
       3799.5902  1.30415e-18  4.09018e-18
       3805.1058 -8.23805e-19  4.34856e-18
       3810.6213  4.99666e-18  3.99964e-18
       3816.1368  7.94958e-18  4.07239e-18
       3821.6524  7.65754e-18  4.12261e-18
       3827.1679  5.45140e-18  4.12489e-18
       3832.6835  7.44634e-18  4.15267e-18
       3838.1990  6.03544e-18  4.04468e-18
       3843.7145  4.23875e-18  3.91475e-18
       3849.2301  8.80716e-18  3.85810e-18
       3854.7456  6.43495e-18  3.72526e-18
       3860.2611  6.23805e-18  3.61866e-18
       3865.7767  8.29905e-18  3.55841e-18
       3871.2922  1.11739e-17  3.98063e-18
       3876.8078  1.20824e-17  4.06409e-18
       3882.3233  1.15826e-17  3.67666e-18
       3887.8388  1.49588e-17  3.49842e-18
       3893.3544  1.46562e-17  3.48860e-18
       3898.8699  1.63991e-17  3.59757e-18
       3904.3854  1.53109e-17  3.65968e-18
       3909.9010  1.72711e-17  3.72500e-18
       3915.4165  1.81791e-17  3.69802e-18
       3920.9320  1.97576e-17  3.63654e-18
       3926.4476  2.30171e-17  3.58584e-18
       3931.9631  2.15583e-17  3.51363e-18
       3937.4787  2.44691e-17  3.58495e-18
       3942.9942  2.49824e-17  3.63171e-18
       3948.5097  2.73594e-17  3.64934e-18
       3954.0253  2.74674e-17  3.60031e-18
       3959.5408  2.92833e-17  3.53614e-18
       3965.0563  2.88372e-17  3.47942e-18
       3970.5719  2.90623e-17  3.46262e-18
       3976.0874  2.79739e-17  3.47691e-18
       3981.6030  2.84372e-17  3.47089e-18
       3987.1185  2.62633e-17  3.44880e-18
       3992.6340  2.81650e-17  3.41568e-18
       3998.1496  2.83400e-17  3.41750e-18
       4003.6651  2.64981e-17  3.40616e-18
       4009.1806  2.77493e-17  3.45154e-18
       4014.6962  2.78802e-17  3.46986e-18
       4020.2117  2.85690e-17  3.47046e-18
       4025.7273  3.14862e-17  3.43287e-18
       4031.2428  3.16843e-17  3.42203e-18
       4036.7583  3.20939e-17  3.41464e-18
       4042.2739  1.39008e-17  4.80140e-18
       4047.7894  3.30453e-17  3.46254e-18
       4053.3049  3.32054e-17  3.46591e-18
       4058.8205  3.36325e-17  3.46717e-18
       4064.3360  3.01259e-17  3.43789e-18
       4069.8516  2.85471e-17  3.42053e-18
       4075.3671  2.76306e-17  3.39261e-18
       4080.8826  2.45644e-17  3.28710e-18
       4086.3982  2.44629e-17  3.23831e-18
       4091.9137  1.99174e-17  3.13877e-18
       4097.4292  1.85869e-17  3.06506e-18
       4102.9448  1.87408e-17  3.03081e-18
       4108.4603  1.63098e-17  2.95380e-18
       4113.9759  1.52822e-17  2.92886e-18
       4119.4914  1.81009e-17  2.96941e-18
       4125.0069  1.67333e-17  2.96771e-18
       4130.5225  1.65466e-17  2.94786e-18
       4136.0380  1.78897e-17  2.97922e-18
       4141.5535  1.71873e-17  2.93460e-18
       4147.0691  1.58388e-17  2.93102e-18
       4152.5846  1.76176e-17  2.92841e-18
       4158.1002  1.60310e-17  2.93288e-18
       4163.6157  2.04976e-17  3.02085e-18
       4169.1312  1.85806e-17  3.03885e-18
       4174.6468  1.78872e-17  2.99344e-18
       4180.1623  1.74998e-17  2.95184e-18
       4185.6778  1.70674e-17  2.89060e-18
       4191.1934  1.59182e-17  2.85041e-18
       4196.7089  1.65630e-17  2.81560e-18
       4202.2244  1.53637e-17  2.76965e-18
       4207.7400  1.56908e-17  2.75831e-18
       4213.2555  1.44981e-17  2.73836e-18
       4218.7711  1.30988e-17  2.68776e-18
       4224.2866  1.42648e-17  2.67945e-18
       4229.8021  1.47012e-17  2.66764e-18
       4235.3177  1.46658e-17  2.65485e-18
       4240.8332  1.21101e-17  2.61265e-18
       4246.3487  1.25085e-17  2.62947e-18
       4251.8643  1.29507e-17  2.63578e-18
       4257.3798  1.45806e-17  2.68228e-18
       4262.8954  1.35320e-17  2.64625e-18
       4268.4109  1.28711e-17  2.65283e-18
       4273.9264  1.43851e-17  2.66202e-18
       4279.4420  1.27605e-17  2.64349e-18
       4284.9575  1.32158e-17  2.62584e-18
       4290.4730  1.38154e-17  2.59172e-18
       4295.9886  1.37781e-17  2.59528e-18
       4301.5041  1.28475e-17  2.57096e-18
       4307.0197  1.29345e-17  2.56603e-18
       4312.5352  1.04243e-17  2.55030e-18
       4318.0507  1.15015e-17  2.57487e-18
       4323.5663  1.22008e-17  2.59612e-18
       4329.0818  1.16924e-17  2.55974e-18
       4334.5973  1.23963e-17  2.53412e-18
       4340.1129  1.20587e-17  2.51389e-18
       4345.6284  1.23459e-17  2.51889e-18
       4351.1440  1.19808e-17  2.53057e-18
       4356.6595  1.32526e-17  2.54412e-18
       4362.1750  1.53180e-17  2.57188e-18
       4367.6906  1.26135e-17  2.51927e-18
       4373.2061  1.38967e-17  2.52483e-18
       4378.7216  1.49034e-17  2.54984e-18
       4384.2372  1.43958e-17  2.54106e-18
       4389.7527  1.73169e-17  2.57593e-18
       4395.2683  2.04690e-17  2.61854e-18
       4400.7838  2.13218e-17  2.66619e-18
       4406.2993  2.16317e-17  2.73771e-18
       4411.8149  2.14647e-17  2.78394e-18
       4417.3304  2.45394e-17  2.79619e-18
       4422.8459  6.10479e-18  3.84416e-18
       4428.3615  2.31492e-17  2.81073e-18
       4433.8770  2.76229e-17  2.83064e-18
       4439.3926  2.98214e-17  2.83502e-18
       4444.9081  3.07425e-17  2.81864e-18
       4450.4236  2.82381e-17  2.79531e-18
       4455.9392  3.15175e-17  2.78791e-18
       4461.4547  2.90720e-17  2.73610e-18
       4466.9702  2.80513e-17  2.71754e-18
       4472.4858  2.93162e-17  2.73024e-18
       4478.0013  2.93922e-17  2.72398e-18
       4483.5168  2.96418e-17  2.73236e-18
       4489.0324  2.97849e-17  2.73923e-18
       4494.5479  2.96118e-17  2.73276e-18
       4500.0635  2.95043e-17  2.73704e-18
       4505.5790  3.00093e-17  2.75299e-18
       4511.0945  3.12625e-17  2.75196e-18
       4516.6101  3.08598e-17  2.76055e-18
       4522.1256  3.12565e-17  2.77627e-18
       4527.6411  3.40175e-17  2.81096e-18
       4533.1567  3.29332e-17  2.80942e-18
       4538.6722  3.14723e-17  2.79104e-18
       4544.1878  3.56922e-17  2.85896e-18
       4549.7033  3.55782e-17  2.85655e-18
       4555.2188  3.54504e-17  2.83749e-18
       4560.7344  3.65612e-17  2.83890e-18
       4566.2499  3.69855e-17  2.81808e-18
       4571.7654  3.84866e-17  2.82835e-18
       4577.2810  3.76998e-17  2.83272e-18
       4582.7965  4.01571e-17  2.87070e-18
       4588.3121  3.96085e-17  2.86584e-18
       4593.8276  4.14317e-17  2.87530e-18
       4599.3431  4.13789e-17  2.86241e-18
       4604.8587  4.19836e-17  2.85235e-18
       4610.3742  4.54368e-17  2.88766e-18
       4615.8897  4.74015e-17  2.90547e-18
       4621.4053  5.05460e-17  2.96563e-18
       4626.9208  5.10475e-17  2.96621e-18
       4632.4364  4.89064e-17  2.94128e-18
       4637.9519  5.42856e-17  2.99405e-18
       4643.4674  5.67451e-17  3.02097e-18
       4648.9830  6.03389e-17  3.05601e-18
       4654.4985  6.17291e-17  3.09365e-18
       4660.0140  6.64665e-17  3.15365e-18
       4665.5296  6.69962e-17  3.17928e-18
       4671.0451  7.25396e-17  3.24566e-18
       4676.5607  7.38684e-17  3.25146e-18
       4682.0762  7.66157e-17  3.28750e-18
       4687.5917  8.01901e-17  3.33537e-18
       4693.1073  7.98100e-17  3.31085e-18
       4698.6228  7.77032e-17  3.27404e-18
       4704.1383  7.64251e-17  3.25940e-18
       4709.6539  7.61199e-17  3.25968e-18
       4715.1694  7.19134e-17  3.22210e-18
       4720.6850  6.80149e-17  3.17801e-18
       4726.2005  6.70749e-17  3.14086e-18
       4731.7160  6.69482e-17  3.11884e-18
       4737.2316  6.72548e-17  3.10019e-18
       4742.7471  5.24130e-17  3.09807e-18
       4748.2626  5.69926e-17  3.02621e-18
       4753.7782  6.18762e-17  3.01626e-18
       4759.2937  5.85047e-17  2.99014e-18
       4764.8092  5.44234e-17  2.92223e-18
       4770.3248  5.24717e-17  2.90460e-18
       4775.8403  4.96829e-17  2.85676e-18
       4781.3559  4.71561e-17  2.81666e-18
       4786.8714  4.57526e-17  2.81276e-18
       4792.3869  4.41953e-17  2.78525e-18
       4797.9025  4.23728e-17  2.76232e-18
       4803.4180  4.22870e-17  2.76137e-18
       4808.9335  4.11553e-17  2.76282e-18
       4814.4491  4.07528e-17  2.76571e-18
       4819.9646  4.06972e-17  2.79070e-18
       4825.4802  4.07279e-17  2.79976e-18
       4830.9957  4.12479e-17  2.80737e-18
       4836.5112  4.08858e-17  2.80268e-18
       4842.0268  3.93317e-17  2.77405e-18
       4847.5423  4.03635e-17  2.77333e-18
       4853.0578  3.99930e-17  2.74165e-18
       4858.5734  3.53265e-17  2.66494e-18
       4864.0889  3.81825e-17  2.69691e-18
       4869.6045  3.83161e-17  2.68833e-18
       4875.1200  3.78639e-17  2.68159e-18
       4880.6355  3.52134e-17  2.67905e-18
       4886.1511  3.75225e-17  2.68289e-18
       4891.6666  2.71499e-17  2.71750e-18
       4897.1821  3.19573e-17  2.71364e-18
       4902.6977  4.02266e-17  2.70935e-18
       4908.2132  4.07398e-17  2.72909e-18
       4913.7288  4.27390e-17  2.74165e-18
       4919.2443  4.20804e-17  2.72929e-18
       4924.7598  3.92598e-17  2.69395e-18
       4930.2754  3.90455e-17  2.68034e-18
       4935.7909  3.66717e-17  2.66066e-18
       4941.3064  3.26143e-17  2.61832e-18
       4946.8220  3.17819e-17  2.59699e-18
       4952.3375  2.99576e-17  2.56700e-18
       4957.8531  3.21495e-17  2.58277e-18
       4963.3686  3.08235e-17  2.57794e-18
       4968.8841  6.39364e-18  5.53746e-18
       4974.3997  3.28881e-17  2.64234e-18
       4979.9152  3.60457e-17  2.66162e-18
       4985.4307  3.88065e-17  2.68962e-18
       4990.9463  3.93272e-17  2.70315e-18
       4996.4618  4.29001e-17  2.75335e-18
       5001.9774  4.76616e-17  2.80903e-18
       5007.4929  5.12640e-17  2.84378e-18
       5013.0084  5.47435e-17  2.88346e-18
       5018.5240  6.05043e-17  2.95186e-18
       5024.0395  6.26423e-17  2.97861e-18
       5029.5550  6.60403e-17  3.01064e-18
       5035.0706  7.06814e-17  3.07301e-18
       5040.5861  7.37289e-17  3.09365e-18
       5046.1017  7.41948e-17  3.09857e-18
       5051.6172  7.31170e-17  3.09233e-18
       5057.1327  6.99983e-17  3.04574e-18
       5062.6483  6.81912e-17  3.01733e-18
       5068.1638  6.32827e-17  2.95906e-18
       5073.6793  5.67205e-17  2.87367e-18
       5079.1949  5.12107e-17  2.80461e-18
       5084.7104  4.60444e-17  2.73569e-18
       5090.2259  4.16803e-17  2.68384e-18
       5095.7415  3.79301e-17  2.63298e-18
       5101.2570  3.59793e-17  2.59506e-18
       5106.7726  3.39837e-17  2.54926e-18
       5112.2881  3.38637e-17  2.55069e-18
       5117.8036  3.29281e-17  2.53427e-18
       5123.3192  3.31710e-17  2.53090e-18
       5128.8347  3.25816e-17  2.53347e-18
       5134.3502  3.42146e-17  2.57217e-18
       5139.8658  3.43964e-17  2.58584e-18
       5145.3813  3.62509e-17  2.62553e-18
       5150.8969  3.78289e-17  2.64705e-18
       5156.4124  4.00987e-17  2.66426e-18
       5161.9279  4.09067e-17  2.66041e-18
       5167.4435  4.03881e-17  2.64483e-18
       5172.9590  4.19398e-17  2.65576e-18
       5178.4745  4.07795e-17  2.64194e-18
       5183.9901  3.77161e-17  2.66292e-18
       5189.5056  4.20158e-17  2.69302e-18
       5195.0212  4.48446e-17  2.74214e-18
       5200.5367  4.27791e-17  2.73331e-18
       5206.0522  4.43165e-17  2.73845e-18
       5211.5678  4.67832e-17  2.74497e-18
       5217.0833  4.63646e-17  2.72687e-18
       5222.5988  4.65143e-17  2.74874e-18
       5228.1144  4.94677e-17  2.78136e-18
       5233.6299  4.93090e-17  2.85226e-18
       5239.1455  5.08404e-17  2.83243e-18
       5244.6610  4.86048e-17  2.76224e-18
       5250.1765  5.03546e-17  2.78220e-18
       5255.6921  5.22687e-17  2.79093e-18
       5261.2076  5.11688e-17  2.76665e-18
       5266.7231  4.90896e-17  2.74485e-18
       5272.2387  5.13603e-17  2.76333e-18
       5277.7542  5.33711e-17  2.78638e-18
       5283.2698  5.32402e-17  2.81244e-18
       5288.7853  5.42353e-17  2.81445e-18
       5294.3008  5.52473e-17  2.82638e-18
       5299.8164  5.42058e-17  2.83550e-18
       5305.3319  5.96629e-17  2.89311e-18
       5310.8474  5.64859e-17  2.87364e-18
       5316.3630  5.89126e-17  2.90390e-18
       5321.8785  5.87497e-17  2.90891e-18
       5327.3941  6.20111e-17  2.93878e-18
       5332.9096  6.13639e-17  2.95663e-18
       5338.4251  6.31878e-17  2.95599e-18
       5343.9407  6.50259e-17  2.97587e-18
       5349.4562  6.63313e-17  2.99120e-18
       5354.9717  6.86548e-17  3.01266e-18
       5360.4873  6.79982e-17  3.01196e-18
       5366.0028  7.15790e-17  3.04530e-18
       5371.5183  7.14175e-17  3.09908e-18
       5377.0339  7.18851e-17  3.06825e-18
       5382.5494  7.09346e-17  3.05051e-18
       5388.0650  7.17497e-17  3.05498e-18
       5393.5805  7.27662e-17  3.06215e-18
       5399.0960  7.44885e-17  3.07632e-18
       5404.6116  7.55955e-17  3.09421e-18
       5410.1271  7.58398e-17  3.08952e-18
       5415.6426  7.75647e-17  3.11475e-18
       5421.1582  7.87920e-17  3.12172e-18
       5426.6737  7.98695e-17  3.13529e-18
       5432.1893  8.22652e-17  3.16819e-18
       5437.7048  8.05197e-17  3.15615e-18
       5443.2203  8.24885e-17  3.17864e-18
       5448.7359  8.16659e-17  3.18172e-18
       5454.2514  8.26722e-17  3.18635e-18
       5459.7669  8.11801e-17  3.16515e-18
       5465.2825  7.94519e-17  3.15138e-18
       5470.7980  7.76183e-17  3.12633e-18
       5476.3136  7.74989e-17  3.12510e-18
       5481.8291  7.66724e-17  3.11288e-18
       5487.3446  7.65875e-17  3.11234e-18
       5492.8602  7.70761e-17  3.11865e-18
       5498.3757  7.71645e-17  3.11914e-18
       5503.8912  7.72329e-17  3.13422e-18
       5509.4068  7.81586e-17  3.20886e-18
       5514.9223  7.96109e-17  3.40741e-18
       5520.4379  8.28600e-17  3.26247e-18
       5525.9534  8.36603e-17  3.21816e-18
       5531.4689  8.95607e-17  3.27513e-18
       5536.9845  9.14540e-17  3.31371e-18
       5542.5000  9.41350e-17  3.36022e-18
       5548.0155  9.76360e-17  3.39501e-18
       5553.5311  1.04184e-16  3.48875e-18
       5559.0466  1.10728e-16  3.48224e-18
       5564.5622  1.17004e-16  4.27926e-18
       5570.0777  1.21438e-16  6.05888e-18
       5575.5932  1.24373e-16  6.62417e-18
       5581.1088  1.31170e-16  6.64432e-18
       5586.6243  1.29920e-16  5.95090e-18
       5592.1398  1.35305e-16  4.06790e-18
       5597.6554  1.38093e-16  3.85489e-18
       5603.1709  1.37266e-16  3.82370e-18
       5608.6865  1.40428e-16  3.84305e-18
       5614.2020  1.41047e-16  3.84220e-18
       5619.7175  1.42397e-16  3.84813e-18
       5625.2331  1.39465e-16  3.82737e-18
       5630.7486  1.38477e-16  3.81950e-18
       5636.2641  1.34346e-16  3.76799e-18
       5641.7797  1.35556e-16  3.78773e-18
       5647.2952  1.32898e-16  3.76024e-18
       5652.8107  1.30568e-16  3.72935e-18
       5658.3263  1.30387e-16  3.71810e-18
       5663.8418  1.28548e-16  3.70938e-18
       5669.3574  1.29076e-16  3.71902e-18
       5674.8729  1.25007e-16  3.68241e-18
       5680.3884  1.22468e-16  3.66629e-18
       5685.9040  1.18422e-16  3.64564e-18
       5691.4195  1.18524e-16  3.64628e-18
       5696.9350  1.15621e-16  3.61514e-18
       5702.4506  1.12537e-16  3.57572e-18
       5707.9661  1.10294e-16  3.54485e-18
       5713.4817  1.10408e-16  3.54974e-18
       5718.9972  1.11749e-16  3.56038e-18
       5724.5127  1.12093e-16  3.55513e-18
       5730.0283  1.13669e-16  3.57790e-18
       5735.5438  1.14209e-16  3.58329e-18
       5741.0593  1.11331e-16  3.56572e-18
       5746.5749  1.07890e-16  3.57155e-18
       5752.0904  1.19356e-16  3.61553e-18
       5757.6060  1.15901e-16  3.58829e-18
       5763.1215  1.13471e-16  3.56864e-18
       5768.6370  1.13177e-16  3.56475e-18
       5774.1526  1.12621e-16  3.54911e-18
       5779.6681  1.08745e-16  3.51406e-18
       5785.1836  1.07495e-16  3.50884e-18
       5790.6992  1.04944e-16  3.47383e-18
       5796.2147  1.02753e-16  3.45578e-18
       5801.7303  1.00537e-16  3.43062e-18
       5807.2458  1.02254e-16  3.44386e-18
       5812.7613  9.92085e-17  3.41938e-18
       5818.2769  9.72938e-17  3.40794e-18
       5823.7924  9.77669e-17  3.41203e-18
       5829.3079  9.45618e-17  3.37074e-18
       5834.8235  9.31702e-17  3.36093e-18
       5840.3390  9.49003e-17  3.38035e-18
       5845.8546  9.31074e-17  3.36201e-18
       5851.3701  8.96199e-17  3.32818e-18
       5856.8856  8.99311e-17  3.37313e-18
       5862.4012  9.06128e-17  3.42515e-18
       5867.9167  9.03610e-17  3.43645e-18
       5873.4322  9.08305e-17  3.43582e-18
       5878.9478  8.88761e-17  3.64875e-18
       5884.4633  9.43591e-17  3.81257e-18
       5889.9789  9.36324e-17  3.80019e-18
       5895.4944  9.15332e-17  3.78358e-18
       5901.0099  9.18652e-17  3.60397e-18
       5906.5255  9.29272e-17  3.48735e-18
       5912.0410  9.24894e-17  3.45053e-18
       5917.5565  9.46633e-17  3.48270e-18
       5923.0721  9.27094e-17  3.50683e-18
       5928.5876  9.47643e-17  3.48635e-18
       5934.1031  9.52050e-17  3.47329e-18
       5939.6187  9.59056e-17  3.48631e-18
       5945.1342  9.58893e-17  3.47640e-18
       5950.6498  1.00110e-16  3.51679e-18
       5956.1653  9.66652e-17  3.47858e-18
       5961.6808  9.81982e-17  3.47224e-18
       5967.1964  9.88617e-17  3.48229e-18
       5972.7119  9.84198e-17  3.47892e-18
       5978.2274  9.96825e-17  3.48450e-18
       5983.7430  1.00651e-16  3.47935e-18
       5989.2585  1.00816e-16  3.44655e-18
       5994.7741  1.01611e-16  3.46284e-18
       6000.2896  9.87078e-17  3.44234e-18
       6005.8051  9.45481e-17  3.39115e-18
       6011.3207  9.57048e-17  3.38553e-18
       6016.8362  9.34357e-17  3.34721e-18
       6022.3517  9.04522e-17  3.31528e-18
       6027.8673  8.89225e-17  3.31048e-18
       6033.3828  8.91852e-17  3.31421e-18
       6038.8984  8.77440e-17  3.29063e-18
       6044.4139  8.13433e-17  3.21993e-18
       6049.9294  8.20818e-17  3.21164e-18
       6055.4450  7.99037e-17  3.22466e-18
       6060.9605  7.70812e-17  3.20957e-18
       6066.4760  8.09833e-17  3.21426e-18
       6071.9916  8.08064e-17  3.20127e-18
       6077.5071  7.96371e-17  3.17682e-18
       6083.0227  7.88217e-17  3.15991e-18
       6088.5382  7.82450e-17  3.16189e-18
       6094.0537  7.83169e-17  3.16402e-18
       6099.5693  7.86961e-17  3.16006e-18
       6105.0848  7.69183e-17  3.13030e-18
       6110.6003  7.58900e-17  3.12028e-18
       6116.1159  7.34381e-17  3.10057e-18
       6121.6314  7.20890e-17  3.08269e-18
       6127.1470  7.31340e-17  3.09830e-18
       6132.6625  7.23663e-17  3.10432e-18
       6138.1780  6.95041e-17  3.08829e-18
       6143.6936  6.92295e-17  3.08725e-18
       6149.2091  6.80864e-17  3.06833e-18
       6154.7246  7.19839e-17  3.08551e-18
       6160.2402  7.01261e-17  3.07860e-18
       6165.7557  7.09898e-17  3.10638e-18
       6171.2713  7.08702e-17  3.09677e-18
       6176.7868  7.15340e-17  3.10593e-18
       6182.3023  7.22646e-17  3.09245e-18
       6187.8179  7.11798e-17  3.06314e-18
       6193.3334  6.81550e-17  3.05276e-18
       6198.8489  6.81109e-17  3.03976e-18
       6204.3645  6.67959e-17  3.02177e-18
       6209.8800  6.30509e-17  2.99525e-18
       6215.3955  6.26543e-17  2.99716e-18
       6220.9111  6.16659e-17  2.97501e-18
       6226.4266  4.87414e-17  3.12244e-18
       6231.9422  5.46689e-17  3.08236e-18
       6237.4577  5.87065e-17  3.10194e-18
       6242.9732  5.81201e-17  3.07445e-18
       6248.4888  5.57873e-17  3.02602e-18
       6254.0043  5.59708e-17  3.02694e-18
       6259.5198  5.54630e-17  3.02662e-18
       6265.0354  5.38442e-17  2.99555e-18
       6270.5509  5.56500e-17  2.93019e-18
       6276.0665  5.43808e-17  2.91656e-18
       6281.5820  5.45886e-17  2.92092e-18
       6287.0975  5.35070e-17  3.21245e-18
       6292.6131  5.15236e-17  3.60041e-18
       6298.1286  5.10634e-17  3.70677e-18
       6303.6441  4.91930e-17  3.68203e-18
       6309.1597  4.59512e-17  3.29748e-18
       6314.6752  4.46114e-17  2.84769e-18
       6320.1908  4.48725e-17  2.80572e-18
       6325.7063  4.38808e-17  2.81729e-18
       6331.2218  4.28634e-17  2.79095e-18
       6336.7374  4.35094e-17  2.76046e-18
       6342.2529  4.55559e-17  2.74608e-18
       6347.7684  4.46104e-17  2.80490e-18
       6353.2840  4.50587e-17  2.97625e-18
       6358.7995  4.95724e-17  3.10664e-18
       6364.3151  5.10930e-17  3.10336e-18
       6369.8306  5.25680e-17  3.03302e-18
       6375.3461  5.50140e-17  2.91354e-18
       6380.8617  5.72836e-17  2.89594e-18
       6386.3772  5.83201e-17  2.91063e-18
       6391.8927  6.19679e-17  2.92573e-18
       6397.4083  6.20734e-17  2.90660e-18
       6402.9238  6.37994e-17  2.92345e-18
       6408.4394  6.46540e-17  2.94188e-18
       6413.9549  6.50495e-17  2.95755e-18
       6419.4704  6.61910e-17  2.96549e-18
       6424.9860  6.68541e-17  2.96308e-18
       6430.5015  6.78159e-17  2.96304e-18
       6436.0170  6.73008e-17  2.94830e-18
       6441.5326  6.89424e-17  2.97283e-18
       6447.0481  6.95301e-17  2.99101e-18
       6452.5637  6.99603e-17  3.02751e-18
       6458.0792  7.13002e-17  3.10640e-18
       6463.5947  7.53863e-17  3.18558e-18
       6469.1103  7.31848e-17  3.18382e-18
       6474.6258  7.63287e-17  3.17608e-18
       6480.1413  7.46382e-17  3.07992e-18
       6485.6569  7.90192e-17  3.13228e-18
       6491.1724  8.07598e-17  3.20981e-18
       6496.6880  8.06349e-17  3.25640e-18
       6502.2035  8.11779e-17  3.26350e-18
       6507.7190  7.94443e-17  3.19276e-18
       6513.2346  8.03623e-17  3.14844e-18
       6518.7501  8.20526e-17  3.15992e-18
       6524.2656  8.43987e-17  3.24637e-18
       6529.7812  8.51538e-17  3.27050e-18
       6535.2967  8.62942e-17  3.32634e-18
       6540.8122  9.21235e-17  3.40519e-18
       6546.3278  9.36418e-17  3.38492e-18
       6551.8433  9.36844e-17  3.39542e-18
       6557.3589  9.62576e-17  3.41981e-18
       6562.8744  9.76211e-17  3.41377e-18
       6568.3899  9.81663e-17  3.40938e-18
       6573.9055  1.01049e-16  3.43474e-18
       6579.4210  1.02785e-16  3.42284e-18
       6584.9365  1.02166e-16  3.39924e-18
       6590.4521  1.03200e-16  3.37843e-18
       6595.9676  1.01950e-16  3.38244e-18
       6601.4832  1.02164e-16  3.37699e-18
       6606.9987  1.01616e-16  3.36524e-18
       6612.5142  1.01602e-16  3.34845e-18
       6618.0298  9.95548e-17  3.30795e-18
       6623.5453  1.02064e-16  3.33782e-18
       6629.0608  1.01049e-16  3.33165e-18
       6634.5764  1.01731e-16  3.34025e-18
       6640.0919  9.97711e-17  3.31663e-18
       6645.6075  9.87341e-17  3.29874e-18
       6651.1230  9.56078e-17  3.27292e-18
       6656.6385  9.32058e-17  3.26991e-18
       6662.1541  8.72075e-17  3.26662e-18
       6667.6696  8.65490e-17  3.25539e-18
       6673.1851  8.72680e-17  3.24971e-18
       6678.7007  8.65431e-17  3.21514e-18
       6684.2162  8.76491e-17  3.20533e-18
       6689.7318  8.72627e-17  3.19313e-18
       6695.2473  8.52566e-17  3.18028e-18
       6700.7628  8.90544e-17  3.19612e-18
       6706.2784  8.68077e-17  3.15298e-18
       6711.7939  8.57343e-17  3.14079e-18
       6717.3094  8.36977e-17  3.10405e-18
       6722.8250  8.08188e-17  3.07443e-18
       6728.3405  8.11301e-17  3.07623e-18
       6733.8561  7.85038e-17  3.04616e-18
       6739.3716  7.55852e-17  3.01451e-18
       6744.8871  7.26732e-17  2.98427e-18
       6750.4027  7.24460e-17  2.97184e-18
       6755.9182  7.12358e-17  2.94667e-18
       6761.4337  6.82990e-17  2.91410e-18
       6766.9493  6.69170e-17  2.89643e-18
       6772.4648  6.60881e-17  2.88564e-18
       6777.9804  6.67363e-17  2.89928e-18
       6783.4959  6.22681e-17  2.84775e-18
       6789.0114  6.38955e-17  2.86223e-18
       6794.5270  6.28933e-17  2.85326e-18
       6800.0425  6.01547e-17  2.84197e-18
       6805.5580  5.52727e-17  2.83519e-18
       6811.0736  6.04918e-17  2.82234e-18
       6816.5891  5.86146e-17  2.88235e-18
       6822.1046  5.94899e-17  3.08105e-18
       6827.6202  5.53973e-17  3.16110e-18
       6833.1357  5.55195e-17  3.20786e-18
       6838.6513  5.54126e-17  3.11306e-18
       6844.1668  5.66418e-17  2.93280e-18
       6849.6823  5.59188e-17  2.85219e-18
       6855.1979  5.60004e-17  2.99186e-18
       6860.7134  5.41028e-17  3.00008e-18
       6866.2289  5.37448e-17  2.95708e-18
       6871.7445  5.33942e-17  2.84225e-18
       6877.2600  5.41505e-17  2.70444e-18
       6882.7756  5.58634e-17  2.69975e-18
       6888.2911  5.37574e-17  2.71612e-18
       6893.8066  5.34160e-17  2.72747e-18
       6899.3222  5.52391e-17  2.76047e-18
       6904.8377  5.44623e-17  2.78478e-18
       6910.3532  5.63966e-17  2.86041e-18
       6915.8688  5.72332e-17  2.94628e-18
       6921.3843  5.46001e-17  2.92704e-18
       6926.8999  5.54626e-17  2.90780e-18
       6932.4154  5.56068e-17  2.92407e-18
       6937.9309  5.53460e-17  2.90451e-18
       6943.4465  5.40574e-17  2.99896e-18
       6948.9620  5.38631e-17  2.97667e-18
       6954.4775  5.52780e-17  2.94567e-18
       6959.9931  5.51752e-17  2.87543e-18
       6965.5086  5.11665e-17  2.79832e-18
       6971.0242  5.30726e-17  2.88567e-18
       6976.5397  5.10002e-17  2.88454e-18
       6982.0552  5.05763e-17  2.83980e-18
       6987.5708  4.78466e-17  2.76062e-18
       6993.0863  5.03568e-17  2.72284e-18
       6998.6018  4.79483e-17  2.70963e-18
       7004.1174  4.71496e-17  2.72493e-18
       7009.6329  4.71979e-17  2.72108e-18
       7015.1485  4.63521e-17  2.68994e-18
       7020.6640  4.65378e-17  2.65784e-18
       7026.1795  4.64939e-17  2.62636e-18
       7031.6951  4.59048e-17  2.63443e-18
       7037.2106  4.50621e-17  2.67129e-18
       7042.7261  4.53445e-17  2.69867e-18
       7048.2417  4.78701e-17  2.73443e-18
       7053.7572  4.88468e-17  2.75238e-18
       7059.2728  4.79859e-17  2.72200e-18
       7064.7883  5.01536e-17  2.78062e-18
       7070.3038  5.20181e-17  2.82882e-18
       7075.8194  5.11271e-17  2.76725e-18
       7081.3349  4.84058e-17  2.77929e-18
       7086.8504  4.82167e-17  2.79932e-18
       7092.3660  5.30761e-17  2.77609e-18
       7097.8815  5.49081e-17  2.76949e-18
       7103.3970  5.34735e-17  2.74366e-18
       7108.9126  5.48080e-17  2.75647e-18
       7114.4281  5.59270e-17  2.77582e-18
       7119.9437  5.67769e-17  2.78713e-18
       7125.4592  5.57929e-17  2.79157e-18
       7130.9747  5.58407e-17  2.80463e-18
       7136.4903  5.70580e-17  2.84807e-18
       7142.0058  5.82672e-17  2.86400e-18
       7147.5213  5.62067e-17  2.83423e-18
       7153.0369  5.62547e-17  2.83868e-18
       7158.5524  5.69975e-17  2.87333e-18
       7164.0680  5.46613e-17  2.81394e-18
       7169.5835  5.65696e-17  2.81771e-18
       7175.0990  5.26170e-17  2.73760e-18
       7180.6146  5.25026e-17  2.70289e-18
       7186.1301  5.45656e-17  2.71942e-18
       7191.6456  5.42086e-17  2.70901e-18
       7197.1612  5.20728e-17  2.67458e-18
       7202.6767  5.14035e-17  2.67131e-18
       7208.1923  5.18207e-17  2.68817e-18
       7213.7078  5.29570e-17  2.71393e-18
       7219.2233  5.23558e-17  2.72378e-18
       7224.7389  5.07719e-17  2.75465e-18
       7230.2544  5.26578e-17  3.03644e-18
       7235.7699  5.15906e-17  3.41118e-18
       7241.2855  5.18865e-17  3.58508e-18
       7246.8010  5.23619e-17  3.59773e-18
       7252.3166  4.91715e-17  3.33242e-18
       7257.8321  5.04801e-17  2.94510e-18
       7263.3476  5.09240e-17  2.94384e-18
       7268.8632  5.43311e-17  3.33643e-18
       7274.3787  5.42194e-17  3.52191e-18
       7279.8942  5.46419e-17  3.61508e-18
       7285.4098  5.32427e-17  3.50143e-18
       7290.9253  5.09940e-17  3.14514e-18
       7296.4409  5.39435e-17  3.05395e-18
       7301.9564  5.45725e-17  3.03343e-18
       7307.4719  5.53714e-17  3.29200e-18
       7312.9875  5.63110e-17  3.36652e-18
       7318.5030  5.80294e-17  3.41138e-18
       7324.0185  5.85514e-17  3.41293e-18
       7329.5341  6.04967e-17  3.40827e-18
       7335.0496  6.39530e-17  3.59168e-18
       7340.5652  6.20428e-17  3.55503e-18
       7346.0807  6.41191e-17  3.55003e-18
       7351.5962  6.86567e-17  3.45605e-18
       7357.1118  7.21546e-17  3.38222e-18
       7362.6273  7.43662e-17  3.60371e-18
       7368.1428  7.50272e-17  3.62152e-18
       7373.6584  7.43778e-17  3.52179e-18
       7379.1739  7.63639e-17  3.43414e-18
       7384.6894  8.02682e-17  3.28426e-18
       7390.2050  7.90930e-17  3.34541e-18
       7395.7205  7.87144e-17  3.48612e-18
       7401.2361  7.59938e-17  3.46322e-18
       7406.7516  7.59407e-17  3.37534e-18
       7412.2671  7.55178e-17  3.27332e-18
       7417.7827  7.41880e-17  3.12778e-18
       7423.2982  7.27417e-17  3.14292e-18
       7428.8137  6.92543e-17  3.16252e-18
       7434.3293  6.58559e-17  3.18953e-18
       7439.8448  6.45654e-17  3.14887e-18
       7445.3604  6.59823e-17  3.14350e-18
       7450.8759  6.45460e-17  3.03406e-18
       7456.3914  6.45989e-17  3.02385e-18
       7461.9070  6.22727e-17  3.07843e-18
       7467.4225  6.02347e-17  3.14193e-18
       7472.9380  6.03024e-17  3.25692e-18
       7478.4536  6.02375e-17  3.30227e-18
       7483.9691  6.13460e-17  3.26233e-18
       7489.4847  6.24649e-17  3.19211e-18
       7495.0002  5.70756e-17  3.02007e-18
       7500.5157  5.33214e-17  2.87981e-18
       7506.0313  5.25417e-17  2.85269e-18
       7511.5468  5.17869e-17  2.93735e-18
       7517.0623  5.22488e-17  3.15775e-18
       7522.5779  4.92448e-17  3.26717e-18
       7528.0934  4.26530e-17  3.26571e-18
       7533.6090  3.80941e-17  3.17402e-18
       7539.1245  4.29205e-17  2.88567e-18
       7544.6400  4.27862e-17  2.78445e-18
       7550.1556  4.37551e-17  2.81511e-18
       7555.6711  4.22841e-17  2.81836e-18
       7561.1866  4.11049e-17  2.89114e-18
       7566.7022  3.86972e-17  3.03643e-18
       7572.2177  4.12326e-17  3.04424e-18
       7577.7333  4.33516e-17  3.09223e-18
       7583.2488  4.58588e-17  2.98658e-18
       7588.7643  4.80861e-17  2.79489e-18
       7594.2799  5.14361e-17  2.65227e-18
       7599.7954  4.93894e-17  2.35380e-18
       7605.3109  4.46553e-17  2.17919e-18
       7610.8265  4.01618e-17  2.19485e-18
       7616.3420  3.72338e-17  2.31115e-18
       7621.8576  3.57592e-17  2.42006e-18
       7627.3731  3.56844e-17  2.43281e-18
       7632.8886  3.92022e-17  2.41800e-18
       7638.4042  3.76278e-17  2.37045e-18
       7643.9197  3.70155e-17  2.38083e-18
       7649.4352  4.23845e-17  2.53714e-18
       7654.9508  4.29012e-17  2.68034e-18
       7660.4663  4.39218e-17  2.76788e-18
       7665.9818  3.83346e-17  2.79403e-18
       7671.4974  2.86004e-17  3.00061e-18
       7677.0129  3.48837e-17  2.86543e-18
       7682.5285  4.77884e-17  2.90136e-18
       7688.0440  4.83627e-17  2.97825e-18
       7693.5595  4.64416e-17  2.98455e-18
       7699.0751  4.74600e-17  3.03135e-18
       7704.5906  4.52545e-17  3.37408e-18
       7710.1061  4.87741e-17  3.95562e-18
       7715.6217  5.34087e-17  4.18216e-18
       7721.1372  5.00191e-17  4.20537e-18
       7726.6528  5.08796e-17  3.83333e-18
       7732.1683  4.89367e-17  3.35241e-18
       7737.6838  4.87106e-17  3.22568e-18
       7743.1994  4.85141e-17  3.68087e-18
       7748.7149  5.56528e-17  4.03007e-18
       7754.2304  5.86474e-17  4.21392e-18
       7759.7460  5.88322e-17  4.11238e-18
       7765.2615  5.99008e-17  3.77702e-18
       7770.7771  6.10590e-17  3.59178e-18
       7776.2926  6.00337e-17  3.53546e-18
       7781.8081  6.25192e-17  3.67828e-18
       7787.3237  6.97802e-17  4.02122e-18
       7792.8392  7.07237e-17  4.09884e-18
       7798.3547  6.98305e-17  4.09714e-18
       7803.8703  7.03735e-17  4.08045e-18
       7809.3858  6.89993e-17  3.87187e-18
       7814.9014  7.18325e-17  4.21655e-18
       7820.4169  7.96913e-17  4.37336e-18
       7825.9324  7.77820e-17  4.26716e-18
       7831.4480  7.83642e-17  4.18959e-18
       7836.9635  7.55824e-17  3.83242e-18
       7842.4790  7.91217e-17  3.98531e-18
       7847.9946  7.87775e-17  4.46597e-18
       7853.5101  8.36410e-17  4.70011e-18
       7859.0257  8.73288e-17  4.79986e-18
       7864.5412  8.52180e-17  4.73807e-18
       7870.0567  8.68131e-17  4.50828e-18
       7875.5723  8.52345e-17  4.38906e-18
       7881.0878  8.43031e-17  4.41552e-18
       7886.6033  8.28912e-17  4.38937e-18
       7892.1189  8.71552e-17  4.80196e-18
       7897.6344  8.89888e-17  4.65069e-18
       7903.1500  8.42457e-17  4.20324e-18
       7908.6655  8.32340e-17  4.52620e-18
       7914.1810  7.89985e-17  4.79237e-18
       7919.6966  7.84054e-17  4.96314e-18
       7925.2121  7.96612e-17  4.82153e-18
       7930.7276  7.36825e-17  4.29025e-18
       7936.2432  7.48854e-17  4.02831e-18
       7941.7587  5.97848e-17  3.89773e-18
       7947.2743  3.85731e-17  3.79951e-18
       7952.7898  6.05282e-17  4.16950e-18
       7958.3053  5.96069e-17  4.62615e-18
       7963.8209  5.72114e-17  4.22398e-18
       7969.3364  5.36429e-17  4.24045e-18
       7974.8519  5.08590e-17  4.23930e-18
       7980.3675  4.47144e-17  3.81298e-18
       7985.8830  4.26271e-17  4.12225e-18
       7991.3985  4.13225e-17  4.22806e-18
       7996.9141  3.93843e-17  4.10674e-18
       8002.4296  3.92561e-17  3.98471e-18
       8007.9452  3.84300e-17  3.60289e-18
       8013.4607  3.47091e-17  3.45746e-18
       8018.9762  2.79346e-17  3.72041e-18
       8024.4918  3.02781e-17  3.90117e-18
       8030.0073  2.87938e-17  3.80371e-18
       8035.5228  2.76910e-17  3.59196e-18
       8041.0384  2.54491e-17  3.23073e-18
       8046.5539  2.36657e-17  3.07119e-18
       8052.0695  2.19670e-17  3.18418e-18
       8057.5850  1.92751e-17  3.29918e-18
       8063.1005  1.85976e-17  3.31652e-18
       8068.6161  1.78665e-17  3.22396e-18
       8074.1316  1.50572e-17  3.04416e-18
       8079.6471  1.28921e-17  2.81240e-18
       8085.1627  1.43133e-17  2.83843e-18
       8090.6782  1.01943e-17  2.82694e-18
       8096.1938  8.59971e-18  2.90591e-18
       8101.7093  9.78769e-18  2.97551e-18
       8107.2248  7.64446e-18  2.91481e-18
       8112.7404  9.22831e-18  2.84514e-18
       8118.2559  5.36499e-18  2.66482e-18
       8123.7714  8.15240e-18  2.67737e-18
       8129.2870  5.29246e-18  2.66698e-18
       8134.8025  9.18904e-18  2.81525e-18
       8140.3181  9.78471e-18  2.86462e-18
       8145.8336  9.87500e-18  2.88272e-18
       8151.3491  1.38529e-17  2.92705e-18
       8156.8647  1.41001e-17  2.88237e-18
       8162.3802  1.33717e-17  2.82591e-18
       8167.8957  1.44493e-17  2.84026e-18
       8173.4113  1.50661e-17  2.86107e-18
       8178.9268  1.70148e-17  2.93962e-18
       8184.4424  1.70000e-17  2.96670e-18
       8189.9579  1.49110e-17  2.96049e-18
       8195.4734  1.48843e-17  2.96756e-18
       8200.9890  1.47728e-17  2.95356e-18
       8206.5045  1.44025e-17  2.93986e-18
       8212.0200  1.22957e-17  2.92823e-18
       8217.5356  1.28799e-17  2.93630e-18
       8223.0511  1.27886e-17  2.90775e-18
       8228.5667  1.21892e-17  2.87412e-18
       8234.0822  1.09638e-17  2.85281e-18
       8239.5977  1.06075e-17  2.88939e-18
       8245.1133  1.17441e-17  2.95189e-18
       8250.6288  1.12213e-17  2.99305e-18
       8256.1443  1.25712e-17  3.02711e-18
       8261.6599  1.49291e-17  3.02346e-18
       8267.1754  1.28128e-17  3.04896e-18
       8272.6909  1.17309e-17  3.40955e-18
       8278.2065  1.57437e-17  4.05341e-18
       8283.7220  1.61736e-17  4.59131e-18
       8289.2376  1.85395e-17  5.08856e-18
       8294.7531  1.47438e-17  5.14321e-18
       8300.2686  1.14403e-17  4.79031e-18
       8305.7842  1.27356e-17  4.55782e-18
       8311.2997  1.11952e-17  3.99665e-18
       8316.8152  8.01320e-18  3.48146e-18
       8322.3308  8.02815e-18  3.24189e-18
       8327.8463  8.80548e-18  3.01223e-18
       8333.3619 -3.49400e-18  3.94009e-18
       8338.8774 -2.79487e-18  5.59949e-18
       8344.3929  5.01649e-18  5.34632e-18
       8349.9085  3.30373e-18  5.70328e-18
       8355.4240  6.79977e-18  5.40042e-18
       8360.9395  6.26901e-18  4.40760e-18
       8366.4551  7.68644e-18  3.85086e-18
       8371.9706  8.16393e-18  3.65121e-18
       8377.4862  8.08137e-18  3.76542e-18
       8383.0017  7.94035e-18  3.72777e-18
       8388.5172  6.94936e-18  4.12531e-18
       8394.0328  1.11092e-17  4.87670e-18
       8399.5483  1.27540e-17  4.99097e-18
       8405.0638  1.30125e-17  5.05125e-18
       8410.5794  1.06707e-17  4.77563e-18
       8416.0949  1.16999e-17  4.17433e-18
       8421.6105  1.02270e-17  4.76725e-18
       8427.1260  1.21782e-17  5.21562e-18
       8432.6415  1.28901e-17  5.20592e-18
       8438.1571  1.21604e-17  5.04188e-18
       8443.6726  1.74338e-17  4.43161e-18
       8449.1881  1.83090e-17  4.15347e-18
       8454.7037  1.21391e-17  4.33615e-18
       8460.2192  1.11325e-17  4.77134e-18
       8465.7348  1.35005e-17  4.85285e-18
       8471.2503  1.47676e-17  4.73415e-18
       8476.7658  1.68974e-17  4.27209e-18
       8482.2814  1.68110e-17  3.70565e-18
       8487.7969  1.77570e-17  3.68320e-18
       8493.3124  1.80197e-17  3.94245e-18
       8498.8280  1.83185e-17  4.33349e-18
       8504.3435  1.89273e-17  4.47237e-18
       8509.8591  2.04582e-17  4.34824e-18
       8515.3746  2.10203e-17  4.07195e-18
       8520.8901  2.38343e-17  3.68674e-18
       8526.4057  2.49974e-17  3.61069e-18
       8531.9212  2.58043e-17  3.68251e-18
       8537.4367  2.56261e-17  3.86170e-18
       8542.9523  2.48967e-17  4.07319e-18
       8548.4678  3.07758e-17  4.21821e-18
       8553.9833  2.90931e-17  4.11616e-18
       8559.4989  3.08770e-17  4.00065e-18
       8565.0144  3.06227e-17  3.80495e-18
       8570.5300  3.25923e-17  3.81713e-18
       8576.0455  3.27752e-17  3.86509e-18
       8581.5610  3.94175e-17  4.03315e-18
       8587.0766  4.63489e-17  4.21836e-18
       8592.5921  4.68531e-17  4.30842e-18
       8598.1076  4.72807e-17  4.32301e-18
       8603.6232  4.98338e-17  4.36150e-18
       8609.1387  5.46492e-17  4.59813e-18
       8614.6543  5.59100e-17  5.03478e-18
       8620.1698  6.08808e-17  5.71402e-18
       8625.6853  7.17355e-17  6.28182e-18
       8631.2009  6.02230e-17  6.42256e-18
       8636.7164  5.57077e-17  6.31268e-18
       8642.2319  6.99408e-17  6.05829e-18
       8647.7475  7.67748e-17  6.01503e-18
       8653.2630  8.05237e-17  6.33038e-18
       8658.7786  9.15944e-17  6.75641e-18
       8664.2941  9.81925e-17  6.85335e-18
       8669.8096  1.08042e-16  6.76726e-18
       8675.3252  1.07184e-16  6.42175e-18
       8680.8407  1.07095e-16  6.06825e-18
       8686.3562  1.13025e-16  5.86462e-18
       8691.8718  1.19037e-16  5.76379e-18
       8697.3873  1.31785e-16  5.84404e-18
       8702.9029  1.32730e-16  5.83245e-18
       8708.4184  1.44623e-16  5.92922e-18
       8713.9339  1.47470e-16  5.93558e-18
       8719.4495  1.00724e-16  7.49247e-18
       8724.9650  1.38875e-16  5.91480e-18
       8730.4805  1.58206e-16  6.03518e-18
       8735.9961  1.58689e-16  6.08322e-18
       8741.5116  1.70720e-16  6.25019e-18
       8747.0272  1.82574e-16  6.57236e-18
       8752.5427  1.80906e-16  7.01695e-18
       8758.0582  1.79230e-16  7.65312e-18
       8763.5738  1.72083e-16  8.23491e-18
       8769.0893  1.73537e-16  8.75516e-18
       8774.6048  1.81474e-16  8.72201e-18
       8780.1204  1.85647e-16  8.39038e-18
       8785.6359  1.85921e-16  7.93059e-18
       8791.1515  1.83825e-16  7.32990e-18
       8796.6670  1.81104e-16  6.92952e-18
       8802.1825  1.77766e-16  6.72479e-18
       8807.6981  1.76426e-16  6.53599e-18
       8813.2136  1.83247e-16  7.16014e-18
       8818.7291  1.92230e-16  8.35942e-18
       8824.2447  1.91630e-16  9.06948e-18
       8829.7602  1.81651e-16  9.41000e-18
       8835.2757  1.44868e-16  9.03211e-18
       8840.7913  1.28667e-16  8.23748e-18
       8846.3068  1.55340e-16  7.34007e-18
       8851.8224  1.66388e-16  7.01819e-18
       8857.3379  1.64436e-16  7.03992e-18
       8862.8534  1.59507e-16  7.01818e-18
       8868.3690  1.48962e-16  6.98730e-18
       8873.8845  1.42927e-16  7.44714e-18
       8879.4000  1.41661e-16  7.94446e-18
       8884.9156  1.49947e-16  8.22268e-18
       8890.4311  1.56208e-16  8.41766e-18
       8895.9467  1.49275e-16  7.94333e-18
       8901.4622  1.34949e-16  7.27619e-18
       8906.9777  1.36720e-16  7.70400e-18
       8912.4933  1.33036e-16  8.22934e-18
       8918.0088  1.29932e-16  8.40064e-18
       8923.5243  1.29653e-16  8.31732e-18
       8929.0399  1.33883e-16  7.70248e-18
       8934.5554  1.25486e-16  7.00289e-18
       8940.0710  1.12419e-16  6.70772e-18
       8945.5865  1.07908e-16  7.21821e-18
       8951.1020  1.10896e-16  7.73936e-18
       8956.6176  1.12526e-16  7.79521e-18
       8962.1331  1.09024e-16  7.56764e-18
       8967.6486  1.04041e-16  6.89082e-18
       8973.1642  9.46998e-17  6.14341e-18
       8978.6797  8.84291e-17  6.01135e-18
       8984.1953  8.95034e-17  6.27491e-18
       8989.7108  8.84242e-17  6.66246e-18
       8995.2263  9.19634e-17  6.89672e-18
       9000.7419  8.96684e-17  6.76962e-18
       9006.2574  7.89985e-17  6.46606e-18
       9011.7729  7.73311e-17  5.98379e-18
       9017.2885  7.31036e-17  5.58223e-18
       9022.8040  7.26352e-17  5.59749e-18
       9028.3196  7.53154e-17  5.74526e-18
       9033.8351  7.17085e-17  5.85365e-18
       9039.3506  6.40827e-17  5.99190e-18
       9044.8662  6.36324e-17  6.10899e-18
       9050.3817  6.22399e-17  6.07400e-18
       9055.8972  6.57287e-17  5.96391e-18
       9061.4128  6.13931e-17  5.64246e-18
       9066.9283  6.27446e-17  5.47990e-18
       9072.4439  5.73936e-17  5.38139e-18
       9077.9594  5.86906e-17  5.44319e-18
       9083.4749  5.78064e-17  5.51056e-18
       9088.9905  5.89434e-17  5.65028e-18
       9094.5060  5.31269e-17  5.75047e-18
       9100.0215  5.79586e-17  5.77592e-18
       9105.5371  5.56543e-17  5.66641e-18
       9111.0526  5.54419e-17  5.53841e-18
       9116.5681  5.52210e-17  5.43521e-18
       9122.0837  5.44728e-17  5.37814e-18
       9127.5992  5.59411e-17  5.40548e-18
       9133.1148  5.53413e-17  5.40932e-18
       9138.6303  4.70679e-17  5.38763e-18
       9144.1458  4.71977e-17  5.52764e-18
       9149.6614  5.68499e-17  5.80579e-18
       9155.1769  5.46952e-17  5.83536e-18
       9160.6924  4.78026e-17  5.64795e-18
       9166.2080  4.70286e-17  5.55716e-18
       9171.7235  4.59655e-17  5.47562e-18
       9177.2391  4.95834e-17  5.43924e-18
       9182.7546  5.15347e-17  5.47050e-18
       9188.2701  4.97190e-17  5.43340e-18
       9193.7857  4.73126e-17  5.42509e-18
       9199.3012  4.72652e-17  5.50911e-18
       9204.8167  4.88601e-17  5.62618e-18
       9210.3323  4.83854e-17  5.69840e-18
       9215.8478  4.63276e-17  5.70633e-18
       9221.3634  4.99005e-17  5.76785e-18
       9226.8789  3.74611e-17  5.66578e-18
       9232.3944  1.93479e-17  7.44146e-18
