       3399.4131  9.64381e-17  7.81826e-17
       3402.7764  3.65982e-17  7.57696e-17
       3406.1398 -1.11745e-17  7.77364e-17
       3409.5032 -8.08601e-17  7.79102e-17
       3412.8665 -2.07199e-17  7.22645e-17
       3416.2299  6.57179e-17  7.23827e-17
       3419.5933 -4.30994e-17  7.54975e-17
       3422.9567  5.32604e-17  7.83739e-17
       3426.3200  6.32222e-17  7.74219e-17
       3429.6834  6.67861e-17  7.48461e-17
       3433.0468  8.30547e-19  7.53219e-17
       3436.4101 -7.10932e-17  7.83908e-17
       3439.7735 -6.41828e-17  7.49704e-17
       3443.1369 -1.70739e-17  7.43296e-17
       3446.5002  5.47341e-17  7.65974e-17
       3449.8636  9.66269e-17  7.55450e-17
       3453.2270 -7.44096e-17  7.80410e-17
       3456.5904 -4.88476e-17  7.27368e-17
       3459.9537  2.64339e-17  7.38217e-17
       3463.3171 -1.04701e-17  7.24172e-17
       3466.6805 -8.20926e-17  7.50638e-17
       3470.0438 -2.25433e-17  7.44967e-17
       3473.4072 -4.89709e-17  7.38610e-17
       3476.7706 -3.86441e-17  7.62292e-17
       3480.1340  7.19102e-17  7.60111e-17
       3483.4973 -7.60862e-17  7.28130e-17
       3486.8607 -7.76709e-17  7.21024e-17
       3490.2241  7.99698e-18  7.26968e-17
       3493.5874  8.29941e-17  7.43829e-17
       3496.9508 -2.12357e-17  7.08228e-17
       3500.3142 -4.07119e-17  7.15558e-17
       3503.6775  2.11920e-16  7.63399e-17
       3507.0409  1.07558e-16  7.19103e-17
       3510.4043  5.70547e-18  6.89552e-17
       3513.7677  9.43074e-17  7.26916e-17
       3517.1310  2.04974e-16  7.06701e-17
       3520.4944  3.79946e-17  6.98551e-17
       3523.8578  1.03797e-16  7.08489e-17
       3527.2211  7.26476e-17  6.90909e-17
       3530.5845  6.45075e-18  7.20756e-17
       3533.9479 -3.64140e-17  7.19480e-17
       3537.3113  8.61675e-18  7.05660e-17
       3540.6746  1.20505e-16  6.65619e-17
       3544.0380  3.28689e-17  6.38204e-17
       3547.4014  1.52003e-16  6.39471e-17
       3550.7647  1.95222e-16  6.34165e-17
       3554.1281  3.98609e-17  5.96433e-17
       3557.4915  1.41673e-16  5.56027e-17
       3560.8548  4.05989e-17  5.49402e-17
       3564.2182  9.91813e-17  5.64840e-17
       3567.5816  1.49239e-17  5.18520e-17
       3570.9450  7.50894e-18  5.00620e-17
       3574.3083 -1.23627e-16  5.05739e-17
       3577.6717 -1.29723e-16  4.99873e-17
       3581.0351  7.96829e-17  4.78959e-17
       3584.3984  6.35502e-17  4.55164e-17
       3587.7618  4.07420e-17  4.49576e-17
       3591.1252  1.57496e-17  4.47708e-17
       3594.4886  2.23184e-17  4.21310e-17
       3597.8519 -3.53450e-17  4.17710e-17
       3601.2153 -3.47050e-17  4.20274e-17
       3604.5787  5.62022e-17  4.06527e-17
       3607.9420  2.91526e-17  3.91702e-17
       3611.3054  5.46201e-17  3.86403e-17
       3614.6688 -5.64553e-18  3.87049e-17
       3618.0321 -3.03578e-17  3.76931e-17
       3621.3955  3.21279e-17  3.75615e-17
       3624.7589 -1.82211e-18  3.72531e-17
       3628.1223  5.01178e-17  3.59144e-17
       3631.4856  2.92756e-17  3.50751e-17
       3634.8490 -4.34571e-18  3.41559e-17
       3638.2124 -3.30997e-17  3.35207e-17
       3641.5757 -3.20574e-17  3.25532e-17
       3644.9391 -8.85666e-18  3.20827e-17
       3648.3025  6.98599e-17  3.16368e-17
       3651.6659 -4.84109e-18  2.97381e-17
       3655.0292  2.90211e-17  2.91436e-17
       3658.3926  3.71697e-17  2.89034e-17
       3661.7560 -6.27085e-18  2.87233e-17
       3665.1193  2.39824e-17  2.75230e-17
       3668.4827  3.50970e-17  2.75179e-17
       3671.8461 -3.16077e-18  2.68410e-17
       3675.2095 -4.91214e-17  2.66149e-17
       3678.5728  4.18379e-17  2.66021e-17
       3681.9362  6.29530e-17  2.58218e-17
       3685.2996  7.14659e-17  2.55322e-17
       3688.6629  1.02727e-17  2.47349e-17
       3692.0263  5.86529e-17  2.50032e-17
       3695.3897  4.09396e-17  2.39456e-17
       3698.7530  4.19670e-18  2.39019e-17
       3702.1164  1.15965e-17  2.31480e-17
       3705.4798  2.63973e-17  2.33170e-17
       3708.8432  4.10039e-18  2.25076e-17
       3712.2065  1.05367e-17  2.24867e-17
       3715.5699  2.44439e-18  2.18613e-17
       3718.9333  1.31087e-17  2.08057e-17
       3722.2966  6.47417e-17  2.19783e-17
       3725.6600  3.17416e-18  2.10129e-17
       3729.0234 -2.62566e-17  2.09715e-17
       3732.3868  3.60245e-17  2.03751e-17
       3735.7501  2.02551e-17  2.01850e-17
       3739.1135  2.20313e-17  1.96463e-17
       3742.4769 -5.20460e-18  1.87749e-17
       3745.8402 -3.41670e-18  1.87004e-17
       3749.2036  3.33374e-17  1.86356e-17
       3752.5670  2.20200e-17  1.81600e-17
       3755.9303  4.24291e-18  1.77691e-17
       3759.2937  6.73172e-18  1.74194e-17
       3762.6571 -1.08970e-17  1.71181e-17
       3766.0205  3.66158e-17  1.71043e-17
       3769.3838  4.78496e-18  1.64793e-17
       3772.7472  1.64568e-17  1.62247e-17
       3776.1106  2.03375e-17  1.61991e-17
       3779.4739  3.09694e-17  1.63247e-17
       3782.8373  1.51828e-17  1.57555e-17
       3786.2007  2.13160e-17  1.57570e-17
       3789.5641  8.89296e-18  1.49669e-17
       3792.9274 -2.26519e-17  1.48451e-17
       3796.2908 -3.64037e-18  1.43450e-17
       3799.6542  2.30976e-17  1.40759e-17
       3803.0175  1.87159e-17  1.42774e-17
       3806.3809  1.04689e-17  1.41340e-17
       3809.7443  2.81086e-17  1.38472e-17
       3813.1076  2.02940e-17  1.36167e-17
       3816.4710  5.08722e-18  1.31655e-17
       3819.8344  7.98986e-18  1.32108e-17
       3823.1978 -4.18348e-18  1.31531e-17
       3826.5611  1.67839e-17  1.33623e-17
       3829.9245  5.42176e-17  1.37147e-17
       3833.2879  2.22034e-17  1.32134e-17
       3836.6512  4.45274e-18  1.27088e-17
       3840.0146  4.67736e-17  1.30536e-17
       3843.3780  1.44810e-17  1.23351e-17
       3846.7414  3.10912e-17  1.22400e-17
       3850.1047  4.47204e-17  1.24599e-17
       3853.4681  6.44773e-17  1.24748e-17
       3856.8315  3.72190e-17  1.16712e-17
       3860.1948  4.62538e-18  1.10581e-17
       3863.5582  2.98695e-17  1.10309e-17
       3866.9216  3.03169e-17  1.10686e-17
       3870.2849  5.65017e-17  1.13230e-17
       3873.6483  4.28718e-17  1.08377e-17
       3877.0117  5.49984e-17  1.09049e-17
       3880.3751  3.29768e-17  1.02956e-17
       3883.7384  3.31000e-17  1.02855e-17
       3887.1018  5.01521e-17  1.03605e-17
       3890.4652  6.99766e-17  1.04706e-17
       3893.8285  5.21669e-17  1.00882e-17
       3897.1919  4.70419e-17  1.00090e-17
       3900.5553  4.48689e-17  1.01682e-17
       3903.9187  6.74249e-17  1.04896e-17
       3907.2820  6.49506e-17  1.05814e-17
       3910.6454  6.88847e-17  1.05724e-17
       3914.0088  6.50265e-17  1.04636e-17
       3917.3721  6.62375e-17  1.02508e-17
       3920.7355  7.38017e-17  1.01554e-17
       3924.0989  7.34940e-17  9.96704e-18
       3927.4623  7.60058e-17  9.83200e-18
       3930.8256  7.05499e-17  9.52151e-18
       3934.1890  6.64472e-17  9.38968e-18
       3937.5524  6.73083e-17  9.41286e-18
       3940.9157  6.79845e-17  9.56646e-18
       3944.2791  7.08654e-17  9.55132e-18
       3947.6425  5.91196e-17  9.34545e-18
       3951.0058  7.44208e-17  9.40115e-18
       3954.3692  8.29609e-17  9.42848e-18
       3957.7326  6.17281e-17  8.82011e-18
       3961.0960  6.46645e-17  8.79421e-18
       3964.4593  6.19979e-17  8.71667e-18
       3967.8227  7.02859e-17  8.83796e-18
       3971.1861  8.18975e-17  8.66771e-18
       3974.5494  6.22802e-17  8.46771e-18
       3977.9128  5.73013e-17  8.57723e-18
       3981.2762  6.44955e-17  8.52500e-18
       3984.6396  4.66006e-17  8.08898e-18
       3988.0029  5.27534e-17  8.03349e-18
       3991.3663  5.79258e-17  7.99605e-18
       3994.7297  5.60113e-17  7.91413e-18
       3998.0930  7.05011e-17  8.08007e-18
       4001.4564  6.42905e-17  7.90398e-18
       4004.8198  5.63856e-17  8.05526e-18
       4008.1831  6.14923e-17  8.10913e-18
       4011.5465  5.54684e-17  7.93025e-18
       4014.9099  6.02059e-17  7.96661e-18
       4018.2733  3.95464e-17  7.45148e-18
       4021.6366  7.13631e-17  8.01826e-18
       4025.0000  6.77252e-17  7.95673e-18
       4028.3634  6.68114e-17  7.77955e-18
       4031.7267  7.32173e-17  7.70673e-18
       4035.0901  6.23334e-17  7.42591e-18
       4038.4535  5.89271e-17  7.59186e-18
       4041.8169  6.69906e-17  7.78591e-18
       4045.1802  7.19254e-17  7.83699e-18
       4048.5436  6.93876e-17  7.67348e-18
       4051.9070  6.31351e-17  7.67407e-18
       4055.2703  5.45998e-17  7.50483e-18
       4058.6337  7.16147e-17  7.69051e-18
       4061.9971  7.44275e-17  7.74996e-18
       4065.3604  6.62604e-17  7.68942e-18
       4068.7238  5.58631e-17  7.41031e-18
       4072.0872  5.65010e-17  7.37475e-18
       4075.4506  5.52452e-17  7.27923e-18
       4078.8139  4.41624e-17  7.04178e-18
       4082.1773  5.14886e-17  7.04938e-18
       4085.5407  3.94371e-17  6.73915e-18
       4088.9040  4.18535e-17  6.76322e-18
       4092.2674  4.95487e-17  6.71745e-18
       4095.6308  4.29017e-17  6.53880e-18
       4098.9942  4.70216e-17  6.45308e-18
       4102.3575  4.78964e-17  6.56916e-18
       4105.7209  3.99043e-17  6.52808e-18
       4109.0843  3.90719e-17  6.43203e-18
       4112.4476  4.25790e-17  6.45463e-18
       4115.8110  3.87313e-17  6.35554e-18
       4119.1744  3.70639e-17  6.16728e-18
       4122.5377  3.27447e-17  6.15034e-18
       4125.9011  4.52514e-17  6.36135e-18
       4129.2645  4.97559e-17  6.34570e-18
       4132.6279  4.18997e-17  6.24215e-18
       4135.9912  3.72909e-17  6.19874e-18
       4139.3546  3.71070e-17  6.01860e-18
       4142.7180  5.10650e-17  6.21098e-18
       4146.0813  4.67639e-17  6.14945e-18
       4149.4447  4.10707e-17  6.16906e-18
       4152.8081  3.72367e-17  6.01208e-18
       4156.1715  5.64781e-17  6.31656e-18
       4159.5348  5.04538e-17  6.28862e-18
       4162.8982  4.26453e-17  6.17783e-18
       4166.2616  4.44892e-17  6.17541e-18
       4169.6249  3.00217e-17  5.89449e-18
       4172.9883  3.92323e-17  6.06558e-18
       4176.3517  5.38336e-17  6.23050e-18
       4179.7150  4.63107e-17  6.06801e-18
       4183.0784  4.77038e-17  5.99629e-18
       4186.4418  4.88389e-17  5.93717e-18
       4189.8052  4.45304e-17  5.81006e-18
       4193.1685  4.78694e-17  5.78310e-18
       4196.5319  4.43419e-17  5.70148e-18
       4199.8953  4.97110e-17  5.77135e-18
       4203.2586  4.72464e-17  5.72173e-18
       4206.6220  4.30804e-17  5.52827e-18
       4209.9854  4.34758e-17  5.55431e-18
       4213.3488  4.41387e-17  5.62293e-18
       4216.7121  4.04959e-17  5.51697e-18
       4220.0755  4.93346e-17  5.54478e-18
       4223.4389  5.02195e-17  5.56902e-18
       4226.8022  4.25835e-17  5.40234e-18
       4230.1656  3.89136e-17  5.38282e-18
       4233.5290  3.57507e-17  5.23253e-18
       4236.8924  3.56899e-17  5.17684e-18
       4240.2557  4.38701e-17  5.25226e-18
       4243.6191  4.56284e-17  5.19392e-18
       4246.9825  4.22480e-17  5.29091e-18
       4250.3458  4.21170e-17  5.28503e-18
       4253.7092  3.90704e-17  5.17458e-18
       4257.0726  4.24824e-17  5.23379e-18
       4260.4359  5.12807e-17  5.35918e-18
       4263.7993  5.38829e-17  5.29756e-18
       4267.1627  4.83674e-17  5.21182e-18
       4270.5261  4.55422e-17  5.14629e-18
       4273.8894  3.98794e-17  5.08321e-18
       4277.2528  5.12802e-17  5.35766e-18
       4280.6162  5.16505e-17  5.29920e-18
       4283.9795  5.05714e-17  5.23599e-18
       4287.3429  4.62350e-17  5.15135e-18
       4290.7063  5.13129e-17  5.08415e-18
       4294.0697  4.10445e-17  4.97794e-18
       4297.4330  4.16143e-17  4.98714e-18
       4300.7964  3.99578e-17  4.93924e-18
       4304.1598  4.46011e-17  4.98263e-18
       4307.5231  5.19866e-17  5.10789e-18
       4310.8865  4.82949e-17  5.12814e-18
       4314.2499  4.97308e-17  5.13518e-18
       4317.6132  4.29143e-17  4.99276e-18
       4320.9766  5.03871e-17  5.02855e-18
       4324.3400  4.61596e-17  5.00441e-18
       4327.7034  4.92260e-17  5.02914e-18
       4331.0667  4.36887e-17  4.92579e-18
       4334.4301  4.01589e-17  4.77210e-18
       4337.7935  4.94131e-17  4.88895e-18
       4341.1568  5.57859e-17  4.99540e-18
       4344.5202  6.05395e-17  5.05816e-18
       4347.8836  5.83253e-17  4.97762e-18
       4351.2470  5.92864e-17  5.02544e-18
       4354.6103  5.42990e-17  5.04728e-18
       4357.9737  4.78825e-17  4.96035e-18
       4361.3371  5.52055e-17  5.08332e-18
       4364.7004  6.23855e-17  5.10182e-18
       4368.0638  6.86620e-17  5.07721e-18
       4371.4272  7.06647e-17  5.12036e-18
       4374.7905  6.82850e-17  5.00880e-18
       4378.1539  6.40498e-17  5.01116e-18
       4381.5173  6.68282e-17  5.10484e-18
       4384.8807  7.32931e-17  5.10285e-18
       4388.2440  6.66609e-17  4.99903e-18
       4391.6074  7.90550e-17  5.24053e-18
       4394.9708  7.38085e-17  5.12889e-18
       4398.3341  8.47346e-17  5.27370e-18
       4401.6975  8.82936e-17  5.34380e-18
       4405.0609  8.65935e-17  5.34108e-18
       4408.4243  7.98852e-17  5.29726e-18
       4411.7876  7.95488e-17  5.32597e-18
       4415.1510  8.67997e-17  5.39181e-18
       4418.5144  9.55445e-17  5.47506e-18
       4421.8777  8.55531e-17  5.33501e-18
       4425.2411  8.76533e-17  5.31886e-18
       4428.6045  9.74088e-17  5.42851e-18
       4431.9678  8.41366e-17  5.27305e-18
       4435.3312  8.66361e-17  5.28408e-18
       4438.6946  9.73059e-17  5.40379e-18
       4442.0580  1.06906e-16  5.53137e-18
       4445.4213  1.06528e-16  5.49800e-18
       4448.7847  8.94000e-17  5.23379e-18
       4452.1481  9.42057e-17  5.21024e-18
       4455.5114  1.05634e-16  5.37647e-18
       4458.8748  1.06948e-16  5.39879e-18
       4462.2382  1.02278e-16  5.33956e-18
       4465.6016  1.05965e-16  5.36188e-18
       4468.9649  1.11573e-16  5.41779e-18
       4472.3283  1.10018e-16  5.34919e-18
       4475.6917  1.04422e-16  5.28806e-18
       4479.0550  1.03962e-16  5.29076e-18
       4482.4184  1.18277e-16  5.38143e-18
       4485.7818  1.18585e-16  5.42093e-18
       4489.1451  1.14142e-16  5.37895e-18
       4492.5085  1.17993e-16  5.40305e-18
       4495.8719  1.14776e-16  5.33716e-18
       4499.2353  1.14391e-16  5.31043e-18
       4502.5986  1.17840e-16  5.39361e-18
       4505.9620  1.20044e-16  5.40579e-18
       4509.3254  1.18095e-16  5.31475e-18
       4512.6887  1.16756e-16  5.29952e-18
       4516.0521  1.13871e-16  5.25783e-18
       4519.4155  1.12186e-16  5.23532e-18
       4522.7789  1.08091e-16  5.21458e-18
       4526.1422  1.10956e-16  5.22236e-18
       4529.5056  1.11500e-16  5.19636e-18
       4532.8690  1.16100e-16  5.22573e-18
       4536.2323  1.08921e-16  5.16500e-18
       4539.5957  1.08887e-16  5.16222e-18
       4542.9591  1.05068e-16  5.08798e-18
       4546.3225  9.58698e-17  5.01136e-18
       4549.6858  1.00738e-16  5.02003e-18
       4553.0492  9.72251e-17  4.97488e-18
       4556.4126  9.50034e-17  4.89376e-18
       4559.7759  1.01658e-16  4.94885e-18
       4563.1393  1.03155e-16  4.93328e-18
       4566.5027  1.00543e-16  4.94050e-18
       4569.8660  1.01381e-16  4.95440e-18
       4573.2294  9.77413e-17  4.87834e-18
       4576.5928  1.02018e-16  4.90121e-18
       4579.9562  1.05501e-16  4.94162e-18
       4583.3195  9.94479e-17  4.86639e-18
       4586.6829  1.06710e-16  4.90990e-18
       4590.0463  1.10624e-16  4.99441e-18
       4593.4096  1.03985e-16  4.88170e-18
       4596.7730  1.03255e-16  4.84084e-18
       4600.1364  1.10297e-16  4.94352e-18
       4603.4998  1.15032e-16  4.93880e-18
       4606.8631  1.15407e-16  4.93120e-18
       4610.2265  1.20656e-16  4.99862e-18
       4613.5899  1.15017e-16  4.93078e-18
       4616.9532  1.14398e-16  4.91578e-18
       4620.3166  1.07992e-16  4.83895e-18
       4623.6800  1.10065e-16  4.84263e-18
       4627.0433  1.14211e-16  4.89109e-18
       4630.4067  1.09127e-16  4.85135e-18
       4633.7701  1.10642e-16  4.80108e-18
       4637.1335  1.14307e-16  4.84616e-18
       4640.4968  1.10673e-16  4.80302e-18
       4643.8602  1.16316e-16  4.86764e-18
       4647.2236  1.29186e-16  4.99816e-18
       4650.5869  1.17074e-16  4.85433e-18
       4653.9503  1.27986e-16  4.95846e-18
       4657.3137  1.33125e-16  5.05378e-18
       4660.6771  1.41400e-16  5.11647e-18
       4664.0404  1.47994e-16  5.19170e-18
       4667.4038  1.45619e-16  5.13969e-18
       4670.7672  1.43394e-16  5.09973e-18
       4674.1305  1.41128e-16  5.08288e-18
       4677.4939  1.45984e-16  5.18256e-18
       4680.8573  1.57243e-16  5.28855e-18
       4684.2206  1.48520e-16  5.19249e-18
       4687.5840  1.53392e-16  5.23852e-18
       4690.9474  1.61832e-16  5.31553e-18
       4694.3108  1.58250e-16  5.28310e-18
       4697.6741  1.66462e-16  5.34547e-18
       4701.0375  1.61705e-16  5.28631e-18
       4704.4009  1.59334e-16  5.26998e-18
       4707.7642  1.64679e-16  5.30883e-18
       4711.1276  1.67120e-16  5.30614e-18
       4714.4910  1.61271e-16  5.21831e-18
       4717.8544  1.65410e-16  5.24868e-18
       4721.2177  1.57570e-16  5.18114e-18
       4724.5811  1.60753e-16  5.19737e-18
       4727.9445  1.59928e-16  5.14412e-18
       4731.3078  1.49242e-16  5.03107e-18
       4734.6712  1.43587e-16  4.93353e-18
       4738.0346  1.45914e-16  4.95778e-18
       4741.3979  1.39902e-16  4.92303e-18
       4744.7613  1.31385e-16  4.80082e-18
       4748.1247  1.38953e-16  4.83089e-18
       4751.4881  1.33394e-16  4.76006e-18
       4754.8514  1.27135e-16  4.69636e-18
       4758.2148  1.23289e-16  4.66139e-18
       4761.5782  1.10891e-16  4.53591e-18
       4764.9415  1.07480e-16  4.48854e-18
       4768.3049  1.13637e-16  4.54184e-18
       4771.6683  1.15122e-16  4.51243e-18
       4775.0317  1.12043e-16  4.46449e-18
       4778.3950  1.03552e-16  4.40528e-18
       4781.7584  1.03543e-16  4.43358e-18
       4785.1218  1.03979e-16  4.41411e-18
       4788.4851  1.01796e-16  4.39489e-18
       4791.8485  1.04583e-16  4.40452e-18
       4795.2119  1.11118e-16  4.46751e-18
       4798.5753  1.14195e-16  4.52039e-18
       4801.9386  1.12870e-16  4.48757e-18
       4805.3020  1.20528e-16  4.56944e-18
       4808.6654  1.18214e-16  4.55392e-18
       4812.0287  1.17463e-16  4.55759e-18
       4815.3921  1.19397e-16  4.60112e-18
       4818.7555  1.19668e-16  4.57699e-18
       4822.1188  1.20160e-16  4.60201e-18
       4825.4822  1.21670e-16  4.60827e-18
       4828.8456  1.19713e-16  4.57274e-18
       4832.2090  1.15241e-16  4.53744e-18
       4835.5723  1.11183e-16  4.48678e-18
       4838.9357  1.19849e-16  4.57557e-18
       4842.2991  1.24750e-16  4.60978e-18
       4845.6624  1.21391e-16  4.53470e-18
       4849.0258  1.22759e-16  4.51560e-18
       4852.3892  1.20023e-16  4.48530e-18
       4855.7526  1.17380e-16  4.46362e-18
       4859.1159  1.20462e-16  4.44299e-18
       4862.4793  1.16060e-16  4.40764e-18
       4865.8427  1.10462e-16  4.35147e-18
       4869.2060  1.13204e-16  4.34666e-18
       4872.5694  1.14024e-16  4.33699e-18
       4875.9328  1.09323e-16  4.33277e-18
       4879.2961  1.09091e-16  4.30375e-18
       4882.6595  1.05840e-16  4.26794e-18
       4886.0229  9.95188e-17  4.20660e-18
       4889.3863  9.62194e-17  4.18965e-18
       4892.7496  9.32404e-17  4.13288e-18
       4896.1130  1.00001e-16  4.14272e-18
       4899.4764  9.88520e-17  4.13530e-18
       4902.8397  8.94899e-17  4.03541e-18
       4906.2031  8.95958e-17  4.02628e-18
       4909.5665  9.13575e-17  4.03746e-18
       4912.9299  8.22516e-17  3.88040e-18
       4916.2932  8.67815e-17  3.91355e-18
       4919.6566  8.67301e-17  3.96327e-18
       4923.0200  7.70965e-17  3.86678e-18
       4926.3833  8.15263e-17  3.87784e-18
       4929.7467  7.95630e-17  3.82417e-18
       4933.1101  7.77758e-17  3.79514e-18
       4936.4734  7.81217e-17  3.76521e-18
       4939.8368  7.85235e-17  3.80532e-18
       4943.2002  8.29533e-17  3.84736e-18
       4946.5636  7.58798e-17  3.77772e-18
       4949.9269  7.36730e-17  3.76699e-18
       4953.2903  7.02379e-17  3.67319e-18
       4956.6537  6.97647e-17  3.66666e-18
       4960.0170  7.48433e-17  3.72242e-18
       4963.3804  7.58978e-17  3.76899e-18
       4966.7438  7.67633e-17  3.76422e-18
       4970.1072  7.19814e-17  3.73688e-18
       4973.4705  7.20408e-17  3.77569e-18
       4976.8339  7.44815e-17  3.75972e-18
       4980.1973  6.87942e-17  3.64838e-18
       4983.5606  8.14212e-17  3.78560e-18
       4986.9240  8.14233e-17  3.77184e-18
       4990.2874  7.99797e-17  3.72955e-18
       4993.6507  8.38655e-17  3.81937e-18
       4997.0141  7.72697e-17  3.75747e-18
       5000.3775  8.21664e-17  3.79292e-18
       5003.7409  8.96351e-17  3.87633e-18
       5007.1042  8.13284e-17  3.77948e-18
       5010.4676  8.30059e-17  3.77081e-18
       5013.8310  8.03098e-17  3.74106e-18
       5017.1943  8.58189e-17  3.80065e-18
       5020.5577  8.73101e-17  3.82873e-18
       5023.9211  8.29487e-17  3.78202e-18
       5027.2845  8.89947e-17  3.85559e-18
       5030.6478  8.86943e-17  3.86019e-18
       5034.0112  8.76759e-17  3.83252e-18
       5037.3746  9.13609e-17  3.85991e-18
       5040.7379  9.15479e-17  3.85003e-18
       5044.1013  8.52238e-17  3.78677e-18
       5047.4647  8.96467e-17  3.81259e-18
       5050.8280  8.88921e-17  3.78608e-18
       5054.1914  9.10832e-17  3.83976e-18
       5057.5548  8.86284e-17  3.79087e-18
       5060.9182  8.94448e-17  3.77471e-18
       5064.2815  8.59726e-17  3.72977e-18
       5067.6449  8.47162e-17  3.71498e-18
       5071.0083  8.49549e-17  3.67981e-18
       5074.3716  8.61256e-17  3.70459e-18
       5077.7350  8.57440e-17  3.71708e-18
       5081.0984  8.53025e-17  3.72712e-18
       5084.4618  8.54879e-17  3.69807e-18
       5087.8251  7.61331e-17  3.55428e-18
       5091.1885  7.67378e-17  3.56596e-18
       5094.5519  8.53544e-17  3.70288e-18
       5097.9152  8.44081e-17  3.68742e-18
       5101.2786  8.50129e-17  3.65942e-18
       5104.6420  8.65016e-17  3.67161e-18
       5108.0054  8.45396e-17  3.67057e-18
       5111.3687  8.85263e-17  3.68010e-18
       5114.7321  9.03306e-17  3.71146e-18
       5118.0955  9.34344e-17  3.73849e-18
       5121.4588  8.83627e-17  3.66851e-18
       5124.8222  8.88220e-17  3.68826e-18
       5128.1856  9.47708e-17  3.76911e-18
       5131.5489  9.19792e-17  3.74842e-18
       5134.9123  9.15002e-17  3.72061e-18
       5138.2757  9.58845e-17  3.77489e-18
       5141.6391  9.74226e-17  3.82863e-18
       5145.0024  9.61692e-17  3.81412e-18
       5148.3658  9.58051e-17  3.77567e-18
       5151.7292  9.77128e-17  3.80306e-18
       5155.0925  1.04372e-16  3.87298e-18
       5158.4559  1.05750e-16  3.87637e-18
       5161.8193  1.05664e-16  3.86950e-18
       5165.1827  1.11752e-16  3.88880e-18
       5168.5460  1.15051e-16  3.94084e-18
       5171.9094  1.19369e-16  4.00718e-18
       5175.2728  1.19554e-16  3.97482e-18
       5178.6361  1.22254e-16  4.01186e-18
       5181.9995  1.31986e-16  4.13640e-18
       5185.3629  1.34866e-16  4.16673e-18
       5188.7262  1.42341e-16  4.22140e-18
       5192.0896  1.46593e-16  4.28508e-18
       5195.4530  1.47071e-16  4.30441e-18
       5198.8164  1.51821e-16  4.29758e-18
       5202.1797  1.47857e-16  4.25987e-18
       5205.5431  1.51053e-16  4.29172e-18
       5208.9065  1.56149e-16  4.34177e-18
       5212.2698  1.53161e-16  4.31840e-18
       5215.6332  1.59168e-16  4.36015e-18
       5218.9966  1.60864e-16  4.38356e-18
       5222.3600  1.57588e-16  4.37217e-18
       5225.7233  1.55785e-16  4.36298e-18
       5229.0867  1.59927e-16  4.36962e-18
       5232.4501  1.60156e-16  4.38026e-18
       5235.8134  1.61785e-16  4.38465e-18
       5239.1768  1.70625e-16  4.47810e-18
       5242.5402  1.71296e-16  4.47548e-18
       5245.9035  1.76925e-16  4.49019e-18
       5249.2669  1.72202e-16  4.43506e-18
       5252.6303  1.79361e-16  4.51746e-18
       5255.9937  1.82453e-16  4.53220e-18
       5259.3570  1.84587e-16  4.55405e-18
       5262.7204  1.96816e-16  4.60970e-18
       5266.0838  1.95020e-16  4.60518e-18
       5269.4471  1.88438e-16  4.55236e-18
       5272.8105  1.99204e-16  4.65849e-18
       5276.1739  2.02125e-16  4.69456e-18
       5279.5373  2.05505e-16  4.74805e-18
       5282.9006  2.11309e-16  4.78369e-18
       5286.2640  2.11185e-16  4.76772e-18
       5289.6274  2.14991e-16  4.80673e-18
       5292.9907  2.21597e-16  4.86905e-18
       5296.3541  2.30721e-16  4.93583e-18
       5299.7175  2.38036e-16  5.01278e-18
       5303.0808  2.42806e-16  5.04911e-18
       5306.4442  2.47815e-16  5.06770e-18
       5309.8076  2.48255e-16  5.06659e-18
       5313.1710  2.57918e-16  5.16011e-18
       5316.5343  2.60099e-16  5.18678e-18
       5319.8977  2.61678e-16  5.18644e-18
       5323.2611  2.70136e-16  5.22971e-18
       5326.6244  2.69597e-16  5.23239e-18
       5329.9878  2.77552e-16  5.29420e-18
       5333.3512  2.78456e-16  5.30443e-18
       5336.7146  2.73682e-16  5.27384e-18
       5340.0779  2.78602e-16  5.28784e-18
       5343.4413  2.80323e-16  5.28466e-18
       5346.8047  2.82685e-16  5.31092e-18
       5350.1680  2.92089e-16  5.36211e-18
       5353.5314  2.91957e-16  5.36278e-18
       5356.8948  2.87916e-16  5.33890e-18
       5360.2582  2.90300e-16  5.33373e-18
       5363.6215  2.86189e-16  5.31717e-18
       5366.9849  2.93513e-16  5.37146e-18
       5370.3483  2.96507e-16  5.38445e-18
       5373.7116  2.84958e-16  5.29153e-18
       5377.0750  2.93757e-16  5.36458e-18
       5380.4384  2.86671e-16  5.31070e-18
       5383.8017  2.89487e-16  5.30771e-18
       5387.1651  2.91825e-16  5.31664e-18
       5390.5285  2.83433e-16  5.24921e-18
       5393.8919  2.84732e-16  5.25442e-18
       5397.2552  2.72502e-16  5.14941e-18
       5400.6186  2.75572e-16  5.16781e-18
       5403.9820  2.77293e-16  5.19976e-18
       5407.3453  2.67258e-16  5.12571e-18
       5410.7087  2.60410e-16  5.03147e-18
       5414.0721  2.65750e-16  5.07333e-18
       5417.4355  2.60325e-16  5.03247e-18
       5420.7988  2.53605e-16  4.97279e-18
       5424.1622  2.49671e-16  4.94488e-18
       5427.5256  2.53002e-16  4.97014e-18
       5430.8889  2.47526e-16  4.93363e-18
       5434.2523  2.46150e-16  4.93008e-18
       5437.6157  2.42492e-16  4.90499e-18
       5440.9790  2.40199e-16  4.90110e-18
       5444.3424  2.44216e-16  4.89890e-18
       5447.7058  2.50191e-16  4.93838e-18
       5451.0692  2.48113e-16  4.93318e-18
       5454.4325  2.51398e-16  4.95106e-18
       5457.7959  2.47983e-16  4.93355e-18
       5461.1593  2.53747e-16  4.98606e-18
       5464.5226  2.55837e-16  5.00671e-18
       5467.8860  2.50081e-16  4.94813e-18
       5471.2494  2.61407e-16  5.02357e-18
       5474.6128  2.74642e-16  5.10831e-18
       5477.9761  2.77218e-16  5.11896e-18
       5481.3395  2.74624e-16  5.12863e-18
       5484.7029  2.73783e-16  5.11721e-18
       5488.0662  2.89560e-16  5.20345e-18
       5491.4296  3.03475e-16  5.30865e-18
       5494.7930  3.00346e-16  5.29766e-18
       5498.1563  3.01032e-16  5.30170e-18
       5501.5197  3.04054e-16  5.32839e-18
       5504.8831  3.07408e-16  5.35377e-18
       5508.2465  3.05212e-16  5.34319e-18
       5511.6098  3.10526e-16  5.37021e-18
       5514.9732  3.10998e-16  5.36193e-18
       5518.3366  3.12991e-16  5.38227e-18
       5521.6999  3.13324e-16  5.39021e-18
       5525.0633  3.21496e-16  5.43768e-18
       5528.4267  3.23548e-16  5.44355e-18
       5531.7901  3.10185e-16  5.34480e-18
       5535.1534  3.08041e-16  5.33420e-18
       5538.5168  3.04089e-16  5.30576e-18
       5541.8802  2.90785e-16  5.21267e-18
       5545.2435  2.88738e-16  5.18599e-18
       5548.6069  2.94032e-16  5.23482e-18
       5551.9703  2.83137e-16  5.16135e-18
       5555.3336  2.77821e-16  5.10544e-18
       5558.6970  2.66641e-16  5.04978e-18
       5562.0604  2.72606e-16  5.06245e-18
       5565.4238  2.75462e-16  5.48590e-18
       5568.7871  2.63616e-16  7.12755e-18
       5572.1505  2.76622e-16  8.30416e-18
       5575.5139  2.78884e-16  8.31173e-18
       5578.8772  2.65149e-16  8.30960e-18
       5582.2406  2.60585e-16  7.82959e-18
       5585.6040  2.59356e-16  6.11359e-18
       5588.9674  2.55040e-16  4.83508e-18
       5592.3307  2.49864e-16  4.88584e-18
       5595.6941  2.55233e-16  4.91779e-18
       5599.0575  2.57577e-16  4.92852e-18
       5602.4208  2.57084e-16  4.91005e-18
       5605.7842  2.47410e-16  4.85910e-18
       5609.1476  2.48380e-16  4.85213e-18
       5612.5109  2.50360e-16  4.84168e-18
       5615.8743  2.36133e-16  4.75254e-18
       5619.2377  2.26851e-16  4.71232e-18
       5622.6011  2.24384e-16  4.66233e-18
       5625.9644  2.25314e-16  4.65658e-18
       5629.3278  2.23511e-16  4.64050e-18
       5632.6912  2.24318e-16  4.64376e-18
       5636.0545  2.33799e-16  4.70557e-18
       5639.4179  2.21949e-16  4.64215e-18
       5642.7813  2.34938e-16  4.74154e-18
       5646.1447  2.31923e-16  4.71171e-18
       5649.5080  2.26345e-16  4.65800e-18
       5652.8714  2.25895e-16  4.66602e-18
       5656.2348  2.36770e-16  4.74580e-18
       5659.5981  2.41776e-16  4.78850e-18
       5662.9615  2.40579e-16  4.79368e-18
       5666.3249  2.57124e-16  4.90894e-18
       5669.6883  2.66206e-16  4.96762e-18
       5673.0516  2.58392e-16  4.92996e-18
       5676.4150  2.71318e-16  5.02684e-18
       5679.7784  2.88065e-16  5.13778e-18
       5683.1417  2.87164e-16  5.14824e-18
       5686.5051  2.95863e-16  5.20971e-18
       5689.8685  3.04593e-16  5.26257e-18
       5693.2318  3.04342e-16  5.26586e-18
       5696.5952  3.10442e-16  5.30668e-18
       5699.9586  3.10541e-16  5.30377e-18
       5703.3220  3.05540e-16  5.26709e-18
       5706.6853  3.09298e-16  5.27379e-18
       5710.0487  3.05230e-16  5.26691e-18
       5713.4121  3.05343e-16  5.24942e-18
       5716.7754  2.96458e-16  5.19829e-18
       5720.1388  2.92629e-16  5.16109e-18
       5723.5022  2.86002e-16  5.11986e-18
       5726.8656  2.73550e-16  5.01500e-18
       5730.2289  2.70124e-16  4.98504e-18
       5733.5923  2.62995e-16  4.96054e-18
       5736.9557  2.53766e-16  4.86548e-18
       5740.3190  2.49772e-16  4.82738e-18
       5743.6824  2.48526e-16  4.80773e-18
       5747.0458  2.45943e-16  4.79057e-18
       5750.4091  2.44672e-16  4.77795e-18
       5753.7725  2.42634e-16  4.75044e-18
       5757.1359  2.36997e-16  4.72535e-18
       5760.4993  2.34784e-16  4.71691e-18
       5763.8626  2.39408e-16  4.73630e-18
       5767.2260  2.42142e-16  4.74609e-18
       5770.5894  2.41989e-16  4.74947e-18
       5773.9527  2.43379e-16  4.76804e-18
       5777.3161  2.42673e-16  4.74552e-18
       5780.6795  2.43683e-16  4.73975e-18
       5784.0429  2.37985e-16  4.69767e-18
       5787.4062  2.26681e-16  4.61721e-18
       5790.7696  2.28336e-16  4.63258e-18
       5794.1330  2.31339e-16  4.65043e-18
       5797.4963  2.34614e-16  4.67136e-18
       5800.8597  2.30090e-16  4.66094e-18
       5804.2231  2.28645e-16  4.64221e-18
       5807.5864  2.28829e-16  4.65076e-18
       5810.9498  2.23164e-16  4.60679e-18
       5814.3132  2.23320e-16  4.61040e-18
       5817.6766  2.25996e-16  4.63617e-18
       5821.0399  2.24838e-16  4.62645e-18
       5824.4033  2.31965e-16  4.65046e-18
       5827.7667  2.35703e-16  4.67979e-18
       5831.1300  2.33404e-16  4.68138e-18
       5834.4934  2.35221e-16  4.70098e-18
       5837.8568  2.39570e-16  4.71808e-18
       5841.2202  2.40426e-16  4.71521e-18
       5844.5835  2.35695e-16  4.69056e-18
       5847.9469  2.36559e-16  4.69285e-18
       5851.3103  2.44548e-16  4.75016e-18
       5854.6736  2.49248e-16  4.78226e-18
       5858.0370  2.52917e-16  4.83994e-18
       5861.4004  2.49250e-16  4.84473e-18
       5864.7637  2.46028e-16  4.85118e-18
       5868.1271  2.49300e-16  4.88302e-18
       5871.4905  2.52698e-16  4.88274e-18
       5874.8539  2.42690e-16  4.78127e-18
       5878.2172  2.45026e-16  4.95994e-18
       5881.5806  2.44295e-16  5.70311e-18
       5884.9440  2.26745e-16  6.17340e-18
       5888.3073  2.24967e-16  6.60278e-18
       5891.6707  2.19392e-16  6.78390e-18
       5895.0341  2.15688e-16  6.54279e-18
       5898.3975  2.10807e-16  5.90587e-18
       5901.7608  2.03964e-16  5.21689e-18
       5905.1242  1.97033e-16  4.64037e-18
       5908.4876  1.86071e-16  4.35451e-18
       5911.8509  1.76731e-16  4.31271e-18
       5915.2143  1.77384e-16  4.30795e-18
       5918.5777  1.84124e-16  4.34890e-18
       5921.9410  1.86878e-16  4.34378e-18
       5925.3044  1.81056e-16  4.31374e-18
       5928.6678  1.72806e-16  4.26491e-18
       5932.0312  1.78350e-16  4.29087e-18
       5935.3945  1.80099e-16  4.30405e-18
       5938.7579  1.89605e-16  4.37415e-18
       5942.1213  1.91578e-16  4.36378e-18
       5945.4846  1.86111e-16  4.34048e-18
       5948.8480  1.89710e-16  4.38714e-18
       5952.2114  1.98017e-16  4.43316e-18
       5955.5748  2.00021e-16  4.42922e-18
       5958.9381  2.04182e-16  4.47258e-18
       5962.3015  2.07107e-16  4.49138e-18
       5965.6649  2.05167e-16  4.47687e-18
       5969.0282  2.13141e-16  4.55753e-18
       5972.3916  2.17650e-16  4.59905e-18
       5975.7550  2.19425e-16  4.59236e-18
       5979.1184  2.22919e-16  4.62180e-18
       5982.4817  2.25683e-16  4.63260e-18
       5985.8451  2.31249e-16  4.64158e-18
       5989.2085  2.30398e-16  4.64207e-18
       5992.5718  2.29622e-16  4.65211e-18
       5995.9352  2.36130e-16  4.72151e-18
       5999.2986  2.33927e-16  4.70190e-18
       6002.6619  2.35963e-16  4.70682e-18
       6006.0253  2.54687e-16  4.82642e-18
       6009.3887  2.47998e-16  4.76774e-18
       6012.7521  2.50178e-16  4.77045e-18
       6016.1154  2.52343e-16  4.78317e-18
       6019.4788  2.48563e-16  4.74681e-18
       6022.8422  2.50055e-16  4.76467e-18
       6026.2055  2.52914e-16  4.77920e-18
       6029.5689  2.54535e-16  4.79597e-18
       6032.9323  2.57503e-16  4.81354e-18
       6036.2957  2.57479e-16  4.81635e-18
       6039.6590  2.55396e-16  4.80857e-18
       6043.0224  2.43986e-16  4.71206e-18
       6046.3858  2.40185e-16  4.67265e-18
       6049.7491  2.45221e-16  4.70966e-18
       6053.1125  2.41206e-16  4.69319e-18
       6056.4759  2.41373e-16  4.69594e-18
       6059.8392  2.44548e-16  4.68418e-18
       6063.2026  2.39444e-16  4.63379e-18
       6066.5660  2.28552e-16  4.57680e-18
       6069.9294  2.35590e-16  4.63336e-18
       6073.2927  2.32265e-16  4.60339e-18
       6076.6561  2.30672e-16  4.59032e-18
       6080.0195  2.33366e-16  4.59485e-18
       6083.3828  2.32663e-16  4.57393e-18
       6086.7462  2.28417e-16  4.55657e-18
       6090.1096  2.24503e-16  4.54550e-18
       6093.4730  2.23731e-16  4.53279e-18
       6096.8363  2.34080e-16  4.60566e-18
       6100.1997  2.37880e-16  4.64332e-18
       6103.5631  2.40888e-16  4.66039e-18
       6106.9264  2.44697e-16  4.68261e-18
       6110.2898  2.38003e-16  4.64890e-18
       6113.6532  2.32233e-16  4.60203e-18
       6117.0165  2.33699e-16  4.58207e-18
       6120.3799  2.36280e-16  4.59204e-18
       6123.7433  2.35791e-16  4.59091e-18
       6127.1067  2.28262e-16  4.53565e-18
       6130.4700  2.24296e-16  4.50792e-18
       6133.8334  2.21687e-16  4.50232e-18
       6137.1968  2.20880e-16  4.49900e-18
       6140.5601  2.10065e-16  4.42173e-18
       6143.9235  1.99957e-16  4.32131e-18
       6147.2869  1.94848e-16  4.25728e-18
       6150.6503  1.89385e-16  4.21430e-18
       6154.0136  1.82976e-16  4.15909e-18
       6157.3770  1.81107e-16  4.13490e-18
       6160.7404  1.74187e-16  4.08031e-18
       6164.1037  1.66640e-16  4.01236e-18
       6167.4671  1.57016e-16  3.92457e-18
       6170.8305  1.49975e-16  3.87302e-18
       6174.1938  1.51566e-16  3.87325e-18
       6177.5572  1.48700e-16  3.81938e-18
       6180.9206  1.39456e-16  3.73605e-18
       6184.2840  1.30057e-16  3.64677e-18
       6187.6473  1.23289e-16  3.58504e-18
       6191.0107  1.21639e-16  3.57918e-18
       6194.3741  1.15854e-16  3.51281e-18
       6197.7374  1.15664e-16  3.51346e-18
       6201.1008  1.14075e-16  3.50617e-18
       6204.4642  1.09138e-16  3.46814e-18
       6207.8276  1.01953e-16  3.38675e-18
       6211.1909  9.99235e-17  3.34323e-18
       6214.5543  9.55214e-17  3.29785e-18
       6217.9177  9.12234e-17  3.26706e-18
       6221.2810  9.16428e-17  3.26974e-18
       6224.6444  9.21328e-17  3.29900e-18
       6228.0078  8.74283e-17  3.31225e-18
       6231.3712  8.69218e-17  3.34114e-18
       6234.7345  8.84477e-17  3.35361e-18
       6238.0979  8.56271e-17  3.33521e-18
       6241.4613  8.40395e-17  3.30429e-18
       6244.8246  7.91851e-17  3.18734e-18
       6248.1880  7.82409e-17  3.16450e-18
       6251.5514  8.27843e-17  3.24197e-18
       6254.9147  8.85509e-17  3.28215e-18
       6258.2781  8.63152e-17  3.28738e-18
       6261.6415  8.63903e-17  3.30509e-18
       6265.0049  9.39077e-17  3.36200e-18
       6268.3682  9.43697e-17  3.31355e-18
       6271.7316  9.44337e-17  3.26911e-18
       6275.0950  8.75798e-17  3.20713e-18
       6278.4583  9.17031e-17  3.28059e-18
       6281.8217  1.01383e-16  3.40075e-18
       6285.1851  1.05048e-16  3.44424e-18
       6288.5485  1.07971e-16  3.50976e-18
       6291.9118  1.10494e-16  3.63457e-18
       6295.2752  1.13175e-16  3.70956e-18
       6298.6386  1.16385e-16  3.74396e-18
       6302.0019  1.15421e-16  3.80825e-18
       6305.3653  1.19086e-16  3.79507e-18
       6308.7287  1.32911e-16  3.77336e-18
       6312.0920  1.38362e-16  3.78502e-18
       6315.4554  1.41890e-16  3.77848e-18
       6318.8188  1.41030e-16  3.77213e-18
       6322.1822  1.48022e-16  3.87165e-18
       6325.5455  1.49343e-16  3.89034e-18
       6328.9089  1.48842e-16  3.87206e-18
       6332.2723  1.52871e-16  3.90334e-18
       6335.6356  1.56832e-16  3.92145e-18
       6338.9990  1.57343e-16  3.91541e-18
       6342.3624  1.59433e-16  3.90784e-18
       6345.7258  1.66539e-16  3.97425e-18
       6349.0891  1.66601e-16  4.00920e-18
       6352.4525  1.65081e-16  4.00540e-18
       6355.8159  1.70936e-16  4.07872e-18
       6359.1792  1.67292e-16  4.04888e-18
       6362.5426  1.71025e-16  4.07457e-18
       6365.9060  1.77689e-16  4.10092e-18
       6369.2693  1.74947e-16  4.05402e-18
       6372.6327  1.77019e-16  4.04402e-18
       6375.9961  1.81910e-16  4.08096e-18
       6379.3595  1.82750e-16  4.12326e-18
       6382.7228  1.82316e-16  4.11934e-18
       6386.0862  1.82850e-16  4.11326e-18
       6389.4496  1.86929e-16  4.15126e-18
       6392.8129  1.87739e-16  4.13798e-18
       6396.1763  1.91043e-16  4.14563e-18
       6399.5397  1.96458e-16  4.19647e-18
       6402.9031  2.02119e-16  4.24413e-18
       6406.2664  2.07021e-16  4.26177e-18
       6409.6298  2.04965e-16  4.24274e-18
       6412.9932  2.06678e-16  4.28085e-18
       6416.3565  2.10548e-16  4.29907e-18
       6419.7199  2.07320e-16  4.28535e-18
       6423.0833  2.10945e-16  4.30256e-18
       6426.4466  2.22275e-16  4.37221e-18
       6429.8100  2.17729e-16  4.32137e-18
       6433.1734  2.15623e-16  4.32477e-18
       6436.5368  2.19790e-16  4.36280e-18
       6439.9001  2.22114e-16  4.36780e-18
       6443.2635  2.24617e-16  4.40212e-18
       6446.6269  2.34377e-16  4.47777e-18
       6449.9902  2.34587e-16  4.47082e-18
       6453.3536  2.33270e-16  4.47737e-18
       6456.7170  2.36119e-16  4.52353e-18
       6460.0804  2.40089e-16  4.57558e-18
       6463.4437  2.48410e-16  4.65992e-18
       6466.8071  2.50715e-16  4.69860e-18
       6470.1705  2.62713e-16  4.79306e-18
       6473.5338  2.65111e-16  4.76223e-18
       6476.8972  2.64768e-16  4.73323e-18
       6480.2606  2.73891e-16  4.79403e-18
       6483.6239  2.73436e-16  4.75838e-18
       6486.9873  2.77168e-16  4.78219e-18
       6490.3507  2.79303e-16  4.82053e-18
       6493.7141  2.80211e-16  4.86232e-18
       6497.0774  2.80479e-16  4.87633e-18
       6500.4408  2.85186e-16  4.91926e-18
       6503.8042  2.83202e-16  4.89773e-18
       6507.1675  2.74784e-16  4.79946e-18
       6510.5309  2.75725e-16  4.77841e-18
       6513.8943  2.82888e-16  4.83162e-18
       6517.2577  2.85813e-16  4.84605e-18
       6520.6210  2.79354e-16  4.78296e-18
       6523.9844  2.70833e-16  4.75344e-18
       6527.3478  2.78656e-16  4.84077e-18
       6530.7111  2.77126e-16  4.83304e-18
       6534.0745  2.70333e-16  4.78662e-18
       6537.4379  2.77946e-16  4.84682e-18
       6540.8013  2.80265e-16  4.82147e-18
       6544.1646  2.74269e-16  4.78677e-18
       6547.5280  2.70049e-16  4.79932e-18
       6550.8914  2.71945e-16  4.79949e-18
       6554.2547  2.74481e-16  4.81031e-18
       6557.6181  2.72533e-16  4.79417e-18
       6560.9815  2.74995e-16  4.78168e-18
       6564.3448  2.83023e-16  4.82729e-18
       6567.7082  2.82182e-16  4.83637e-18
       6571.0716  2.79589e-16  4.83681e-18
       6574.4350  2.85706e-16  4.88316e-18
       6577.7983  2.83337e-16  4.86443e-18
       6581.1617  2.89163e-16  4.89833e-18
       6584.5251  2.92439e-16  4.89894e-18
       6587.8884  2.81957e-16  4.80507e-18
       6591.2518  2.83766e-16  4.81731e-18
       6594.6152  2.86477e-16  4.84279e-18
       6597.9786  2.89845e-16  4.88142e-18
       6601.3419  2.88326e-16  4.86416e-18
       6604.7053  2.88817e-16  4.84674e-18
       6608.0687  2.86034e-16  4.81713e-18
       6611.4320  2.84056e-16  4.79510e-18
       6614.7954  2.86917e-16  4.80388e-18
       6618.1588  2.80929e-16  4.76419e-18
       6621.5221  2.77357e-16  4.75222e-18
       6624.8855  2.73234e-16  4.72872e-18
       6628.2489  2.64539e-16  4.67725e-18
       6631.6123  2.61600e-16  4.66665e-18
       6634.9756  2.56766e-16  4.61746e-18
       6638.3390  2.49232e-16  4.55716e-18
       6641.7024  2.41130e-16  4.46800e-18
       6645.0657  2.41654e-16  4.46728e-18
       6648.4291  2.34411e-16  4.40931e-18
       6651.7925  2.27493e-16  4.35343e-18
       6655.1559  2.20197e-16  4.29852e-18
       6658.5192  2.10085e-16  4.22060e-18
       6661.8826  2.06407e-16  4.19577e-18
       6665.2460  1.99304e-16  4.14865e-18
       6668.6093  1.91184e-16  4.08818e-18
       6671.9727  1.94316e-16  4.10705e-18
       6675.3361  1.87332e-16  4.05038e-18
       6678.6994  1.87066e-16  4.03218e-18
       6682.0628  1.91083e-16  4.02229e-18
       6685.4262  1.93524e-16  4.05180e-18
       6688.7896  1.94693e-16  4.08269e-18
       6692.1529  2.01017e-16  4.13536e-18
       6695.5163  1.98446e-16  4.13989e-18
       6698.8797  1.98004e-16  4.12344e-18
       6702.2430  2.07963e-16  4.18021e-18
       6705.6064  2.09426e-16  4.18829e-18
       6708.9698  2.02050e-16  4.12754e-18
       6712.3332  2.00485e-16  4.11997e-18
       6715.6965  2.03660e-16  4.14451e-18
       6719.0599  2.01664e-16  4.12193e-18
       6722.4233  1.97742e-16  4.09425e-18
       6725.7866  2.06504e-16  4.16183e-18
       6729.1500  2.00335e-16  4.10338e-18
       6732.5134  2.04462e-16  4.13452e-18
       6735.8767  2.04489e-16  4.14120e-18
       6739.2401  2.02614e-16  4.13478e-18
       6742.6035  2.07098e-16  4.14832e-18
       6745.9669  2.06639e-16  4.14688e-18
       6749.3302  2.14434e-16  4.20033e-18
       6752.6936  2.16882e-16  4.21310e-18
       6756.0570  2.09772e-16  4.16763e-18
       6759.4203  2.11744e-16  4.18053e-18
       6762.7837  2.15615e-16  4.21355e-18
       6766.1471  2.14663e-16  4.20964e-18
       6769.5105  2.20965e-16  4.24169e-18
       6772.8738  2.30230e-16  4.31749e-18
       6776.2372  2.30444e-16  4.32480e-18
       6779.6006  2.29155e-16  4.32497e-18
       6782.9639  2.32718e-16  4.36147e-18
       6786.3273  2.37296e-16  4.36282e-18
       6789.6907  2.38162e-16  4.38644e-18
       6793.0540  2.41424e-16  4.41787e-18
       6796.4174  2.44121e-16  4.42356e-18
       6799.7808  2.47476e-16  4.44745e-18
       6803.1442  2.46484e-16  4.44060e-18
       6806.5075  2.43541e-16  4.42094e-18
       6809.8709  2.46325e-16  4.44399e-18
       6813.2343  2.47915e-16  4.45219e-18
       6816.5976  2.46027e-16  4.45353e-18
       6819.9610  2.44909e-16  4.49278e-18
       6823.3244  2.46869e-16  4.60056e-18
       6826.6878  2.41576e-16  4.62890e-18
       6830.0511  2.38228e-16  4.64017e-18
       6833.4145  2.25915e-16  4.58827e-18
       6836.7779  2.21615e-16  4.48037e-18
       6840.1412  2.28993e-16  4.45048e-18
       6843.5046  2.25638e-16  4.35495e-18
       6846.8680  2.15843e-16  4.24505e-18
       6850.2314  2.15629e-16  4.20979e-18
       6853.5947  2.14829e-16  4.22187e-18
       6856.9581  2.06182e-16  4.26092e-18
       6860.3215  1.98139e-16  4.24460e-18
       6863.6848  1.87691e-16  4.14675e-18
       6867.0482  1.72245e-16  4.00282e-18
       6870.4116  1.55330e-16  3.80648e-18
       6873.7749  1.43129e-16  3.58044e-18
       6877.1383  1.40182e-16  3.54474e-18
       6880.5017  1.55902e-16  3.70322e-18
       6883.8651  1.62530e-16  3.76798e-18
       6887.2284  1.61424e-16  3.77505e-18
       6890.5918  1.59841e-16  3.73043e-18
       6893.9552  1.58428e-16  3.72073e-18
       6897.3185  1.57914e-16  3.73901e-18
       6900.6819  1.59798e-16  3.73225e-18
       6904.0453  1.64998e-16  3.79802e-18
       6907.4087  1.68664e-16  3.87062e-18
       6910.7720  1.67198e-16  3.83648e-18
       6914.1354  1.66146e-16  3.87229e-18
       6917.4988  1.67558e-16  3.95567e-18
       6920.8621  1.71132e-16  3.95408e-18
       6924.2255  1.78869e-16  3.99000e-18
       6927.5889  1.78789e-16  3.97854e-18
       6930.9522  1.79782e-16  3.97721e-18
       6934.3156  1.82405e-16  3.98793e-18
       6937.6790  1.80572e-16  3.97433e-18
       6941.0424  1.81257e-16  4.04087e-18
       6944.4057  1.82302e-16  4.10439e-18
       6947.7691  1.77927e-16  4.04827e-18
       6951.1325  1.78075e-16  4.02942e-18
       6954.4958  1.81567e-16  4.04180e-18
       6957.8592  1.80729e-16  3.95619e-18
       6961.2226  1.85461e-16  3.96168e-18
       6964.5860  1.77525e-16  3.91465e-18
       6967.9493  1.75681e-16  3.91737e-18
       6971.3127  1.76075e-16  3.98199e-18
       6974.6761  1.75711e-16  4.00746e-18
       6978.0394  1.73097e-16  3.94716e-18
       6981.4028  1.69921e-16  3.91789e-18
       6984.7662  1.73711e-16  3.92349e-18
       6988.1295  1.73432e-16  3.86336e-18
       6991.4929  1.72415e-16  3.84073e-18
       6994.8563  1.79103e-16  3.90534e-18
       6998.2197  1.79706e-16  3.91434e-18
       7001.5830  1.78814e-16  3.91124e-18
       7004.9464  1.79698e-16  3.94776e-18
       7008.3098  1.75493e-16  3.93402e-18
       7011.6731  1.77289e-16  3.91455e-18
       7015.0365  1.78459e-16  3.89845e-18
       7018.3999  1.73139e-16  3.85145e-18
       7021.7633  1.77720e-16  3.87816e-18
       7025.1266  1.83370e-16  3.90710e-18
       7028.4900  1.82805e-16  3.91308e-18
       7031.8534  1.79500e-16  3.90884e-18
       7035.2167  1.84478e-16  3.95449e-18
       7038.5801  1.93616e-16  4.04073e-18
       7041.9435  1.95431e-16  4.07889e-18
       7045.3068  1.97781e-16  4.11165e-18
       7048.6702  1.94508e-16  4.10096e-18
       7052.0336  1.89023e-16  4.06058e-18
       7055.3970  1.94205e-16  4.08505e-18
       7058.7603  1.94708e-16  4.06504e-18
       7062.1237  1.88688e-16  4.00428e-18
       7065.4871  1.88798e-16  4.01381e-18
       7068.8504  1.85881e-16  4.01303e-18
       7072.2138  1.91915e-16  4.04549e-18
       7075.5772  1.93610e-16  4.04998e-18
       7078.9406  1.82384e-16  3.98406e-18
       7082.3039  1.81030e-16  3.97890e-18
       7085.6673  1.87074e-16  4.01568e-18
       7089.0307  1.84858e-16  3.99339e-18
       7092.3940  1.81654e-16  3.95722e-18
       7095.7574  1.79852e-16  3.91909e-18
       7099.1208  1.82782e-16  3.92414e-18
       7102.4842  1.80143e-16  3.90993e-18
       7105.8475  1.79803e-16  3.91851e-18
       7109.2109  1.75473e-16  3.88200e-18
       7112.5743  1.83753e-16  3.93488e-18
       7115.9376  1.79788e-16  3.90197e-18
       7119.3010  1.79985e-16  3.91474e-18
       7122.6644  1.83134e-16  3.94765e-18
       7126.0277  1.75041e-16  3.88114e-18
       7129.3911  1.77072e-16  3.89627e-18
       7132.7545  1.80396e-16  3.93156e-18
       7136.1179  1.79461e-16  3.93576e-18
       7139.4812  1.77404e-16  3.93672e-18
       7142.8446  1.74852e-16  3.90314e-18
       7146.2080  1.76578e-16  3.92347e-18
       7149.5713  1.71926e-16  3.89865e-18
       7152.9347  1.67369e-16  3.86215e-18
       7156.2981  1.67522e-16  3.83693e-18
       7159.6615  1.71314e-16  3.86864e-18
       7163.0248  1.75957e-16  3.91383e-18
       7166.3882  1.72907e-16  3.89068e-18
       7169.7516  1.67109e-16  3.83688e-18
       7173.1149  1.71053e-16  3.84712e-18
       7176.4783  1.72604e-16  3.87184e-18
       7179.8417  1.65212e-16  3.81124e-18
       7183.2050  1.66690e-16  3.80113e-18
       7186.5684  1.64594e-16  3.77911e-18
       7189.9318  1.64635e-16  3.78304e-18
       7193.2952  1.58615e-16  3.71462e-18
       7196.6585  1.54860e-16  3.65926e-18
       7200.0219  1.52754e-16  3.64448e-18
       7203.3853  1.49171e-16  3.62068e-18
       7206.7486  1.50748e-16  3.62374e-18
       7210.1120  1.52301e-16  3.64044e-18
       7213.4754  1.48729e-16  3.62938e-18
       7216.8388  1.48460e-16  3.62945e-18
       7220.2021  1.47067e-16  3.61771e-18
       7223.5655  1.40770e-16  3.57037e-18
       7226.9289  1.42863e-16  3.59282e-18
       7230.2922  1.44546e-16  3.73264e-18
       7233.6556  1.42625e-16  3.97327e-18
       7237.0190  1.47148e-16  4.25453e-18
       7240.3823  1.43861e-16  4.33663e-18
       7243.7457  1.39066e-16  4.31079e-18
       7247.1091  1.38937e-16  4.21347e-18
       7250.4725  1.42120e-16  4.04693e-18
       7253.8358  1.48818e-16  3.88581e-18
       7257.1992  1.52633e-16  3.78916e-18
       7260.5626  1.50197e-16  3.75363e-18
       7263.9259  1.49677e-16  3.75460e-18
       7267.2893  1.54097e-16  3.96894e-18
       7270.6527  1.59953e-16  4.21614e-18
       7274.0161  1.62684e-16  4.28744e-18
       7277.3794  1.53664e-16  4.31407e-18
       7280.7428  1.53470e-16  4.36817e-18
       7284.1062  1.64594e-16  4.21198e-18
       7287.4695  1.64748e-16  4.06138e-18
       7290.8329  1.65427e-16  4.01530e-18
       7294.1963  1.70729e-16  4.01357e-18
       7297.5596  1.68300e-16  4.02020e-18
       7300.9230  1.70504e-16  4.01043e-18
       7304.2864  1.77581e-16  4.07361e-18
       7307.6498  1.74297e-16  4.16751e-18
       7311.0131  1.76929e-16  4.29710e-18
       7314.3765  1.76924e-16  4.24721e-18
       7317.7399  1.70584e-16  4.19716e-18
       7321.1032  1.70634e-16  4.29968e-18
       7324.4666  1.75719e-16  4.17903e-18
       7327.8300  1.81601e-16  4.09191e-18
       7331.1934  1.76432e-16  4.22560e-18
       7334.5567  1.70612e-16  4.35911e-18
       7337.9201  1.77584e-16  4.38310e-18
       7341.2835  1.79022e-16  4.34710e-18
       7344.6468  1.74037e-16  4.32305e-18
       7348.0102  1.80228e-16  4.26882e-18
       7351.3736  1.75231e-16  4.08129e-18
       7354.7369  1.73594e-16  4.06359e-18
       7358.1003  1.72643e-16  4.07544e-18
       7361.4637  1.67961e-16  4.25744e-18
       7364.8271  1.66426e-16  4.29927e-18
       7368.1904  1.75784e-16  4.28248e-18
       7371.5538  1.73156e-16  4.23869e-18
       7374.9172  1.67087e-16  4.13890e-18
       7378.2805  1.73512e-16  4.00021e-18
       7381.6439  1.74181e-16  3.90858e-18
       7385.0073  1.67252e-16  3.93961e-18
       7388.3707  1.69363e-16  3.96411e-18
       7391.7340  1.70888e-16  4.02358e-18
       7395.0974  1.70071e-16  4.19221e-18
       7398.4608  1.76474e-16  4.23591e-18
       7401.8241  1.85288e-16  4.18851e-18
       7405.1875  1.75018e-16  4.12851e-18
       7408.5509  1.74511e-16  4.05318e-18
       7411.9143  1.76914e-16  3.94148e-18
       7415.2776  1.71162e-16  3.86796e-18
       7418.6410  1.68042e-16  3.87013e-18
       7422.0044  1.72440e-16  3.93309e-18
       7425.3677  1.75340e-16  3.98680e-18
       7428.7311  1.70349e-16  3.98403e-18
       7432.0945  1.69577e-16  4.04611e-18
       7435.4578  1.70311e-16  4.04975e-18
       7438.8212  1.76697e-16  4.04859e-18
       7442.1846  1.74782e-16  4.02291e-18
       7445.5480  1.67253e-16  3.89317e-18
       7448.9113  1.65294e-16  3.82732e-18
       7452.2747  1.67510e-16  3.84218e-18
       7455.6381  1.68509e-16  3.87043e-18
       7459.0014  1.67092e-16  3.89647e-18
       7462.3648  1.62888e-16  3.91545e-18
       7465.7282  1.58418e-16  3.92551e-18
       7469.0916  1.58180e-16  3.94354e-18
       7472.4549  1.59866e-16  3.99568e-18
       7475.8183  1.57530e-16  4.00156e-18
       7479.1817  1.49105e-16  3.90790e-18
       7482.5450  1.45961e-16  3.82341e-18
       7485.9084  1.35793e-16  3.71465e-18
       7489.2718  1.30016e-16  3.57810e-18
       7492.6351  1.25527e-16  3.48256e-18
       7495.9985  1.24830e-16  3.44861e-18
       7499.3619  1.19436e-16  3.37706e-18
       7502.7253  1.08004e-16  3.25511e-18
       7506.0886  1.03749e-16  3.19166e-18
       7509.4520  1.00560e-16  3.18551e-18
       7512.8154  9.78375e-17  3.19048e-18
       7516.1787  8.95563e-17  3.24535e-18
       7519.5421  8.84797e-17  3.30705e-18
       7522.9055  8.24652e-17  3.31081e-18
       7526.2689  7.46333e-17  3.23767e-18
       7529.6322  7.72512e-17  3.18376e-18
       7532.9956  7.66059e-17  3.03024e-18
       7536.3590  7.37045e-17  2.90716e-18
       7539.7223  6.93913e-17  2.81444e-18
       7543.0857  6.15861e-17  2.69278e-18
       7546.4491  5.88007e-17  2.67486e-18
       7549.8124  5.87601e-17  2.69233e-18
       7553.1758  5.90110e-17  2.71323e-18
       7556.5392  5.80038e-17  2.69718e-18
       7559.9026  5.91264e-17  2.72008e-18
       7563.2659  5.53534e-17  2.80255e-18
       7566.6293  5.49390e-17  2.80300e-18
       7569.9927  5.13716e-17  2.77976e-18
       7573.3560  5.20895e-17  2.76827e-18
       7576.7194  5.43568e-17  2.77733e-18
       7580.0828  4.87233e-17  2.63945e-18
       7583.4462  4.49651e-17  2.48424e-18
       7586.8095  4.66959e-17  2.53261e-18
       7590.1729  4.27538e-17  2.46558e-18
       7593.5363  3.81150e-17  2.30838e-18
       7596.8996  3.23214e-17  2.08674e-18
       7600.2630  2.06648e-17  1.85022e-18
       7603.6264  1.53358e-17  1.69890e-18
       7606.9897  1.38660e-17  1.65997e-18
       7610.3531  1.49296e-17  1.75525e-18
       7613.7165  2.16057e-17  1.97045e-18
       7617.0799  2.66155e-17  2.13519e-18
       7620.4432  3.11332e-17  2.25820e-18
       7623.8066  3.36204e-17  2.30504e-18
       7627.1700  2.87759e-17  2.17933e-18
       7630.5333  2.92585e-17  2.13535e-18
       7633.8967  2.68201e-17  2.09714e-18
       7637.2601  2.57357e-17  2.03661e-18
       7640.6235  2.83549e-17  2.07297e-18
       7643.9868  3.65810e-17  2.25455e-18
       7647.3502  4.08127e-17  2.34922e-18
       7650.7136  4.60963e-17  2.41691e-18
       7654.0769  5.31421e-17  2.57187e-18
       7657.4403  5.52449e-17  2.65749e-18
       7660.8037  5.86330e-17  2.69101e-18
       7664.1671  6.58420e-17  2.77640e-18
       7667.5304  7.11239e-17  2.81850e-18
       7670.8938  7.98158e-17  2.89012e-18
       7674.2572  8.45482e-17  2.95777e-18
       7677.6205  9.59417e-17  3.11664e-18
       7680.9839  9.92484e-17  3.18126e-18
       7684.3473  1.07251e-16  3.27979e-18
       7687.7106  1.10410e-16  3.34071e-18
       7691.0740  1.13236e-16  3.39813e-18
       7694.4374  1.21501e-16  3.49187e-18
       7697.8008  1.28862e-16  3.54273e-18
       7701.1641  1.30007e-16  3.61430e-18
       7704.5275  1.29560e-16  3.87144e-18
       7707.8909  1.34427e-16  4.22508e-18
       7711.2542  1.37152e-16  4.42600e-18
       7714.6176  1.45377e-16  4.54750e-18
       7717.9810  1.53661e-16  4.61198e-18
       7721.3444  1.49449e-16  4.39045e-18
       7724.7077  1.50814e-16  4.06149e-18
       7728.0711  1.52478e-16  3.91487e-18
       7731.4345  1.55279e-16  3.89825e-18
       7734.7978  1.56596e-16  3.85178e-18
       7738.1612  1.53666e-16  3.86227e-18
       7741.5246  1.55941e-16  4.08936e-18
       7744.8879  1.63186e-16  4.36629e-18
       7748.2513  1.69123e-16  4.45195e-18
       7751.6147  1.67885e-16  4.55811e-18
       7754.9781  1.64173e-16  4.58334e-18
       7758.3414  1.69798e-16  4.30000e-18
       7761.7048  1.71014e-16  4.10686e-18
       7765.0682  1.68489e-16  4.09720e-18
       7768.4315  1.70077e-16  4.05534e-18
       7771.7949  1.75335e-16  4.09487e-18
       7775.1583  1.78990e-16  4.19665e-18
       7778.5217  1.74742e-16  4.13685e-18
       7781.8850  1.68160e-16  4.10519e-18
       7785.2484  1.68274e-16  4.26924e-18
       7788.6118  1.65780e-16  4.33913e-18
       7791.9751  1.72944e-16  4.35763e-18
       7795.3385  1.71222e-16  4.32654e-18
       7798.7019  1.68518e-16  4.33739e-18
       7802.0652  1.75126e-16  4.26793e-18
       7805.4286  1.82887e-16  4.23435e-18
       7808.7920  1.77132e-16  4.20973e-18
       7812.1554  1.74677e-16  4.39836e-18
       7815.5187  1.77188e-16  4.60052e-18
       7818.8821  1.76635e-16  4.51638e-18
       7822.2455  1.84603e-16  4.56576e-18
       7825.6088  1.76649e-16  4.45649e-18
       7828.9722  1.82518e-16  4.30293e-18
       7832.3356  1.88153e-16  4.23075e-18
       7835.6990  1.87215e-16  4.23459e-18
       7839.0623  1.79201e-16  4.22026e-18
       7842.4257  1.81139e-16  4.39931e-18
       7845.7891  1.86688e-16  4.69665e-18
       7849.1524  1.82732e-16  4.77180e-18
       7852.5158  1.85428e-16  4.79001e-18
       7855.8792  1.91480e-16  4.90068e-18
       7859.2425  1.86733e-16  4.81528e-18
       7862.6059  1.94810e-16  4.68467e-18
       7865.9693  1.89047e-16  4.56935e-18
       7869.3327  1.94347e-16  4.53774e-18
       7872.6960  1.93678e-16  4.61826e-18
       7876.0594  1.94593e-16  4.58366e-18
       7879.4228  1.91406e-16  4.55852e-18
       7882.7861  1.84536e-16  4.60778e-18
       7886.1495  1.84355e-16  4.59953e-18
       7889.5129  1.86942e-16  4.53113e-18
       7892.8763  1.89105e-16  4.50147e-18
       7896.2396  1.93794e-16  4.42767e-18
       7899.6030  1.89467e-16  4.21929e-18
       7902.9664  1.79091e-16  4.22780e-18
       7906.3297  1.72614e-16  4.53123e-18
       7909.6931  1.69671e-16  4.62595e-18
       7913.0565  1.71257e-16  4.75088e-18
       7916.4198  1.74864e-16  4.84975e-18
       7919.7832  1.68082e-16  4.64432e-18
       7923.1466  1.56216e-16  4.40179e-18
       7926.5100  1.51809e-16  4.27306e-18
       7929.8733  1.52631e-16  4.13873e-18
       7933.2367  1.50759e-16  4.07966e-18
       7936.6001  1.44049e-16  3.98975e-18
       7939.9634  1.40090e-16  3.86268e-18
       7943.3268  1.37899e-16  3.85030e-18
       7946.6902  1.38445e-16  3.84925e-18
       7950.0536  1.38514e-16  3.83401e-18
       7953.4169  1.35977e-16  3.88625e-18
       7956.7803  1.34497e-16  4.02949e-18
       7960.1437  1.31488e-16  4.08337e-18
       7963.5070  1.22202e-16  4.00770e-18
       7966.8704  1.16216e-16  4.02610e-18
       7970.2338  1.18839e-16  4.07540e-18
       7973.5972  1.17475e-16  3.89414e-18
       7976.9605  1.16314e-16  3.76817e-18
       7980.3239  1.10295e-16  3.75098e-18
       7983.6873  1.07128e-16  3.91417e-18
       7987.0506  1.10131e-16  4.01620e-18
       7990.4140  1.12134e-16  3.99671e-18
       7993.7774  1.04775e-16  3.92971e-18
       7997.1407  9.72685e-17  3.84708e-18
       8000.5041  9.50337e-17  3.58152e-18
       8003.8675  9.32527e-17  3.31942e-18
       8007.2309  9.45513e-17  3.41547e-18
       8010.5942  9.27328e-17  3.43428e-18
       8013.9576  8.27583e-17  3.40913e-18
       8017.3210  8.62221e-17  3.69873e-18
       8020.6843  8.03466e-17  3.70871e-18
       8024.0477  7.57529e-17  3.59030e-18
       8027.4111  6.91048e-17  3.47511e-18
       8030.7745  6.86129e-17  3.39026e-18
       8034.1378  6.52178e-17  3.09349e-18
       8037.5012  5.59740e-17  2.77409e-18
       8040.8646  5.64760e-17  2.81621e-18
       8044.2279  5.57548e-17  2.85828e-18
       8047.5913  4.88367e-17  2.76382e-18
       8050.9547  4.59096e-17  2.79015e-18
       8054.3180  4.72802e-17  2.98612e-18
       8057.6814  3.82641e-17  2.90358e-18
       8061.0448  3.67095e-17  2.79138e-18
       8064.4082  3.84562e-17  2.78324e-18
       8067.7715  3.57224e-17  2.66647e-18
       8071.1349  3.18350e-17  2.44558e-18
       8074.4983  2.97037e-17  2.33839e-18
       8077.8616  3.00393e-17  2.37074e-18
       8081.2250  3.00174e-17  2.38422e-18
       8084.5884  2.76756e-17  2.36627e-18
       8087.9518  2.76566e-17  2.41059e-18
       8091.3151  2.55702e-17  2.40208e-18
       8094.6785  2.11322e-17  2.42737e-18
       8098.0419  1.97212e-17  2.43531e-18
       8101.4052  2.23064e-17  2.42022e-18
       8104.7686  2.17641e-17  2.36818e-18
       8108.1320  1.92804e-17  2.27597e-18
       8111.4953  1.96896e-17  2.20586e-18
       8114.8587  2.18919e-17  2.20915e-18
       8118.2221  2.26658e-17  2.21750e-18
       8121.5855  1.68915e-17  2.11741e-18
       8124.9488  2.10789e-17  2.17025e-18
       8128.3122  2.15945e-17  2.21277e-18
       8131.6756  1.90988e-17  2.23909e-18
       8135.0389  1.96918e-17  2.27822e-18
       8138.4023  1.80398e-17  2.27345e-18
       8141.7657  1.67484e-17  2.25867e-18
       8145.1291  1.84725e-17  2.26472e-18
       8148.4924  1.84284e-17  2.22754e-18
       8151.8558  1.91556e-17  2.18620e-18
       8155.2192  2.15334e-17  2.20276e-18
       8158.5825  1.92323e-17  2.13462e-18
       8161.9459  1.75375e-17  2.08693e-18
       8165.3093  1.61864e-17  2.08226e-18
       8168.6726  1.51846e-17  2.05940e-18
       8172.0360  2.01564e-17  2.15360e-18
       8175.3994  2.12667e-17  2.22874e-18
       8178.7628  1.75448e-17  2.21357e-18
       8182.1261  1.93655e-17  2.26903e-18
       8185.4895  2.13652e-17  2.36159e-18
       8188.8529  1.79479e-17  2.36644e-18
       8192.2162  1.81113e-17  2.33722e-18
       8195.5796  1.76282e-17  2.32317e-18
       8198.9430  1.90571e-17  2.33449e-18
       8202.3064  1.93424e-17  2.25407e-18
       8205.6697  1.89727e-17  2.21112e-18
       8209.0331  1.81678e-17  2.17294e-18
       8212.3965  1.89533e-17  2.15333e-18
       8215.7598  1.83361e-17  2.12823e-18
       8219.1232  1.71467e-17  2.10308e-18
       8222.4866  2.06533e-17  2.18136e-18
       8225.8499  2.00949e-17  2.18740e-18
       8229.2133  1.82470e-17  2.14829e-18
       8232.5767  2.02930e-17  2.17702e-18
       8235.9401  1.59610e-17  2.13983e-18
       8239.3034  1.81873e-17  2.22284e-18
       8242.6668  1.74974e-17  2.19783e-18
       8246.0302  1.84450e-17  2.20878e-18
       8249.3935  2.17544e-17  2.28561e-18
       8252.7569  2.08659e-17  2.25374e-18
       8256.1203  2.18125e-17  2.24656e-18
       8259.4837  2.31936e-17  2.27625e-18
       8262.8470  2.49187e-17  2.29892e-18
       8266.2104  2.50338e-17  2.33923e-18
       8269.5738  2.39503e-17  2.52818e-18
       8272.9371  2.17562e-17  2.93225e-18
       8276.3005  1.81029e-17  3.19216e-18
       8279.6639  2.03747e-17  3.50171e-18
       8283.0273  2.57650e-17  3.73452e-18
       8286.3906  2.51915e-17  3.74163e-18
       8289.7540  2.09631e-17  3.78805e-18
       8293.1174  2.02991e-17  3.71972e-18
       8296.4807  2.06148e-17  3.43133e-18
       8299.8441  1.51954e-17  3.25942e-18
       8303.2075  2.18323e-17  3.26626e-18
       8306.5708  2.68685e-17  2.94661e-18
       8309.9342  2.51480e-17  2.69506e-18
       8313.2976  2.04206e-17  2.56900e-18
       8316.6610  2.17307e-17  2.47218e-18
       8320.0243  2.40330e-17  2.37486e-18
       8323.3877  2.10226e-17  2.27280e-18
       8326.7511  2.18368e-17  2.28073e-18
       8330.1144  2.49498e-17  2.42729e-18
       8333.4778  2.62189e-17  2.95246e-18
       8336.8412  2.53296e-17  3.76526e-18
       8340.2046  2.63281e-17  4.01293e-18
       8343.5679  2.79005e-17  4.25181e-18
       8346.9313  2.39459e-17  4.33268e-18
       8350.2947  2.38686e-17  3.89903e-18
       8353.6580  2.96450e-17  3.41538e-18
       8357.0214  2.87243e-17  3.17172e-18
       8360.3848  2.57815e-17  2.94931e-18
       8363.7481  3.05282e-17  2.80715e-18
       8367.1115  2.84758e-17  2.73117e-18
       8370.4749  2.95475e-17  2.76022e-18
       8373.8383  3.43562e-17  2.92917e-18
       8377.2016  3.46019e-17  3.00315e-18
       8380.5650  3.05005e-17  2.93801e-18
       8383.9284  2.73403e-17  2.90300e-18
       8387.2917  2.86681e-17  3.10775e-18
       8390.6551  3.10194e-17  3.46858e-18
       8394.0185  2.77166e-17  3.63407e-18
       8397.3819  2.62604e-17  3.62100e-18
       8400.7452  3.61198e-17  3.71892e-18
       8404.1086  3.48865e-17  3.62032e-18
       8407.4720  3.65306e-17  3.31170e-18
       8410.8353  3.56035e-17  3.10765e-18
       8414.1987  3.57043e-17  3.13685e-18
       8417.5621  4.22571e-17  3.38523e-18
       8420.9254  3.91325e-17  3.76126e-18
       8424.2888  3.45152e-17  4.02267e-18
       8427.6522  3.86056e-17  4.01400e-18
       8431.0156  3.22617e-17  3.93003e-18
       8434.3789  3.85143e-17  3.81316e-18
       8437.7423  4.33292e-17  3.26322e-18
       8441.1057  4.47677e-17  2.94432e-18
       8444.4690  4.35660e-17  3.12120e-18
       8447.8324  4.56236e-17  3.28553e-18
       8451.1958  4.63663e-17  3.30698e-18
       8454.5592  4.94213e-17  3.64977e-18
       8457.9225  5.15256e-17  3.99914e-18
       8461.2859  4.90592e-17  3.89250e-18
       8464.6493  5.40230e-17  3.88612e-18
       8468.0126  5.32713e-17  3.87270e-18
       8471.3760  5.33043e-17  3.53488e-18
       8474.7394  5.41933e-17  3.04314e-18
       8478.1027  5.48693e-17  2.90653e-18
       8481.4661  5.57416e-17  3.00197e-18
       8484.8295  5.78772e-17  3.21227e-18
       8488.1929  6.20712e-17  3.38727e-18
       8491.5562  6.34791e-17  3.46578e-18
       8494.9196  6.38395e-17  3.70214e-18
       8498.2830  6.98046e-17  3.96180e-18
       8501.6463  6.93931e-17  3.83213e-18
       8505.0097  6.84243e-17  3.77084e-18
       8508.3731  7.01247e-17  3.73531e-18
       8511.7365  7.35495e-17  3.50278e-18
       8515.0998  7.49083e-17  3.29496e-18
       8518.4632  7.72613e-17  3.28915e-18
       8521.8266  7.38034e-17  3.25185e-18
       8525.1899  7.41170e-17  3.25221e-18
       8528.5533  8.53689e-17  3.45423e-18
       8531.9167  8.21244e-17  3.49792e-18
       8535.2801  8.16358e-17  3.52703e-18
       8538.6434  9.04654e-17  3.76399e-18
       8542.0068  8.72149e-17  3.84131e-18
       8545.3702  8.74756e-17  3.78931e-18
       8548.7335  8.66849e-17  3.74502e-18
       8552.0969  8.78287e-17  3.73269e-18
       8555.4603  8.94827e-17  3.62031e-18
       8558.8236  8.87146e-17  3.47653e-18
       8562.1870  9.39734e-17  3.50719e-18
       8565.5504  9.84841e-17  3.58724e-18
       8568.9138  1.00935e-16  3.65366e-18
       8572.2771  1.02381e-16  3.68798e-18
       8575.6405  1.02664e-16  3.69541e-18
       8579.0039  1.01006e-16  3.71795e-18
       8582.3672  1.03381e-16  3.76138e-18
       8585.7306  1.12222e-16  3.87971e-18
       8589.0940  1.20625e-16  4.03641e-18
       8592.4574  1.21339e-16  4.09400e-18
       8595.8207  1.19903e-16  4.07272e-18
       8599.1841  1.24212e-16  4.09027e-18
       8602.5475  1.25249e-16  4.14190e-18
       8605.9108  1.32476e-16  4.27768e-18
       8609.2742  1.34403e-16  4.53264e-18
       8612.6376  1.32922e-16  4.84674e-18
       8616.0009  1.34419e-16  5.16370e-18
       8619.3643  1.45449e-16  5.55625e-18
       8622.7277  1.48995e-16  5.83918e-18
       8626.0911  1.43113e-16  5.88319e-18
       8629.4544  1.53320e-16  5.90159e-18
       8632.8178  1.55012e-16  5.72956e-18
       8636.1812  1.46678e-16  5.38277e-18
       8639.5445  1.49780e-16  5.25749e-18
       8642.9079  1.58326e-16  5.30297e-18
       8646.2713  1.64772e-16  5.45436e-18
       8649.6347  1.67428e-16  5.67522e-18
       8652.9980  1.66861e-16  5.90979e-18
       8656.3614  1.65467e-16  6.03635e-18
       8659.7248  1.62325e-16  5.99466e-18
       8663.0881  1.61266e-16  5.96919e-18
       8666.4515  1.69681e-16  5.95535e-18
       8669.8149  1.64253e-16  5.70520e-18
       8673.1782  1.76050e-16  5.63526e-18
       8676.5416  1.78577e-16  5.45140e-18
       8679.9050  1.77093e-16  5.23923e-18
       8683.2684  1.77519e-16  5.10493e-18
       8686.6317  1.79606e-16  5.02366e-18
       8689.9951  1.82765e-16  4.98112e-18
       8693.3585  1.82269e-16  4.90733e-18
       8696.7218  1.89304e-16  4.88917e-18
       8700.0852  1.87486e-16  4.88977e-18
       8703.4486  1.88681e-16  4.88786e-18
       8706.8120  1.86825e-16  4.81554e-18
       8710.1753  1.89345e-16  4.78626e-18
       8713.5387  1.91999e-16  4.79217e-18
       8716.9021  1.87955e-16  4.74338e-18
       8720.2654  1.83146e-16  4.68644e-18
       8723.6288  1.84945e-16  4.71063e-18
       8726.9922  1.89024e-16  4.74361e-18
       8730.3555  1.86804e-16  4.70870e-18
       8733.7189  1.88528e-16  4.72741e-18
       8737.0823  1.79661e-16  4.66898e-18
       8740.4457  1.73114e-16  4.62426e-18
       8743.8090  1.76728e-16  4.66911e-18
       8747.1724  1.70007e-16  4.68510e-18
       8750.5358  1.62966e-16  4.93534e-18
       8753.8991  1.64613e-16  5.40001e-18
       8757.2625  1.63387e-16  5.76518e-18
       8760.6259  1.75182e-16  6.29293e-18
       8763.9893  1.60331e-16  6.28580e-18
       8767.3526  1.51131e-16  6.18208e-18
       8770.7160  1.66580e-16  6.27739e-18
       8774.0794  1.61382e-16  5.99351e-18
       8777.4427  1.45161e-16  5.53437e-18
       8780.8061  1.47191e-16  5.42056e-18
       8784.1695  1.49853e-16  5.25068e-18
       8787.5328  1.43260e-16  4.81263e-18
       8790.8962  1.45835e-16  4.71554e-18
       8794.2596  1.43346e-16  4.63354e-18
       8797.6230  1.41771e-16  4.50048e-18
       8800.9863  1.47389e-16  4.38106e-18
       8804.3497  1.40842e-16  4.26615e-18
       8807.7131  1.30485e-16  4.15315e-18
       8811.0764  1.27176e-16  4.14076e-18
       8814.4398  1.31222e-16  4.46258e-18
       8817.8032  1.31853e-16  5.19139e-18
       8821.1666  1.20172e-16  5.83712e-18
       8824.5299  1.18868e-16  5.99330e-18
       8827.8933  1.18726e-16  6.26894e-18
       8831.2567  1.14512e-16  6.19546e-18
       8834.6200  1.24625e-16  5.62578e-18
       8837.9834  1.25348e-16  5.07547e-18
       8841.3468  1.22672e-16  4.82942e-18
       8844.7102  1.27230e-16  4.62062e-18
       8848.0735  1.26462e-16  4.38642e-18
       8851.4369  1.22206e-16  4.34996e-18
       8854.8003  1.20016e-16  4.37123e-18
       8858.1636  1.24090e-16  4.50982e-18
       8861.5270  1.30583e-16  4.71856e-18
       8864.8904  1.30760e-16  4.77637e-18
       8868.2537  1.26527e-16  4.72152e-18
       8871.6171  1.22656e-16  4.61098e-18
       8874.9805  1.31476e-16  4.82350e-18
       8878.3439  1.40266e-16  5.29796e-18
       8881.7072  1.29407e-16  5.43046e-18
       8885.0706  1.26533e-16  5.41345e-18
       8888.4340  1.34950e-16  5.46970e-18
       8891.7973  1.34410e-16  5.27665e-18
       8895.1607  1.31536e-16  4.99674e-18
       8898.5241  1.34353e-16  4.91655e-18
       8901.8875  1.39875e-16  4.96961e-18
       8905.2508  1.35542e-16  4.95055e-18
       8908.6142  1.31068e-16  5.11946e-18
       8911.9776  1.37248e-16  5.57294e-18
       8915.3409  1.37667e-16  5.77644e-18
       8918.7043  1.44875e-16  5.87088e-18
       8922.0677  1.46758e-16  5.78990e-18
       8925.4310  1.42353e-16  5.45491e-18
       8928.7944  1.36494e-16  4.77342e-18
       8932.1578  1.35539e-16  4.50084e-18
       8935.5212  1.38122e-16  4.73523e-18
       8938.8845  1.37361e-16  4.85633e-18
       8942.2479  1.36351e-16  4.83634e-18
       8945.6113  1.38261e-16  4.98065e-18
       8948.9746  1.31350e-16  5.22335e-18
       8952.3380  1.30906e-16  5.42431e-18
       8955.7014  1.33660e-16  5.41833e-18
       8959.0648  1.31183e-16  5.35204e-18
       8962.4281  1.24228e-16  5.17732e-18
       8965.7915  1.19355e-16  4.67889e-18
       8969.1549  1.15328e-16  4.16929e-18
       8972.5182  1.13423e-16  4.08140e-18
       8975.8816  1.18313e-16  4.17433e-18
       8979.2450  1.14511e-16  4.25578e-18
       8982.6083  1.07684e-16  4.35622e-18
       8985.9717  1.01891e-16  4.33628e-18
       8989.3351  9.80659e-17  4.36632e-18
       8992.6985  9.08114e-17  4.58427e-18
       8996.0618  8.80823e-17  4.70327e-18
       8999.4252  9.53741e-17  4.63478e-18
       9002.7886  1.00265e-16  4.57915e-18
       9006.1519  9.43769e-17  4.39188e-18
       9009.5153  8.43594e-17  3.96598e-18
       9012.8787  8.45104e-17  3.61422e-18
       9016.2421  8.19170e-17  3.50326e-18
       9019.6054  8.38853e-17  3.55325e-18
       9022.9688  8.06536e-17  3.52899e-18
       9026.3322  7.85191e-17  3.56945e-18
       9029.6955  7.93050e-17  3.70116e-18
       9033.0589  7.25461e-17  3.70288e-18
       9036.4223  7.12890e-17  3.71171e-18
       9039.7856  6.83437e-17  3.79087e-18
       9043.1490  6.76707e-17  3.96991e-18
       9046.5124  6.57667e-17  3.92231e-18
       9049.8758  6.52669e-17  3.90900e-18
       9053.2391  6.93254e-17  3.87918e-18
       9056.6025  6.71684e-17  3.65142e-18
       9059.9659  5.85567e-17  3.34867e-18
       9063.3292  5.51488e-17  3.15910e-18
       9066.6926  5.44410e-17  3.14778e-18
       9070.0560  5.95455e-17  3.23026e-18
       9073.4194  6.11847e-17  3.23747e-18
       9076.7827  5.71205e-17  3.18059e-18
       9080.1461  5.68971e-17  3.16956e-18
       9083.5095  5.99868e-17  3.24694e-18
       9086.8728  5.45978e-17  3.23617e-18
       9090.2362  5.06701e-17  3.22623e-18
       9093.5996  5.53183e-17  3.38096e-18
       9096.9629  4.79839e-17  3.38391e-18
       9100.3263  5.57703e-17  3.44618e-18
       9103.6897  6.09234e-17  3.48595e-18
       9107.0531  5.51017e-17  3.37602e-18
       9110.4164  5.35773e-17  3.25758e-18
       9113.7798  5.41563e-17  3.15475e-18
       9117.1432  5.45226e-17  3.11283e-18
       9120.5065  5.66228e-17  3.14576e-18
       9123.8699  5.57765e-17  3.13959e-18
       9127.2333  6.00159e-17  3.19892e-18
       9130.5967  6.31531e-17  3.26287e-18
       9133.9600  6.22978e-17  3.25067e-18
       9137.3234  6.53192e-17  3.28186e-18
       9140.6868  6.27158e-17  3.29171e-18
       9144.0501  6.15970e-17  3.35105e-18
       9147.4135  6.96227e-17  3.51057e-18
       9150.7769  6.95715e-17  3.55830e-18
       9154.1403  6.25112e-17  3.53208e-18
       9157.5036  7.20042e-17  3.69563e-18
       9160.8670  6.84934e-17  3.57403e-18
       9164.2304  6.99747e-17  3.55570e-18
       9167.5937  7.74538e-17  3.64753e-18
       9170.9571  7.77790e-17  3.55692e-18
       9174.3205  7.62815e-17  3.47389e-18
       9177.6838  7.70618e-17  3.49600e-18
       9181.0472  7.65695e-17  3.46729e-18
       9184.4106  8.21547e-17  3.58455e-18
       9187.7740  8.52778e-17  3.65902e-18
       9191.1373  8.57796e-17  3.69647e-18
       9194.5007  8.11252e-17  3.63874e-18
       9197.8641  8.30929e-17  3.60509e-18
       9201.2274  8.60216e-17  3.64499e-18
       9204.5908  8.71654e-17  3.72362e-18
       9207.9542  8.81004e-17  3.75983e-18
       9211.3176  8.48514e-17  3.74466e-18
       9214.6809  9.11713e-17  3.86374e-18
       9218.0443  9.18845e-17  3.90858e-18
       9221.4077  9.21031e-17  3.95815e-18
       9224.7710  9.00552e-17  3.92642e-18
       9228.1344  9.08589e-17  3.85908e-18
       9231.4978  8.77004e-17  3.78940e-18
       9234.8611  8.35964e-17  3.73502e-18
       9238.2245  9.00430e-17  3.76560e-18
       9241.5879  9.26858e-17  3.82811e-18
       9244.9513  9.26613e-17  3.87208e-18
       9248.3146  9.17646e-17  3.86885e-18
       9251.6780  9.29505e-17  3.86187e-18
       9255.0414  8.52464e-17  3.76076e-18
       9258.4047  8.24508e-17  3.73019e-18
       9261.7681  8.95859e-17  3.80736e-18
       9265.1315  8.82751e-17  3.78061e-18
       9268.4949  8.21200e-17  3.69278e-18
       9271.8582  8.69333e-17  3.71944e-18
       9275.2216  8.69671e-17  3.75105e-18
       9278.5850  8.17398e-17  3.73291e-18
       9281.9483  8.25689e-17  3.75156e-18
       9285.3117  8.57968e-17  3.82518e-18
       9288.6751  8.65203e-17  3.88148e-18
       9292.0384  8.60871e-17  3.88883e-18
       9295.4018  8.51540e-17  3.99833e-18
       9298.7652  8.57280e-17  4.44958e-18
       9302.1286  8.47055e-17  5.14146e-18
       9305.4919  7.21113e-17  5.67629e-18
       9308.8553  8.28078e-17  6.24588e-18
       9312.2187  7.50145e-17  6.31272e-18
       9315.5820  6.66641e-17  6.26123e-18
       9318.9454  7.29704e-17  6.24995e-18
       9322.3088  6.59230e-17  5.77476e-18
       9325.6722  6.77761e-17  5.29729e-18
       9329.0355  7.38131e-17  5.10632e-18
       9332.3989  7.04814e-17  4.82187e-18
       9335.7623  7.29353e-17  4.42344e-18
       9339.1256  7.38121e-17  4.15605e-18
       9342.4890  6.32017e-17  3.94042e-18
       9345.8524  5.70910e-17  3.75292e-18
       9349.2157  6.39299e-17  3.65342e-18
       9352.5791  6.68635e-17  3.58733e-18
       9355.9425  6.57123e-17  3.64514e-18
       9359.3059  6.97586e-17  3.67407e-18
       9362.6692  6.31225e-17  3.63245e-18
       9366.0326  6.18280e-17  4.07544e-18
       9369.3960  6.66116e-17  5.14907e-18
       9372.7593  6.56355e-17  5.90529e-18
       9376.1227  6.58194e-17  6.03257e-18
       9379.4861  7.25690e-17  6.14277e-18
       9382.8495  6.97019e-17  5.88711e-18
       9386.2128  6.42330e-17  5.06066e-18
       9389.5762  7.56275e-17  4.40030e-18
       9392.9396  7.88142e-17  4.23284e-18
       9396.3029  8.14677e-17  4.28757e-18
       9399.6663  7.75818e-17  4.19681e-18
       9403.0297  6.78690e-17  4.07488e-18
       9406.3931  7.02946e-17  4.09565e-18
       9409.7564  7.17003e-17  4.08217e-18
       9413.1198  7.61513e-17  4.25747e-18
       9416.4832  7.52984e-17  4.38501e-18
       9419.8465  7.36707e-17  4.36109e-18
       9423.2099  7.42323e-17  4.37445e-18
       9426.5733  6.83992e-17  4.24809e-18
       9429.9366  6.28644e-17  4.16117e-18
       9433.3000  7.07086e-17  4.63841e-18
       9436.6634  7.63750e-17  5.26574e-18
       9440.0268  6.68071e-17  5.30739e-18
       9443.3901  6.73959e-17  5.29375e-18
       9446.7535  6.86316e-17  5.08954e-18
       9450.1169  6.82590e-17  4.74393e-18
       9453.4802  7.01314e-17  4.61034e-18
       9456.8436  7.02070e-17  4.61903e-18
       9460.2070  6.42039e-17  4.49887e-18
       9463.5704  5.80244e-17  4.37849e-18
       9466.9337  6.10810e-17  4.42303e-18
       9470.2971  7.02240e-17  4.82090e-18
       9473.6605  8.03485e-17  5.45011e-18
       9477.0238  7.96292e-17  5.61940e-18
       9480.3872  7.31346e-17  5.48622e-18
       9483.7506  7.23792e-17  5.34299e-18
       9487.1139  7.15506e-17  4.77743e-18
       9490.4773  6.35933e-17  3.90478e-18
       9493.8407  6.32670e-17  3.78609e-18
       9497.2041  7.05528e-17  4.17658e-18
       9500.5674  6.61687e-17  4.39536e-18
       9503.9308  6.68003e-17  4.47662e-18
       9507.2942  6.41620e-17  4.46840e-18
       9510.6575  6.32801e-17  4.53569e-18
       9514.0209  7.60071e-17  4.87580e-18
       9517.3843  7.71562e-17  5.14180e-18
       9520.7477  6.92184e-17  5.01761e-18
       9524.1110  5.80205e-17  4.86593e-18
       9527.4744  6.91976e-17  4.86184e-18
       9530.8378  7.97163e-17  4.54232e-18
       9534.2011  7.47476e-17  4.03463e-18
       9537.5645  6.69804e-17  3.77022e-18
       9540.9279  6.41025e-17  3.72724e-18
       9544.2912  6.55128e-17  3.81256e-18
       9547.6546  7.08491e-17  4.07976e-18
       9551.0180  6.57502e-17  4.16259e-18
       9554.3814  6.08427e-17  4.17636e-18
       9557.7447  6.67923e-17  4.36633e-18
       9561.1081  7.11289e-17  4.70307e-18
       9564.4715  7.00889e-17  4.89638e-18
       9567.8348  6.78092e-17  4.81807e-18
       9571.1982  6.11544e-17  4.72334e-18
       9574.5616  6.70867e-17  4.71654e-18
       9577.9250  6.78198e-17  4.36173e-18
       9581.2883  6.76992e-17  3.91608e-18
       9584.6517  6.24569e-17  3.60443e-18
       9588.0151  5.82550e-17  3.51478e-18
       9591.3784  6.22745e-17  3.60546e-18
       9594.7418  6.31264e-17  3.63168e-18
       9598.1052  5.80337e-17  3.54835e-18
       9601.4685  6.33468e-17  3.71712e-18
       9604.8319  6.38434e-17  3.89926e-18
       9608.1953  6.32754e-17  3.96005e-18
       9611.5587  6.11664e-17  3.96191e-18
       9614.9220  5.82798e-17  4.07769e-18
       9618.2854  5.98356e-17  4.26099e-18
       9621.6488  6.29979e-17  4.26823e-18
       9625.0121  6.20174e-17  4.17265e-18
       9628.3755  6.02845e-17  4.18319e-18
       9631.7389  5.67272e-17  3.96937e-18
       9635.1023  5.48073e-17  3.69317e-18
       9638.4656  5.46924e-17  3.55902e-18
       9641.8290  5.54290e-17  3.48774e-18
       9645.1924  5.66665e-17  3.44792e-18
       9648.5557  5.82671e-17  3.54042e-18
       9651.9191  6.04990e-17  3.65549e-18
       9655.2825  5.67849e-17  3.61399e-18
       9658.6458  5.97724e-17  3.69958e-18
       9662.0092  5.83514e-17  3.72665e-18
       9665.3726  5.84745e-17  3.83659e-18
       9668.7360  6.01348e-17  3.97700e-18
       9672.0993  5.39394e-17  3.91338e-18
       9675.4627  5.26574e-17  3.97336e-18
       9678.8261  5.68334e-17  4.19564e-18
       9682.1894  5.19361e-17  4.15732e-18
       9685.5528  4.85843e-17  4.05878e-18
       9688.9162  5.36388e-17  4.14332e-18
       9692.2796  5.75117e-17  4.22759e-18
       9695.6429  5.54800e-17  4.26545e-18
       9699.0063  5.22272e-17  4.34815e-18
       9702.3697  4.82147e-17  4.28222e-18
