      5216.32  1.73908e-17  1.73908e-18
      5221.03  2.33037e-17  2.33037e-18
      5225.74  3.93101e-17  3.93101e-18
      5230.45  3.16748e-17  3.16748e-18
      5235.16  3.72144e-17  3.72144e-18
      5239.87  4.04578e-17  4.04578e-18
      5244.59  3.93826e-17  3.93826e-18
      5249.30  2.43644e-17  2.43644e-18
      5254.01  2.33300e-17  2.33300e-18
      5258.72  5.06664e-17  5.06664e-18
      5263.43  5.48517e-17  5.48517e-18
      5268.14  4.47517e-17  4.47517e-18
      5272.85  3.95647e-17  3.95647e-18
      5277.56  4.61704e-17  4.61704e-18
      5282.27  4.08295e-17  4.08295e-18
      5286.98  4.47724e-17  4.47724e-18
      5291.69  3.44158e-17  3.44158e-18
      5296.41  4.04132e-17  4.04132e-18
      5301.12  5.27147e-17  5.27147e-18
      5305.83  3.77161e-17  3.77161e-18
      5310.54  3.58247e-17  3.58247e-18
      5315.25  2.96457e-17  2.96457e-18
      5319.96  3.51129e-17  3.51129e-18
      5324.67  3.63257e-17  3.63257e-18
      5329.38  5.15015e-17  5.15015e-18
      5334.09  4.54616e-17  4.54616e-18
      5338.80  4.70858e-17  4.70858e-18
      5343.52  4.32842e-17  4.32842e-18
      5348.23  4.12103e-17  4.12103e-18
      5352.94  4.45203e-17  4.45203e-18
      5357.65  4.56203e-17  4.56203e-18
      5362.36  4.17861e-17  4.17861e-18
      5367.07  4.14569e-17  4.14569e-18
      5371.78  4.37365e-17  4.37365e-18
      5376.49  4.36669e-17  4.36669e-18
      5381.20  5.35787e-17  5.35787e-18
      5385.91  5.26588e-17  5.26588e-18
      5390.62  4.25255e-17  4.25255e-18
      5395.34  4.29604e-17  4.29604e-18
      5400.05  4.79706e-17  4.79706e-18
      5404.76  2.68624e-17  2.68624e-18
      5409.47  3.26220e-17  3.26220e-18
      5414.18  4.91139e-17  4.91139e-18
      5418.89  4.35324e-17  4.35324e-18
      5423.60  4.21276e-17  4.21276e-18
      5428.31  4.01903e-17  4.01903e-18
      5433.02  5.16121e-17  5.16121e-18
      5437.73  4.13118e-17  4.13118e-18
      5442.44  3.86004e-17  3.86004e-18
      5447.16  5.24778e-17  5.24778e-18
      5451.87  6.22626e-17  6.22626e-18
      5456.58  4.43537e-17  4.43537e-18
      5461.29  3.42259e-17  3.42259e-18
      5466.00  4.28701e-17  4.28701e-18
      5470.71  4.02495e-17  4.02495e-18
      5475.42  3.62298e-17  3.62298e-18
      5480.13  3.66658e-17  3.66658e-18
      5484.84  3.07047e-17  3.07047e-18
      5489.55  3.97622e-17  3.97622e-18
      5494.27  4.77287e-17  4.77287e-18
      5498.98  3.61646e-17  3.61646e-18
      5503.69  4.66692e-17  4.66692e-18
      5508.40  5.34966e-17  5.34966e-18
      5513.11  5.79282e-17  5.79282e-18
      5517.82  4.84908e-17  4.84908e-18
      5522.53  3.51024e-17  3.51024e-18
      5527.24  5.14422e-17  5.14422e-18
      5531.95  6.04241e-17  6.04241e-18
      5536.66  6.05761e-17  6.05761e-18
      5541.37  5.95849e-17  5.95849e-18
      5546.09  6.69071e-17  6.69071e-18
      5550.80  7.46453e-17  7.46453e-18
      5555.51  6.46495e-17  6.46495e-18
      5560.22  6.38962e-17  6.38962e-18
      5564.93  6.07905e-17  6.07905e-18
      5569.64  5.18400e-17  5.18400e-18
      5574.35  6.13699e-17  6.13699e-18
      5579.06  5.78247e-17  5.78247e-18
      5583.77  4.67462e-17  4.67462e-18
      5588.48  6.67872e-17  6.67872e-18
      5593.19  8.54847e-17  8.54847e-18
      5597.91  1.03737e-16  1.03737e-17
      5602.62  1.02466e-16  1.02466e-17
      5607.33  7.23595e-17  7.23595e-18
      5612.04  5.81271e-17  5.81271e-18
      5616.75  6.40350e-17  6.40350e-18
      5621.46  7.10099e-17  7.10099e-18
      5626.17  6.21058e-17  6.21058e-18
      5630.88  5.04539e-17  5.04539e-18
      5635.59  6.77540e-17  6.77540e-18
      5640.30  6.68622e-17  6.68622e-18
      5645.02  6.87535e-17  6.87535e-18
      5649.73  7.00593e-17  7.00593e-18
      5654.44  6.15241e-17  6.15241e-18
      5659.15  6.70211e-17  6.70211e-18
      5663.86  7.91803e-17  7.91803e-18
      5668.57  7.25507e-17  7.25507e-18
      5673.28  6.28850e-17  6.28850e-18
      5677.99  6.27203e-17  6.27203e-18
      5682.70  7.61762e-17  7.61762e-18
      5687.41  8.29431e-17  8.29431e-18
      5692.12  6.82814e-17  6.82814e-18
      5696.84  6.42191e-17  6.42191e-18
      5701.55  6.63775e-17  6.63775e-18
      5706.26  7.96383e-17  7.96384e-18
      5710.97  7.14545e-17  7.14545e-18
      5715.68  6.12825e-17  6.12825e-18
      5720.39  7.54760e-17  7.54760e-18
      5725.10  7.66030e-17  7.66030e-18
      5729.81  8.90460e-17  8.90460e-18
      5734.52  7.63135e-17  7.63135e-18
      5739.23  7.39827e-17  7.39827e-18
      5743.94  8.26538e-17  8.26538e-18
      5748.66  8.72204e-17  8.72204e-18
      5753.37  8.84642e-17  8.84642e-18
      5758.08  8.20970e-17  8.20970e-18
      5762.79  8.96188e-17  8.96188e-18
      5767.50  7.83661e-17  7.83660e-18
      5772.21  8.41557e-17  8.41557e-18
      5776.92  8.00214e-17  8.00214e-18
      5781.63  8.29383e-17  8.29383e-18
      5786.34  9.13629e-17  9.13629e-18
      5791.05  8.82236e-17  8.82236e-18
      5795.77  8.95995e-17  8.95995e-18
      5800.48  8.46311e-17  8.46311e-18
      5805.19  9.09682e-17  9.09682e-18
      5809.90  5.94882e-17  5.94882e-18
      5814.61  7.10400e-17  7.10400e-18
      5819.32  6.41853e-17  6.41853e-18
      5824.03  7.90987e-17  7.90987e-18
      5828.74  9.21534e-17  9.21534e-18
      5833.45  6.12429e-17  6.12429e-18
      5838.16  5.98653e-17  5.98653e-18
      5842.88  5.03988e-17  5.03988e-18
      5847.59  4.26654e-17  4.26654e-18
      5852.30  5.57934e-17  5.57934e-18
      5857.01  7.67836e-17  7.67836e-18
      5861.72  7.04713e-17  7.04713e-18
      5866.43  7.96782e-17  7.96782e-18
      5871.14  5.10681e-17  5.10681e-18
      5875.85  6.43610e-17  6.43610e-18
      5880.56  5.51075e-17  5.51075e-18
      5885.27  5.12628e-17  5.12628e-18
      5889.98  6.13945e-17  6.13945e-18
      5894.70  5.81656e-17  5.81656e-18
      5899.41  6.76507e-17  6.76507e-18
      5904.12  6.46226e-17  6.46226e-18
      5908.83  6.64243e-17  6.64242e-18
      5913.54  7.18521e-17  7.18521e-18
      5918.25  6.07190e-17  6.07190e-18
      5922.96  5.20594e-17  5.20594e-18
      5927.67  4.50274e-17  4.50274e-18
      5932.38  4.88054e-17  4.88054e-18
      5937.09  5.35725e-17  5.35725e-18
      5941.80  6.76712e-17  6.76712e-18
      5946.52  7.72658e-17  7.72658e-18
      5951.23  7.73250e-17  7.73251e-18
      5955.94  4.83407e-17  4.83407e-18
      5960.65  5.31953e-17  5.31953e-18
      5965.36  6.86410e-17  6.86410e-18
      5970.07  6.24867e-17  6.24867e-18
      5974.78  6.59950e-17  6.59950e-18
      5979.49  5.78277e-17  5.78277e-18
      5984.20  6.63869e-17  6.63869e-18
      5988.91  5.61885e-17  5.61885e-18
      5993.62  6.53265e-17  6.53265e-18
      5998.34  6.55081e-17  6.55081e-18
      6003.05  6.67486e-17  6.67486e-18
      6007.76  7.31665e-17  7.31665e-18
      6012.47  6.46434e-17  6.46434e-18
      6017.18  5.55945e-17  5.55945e-18
      6021.89  4.32078e-17  4.32078e-18
      6026.60  5.59356e-17  5.59356e-18
      6031.31  5.11744e-17  5.11744e-18
      6036.02  5.74741e-17  5.74741e-18
      6040.73  6.37067e-17  6.37067e-18
      6045.45  4.50176e-17  4.50176e-18
      6050.16  5.26716e-17  5.26716e-18
      6054.87  3.84418e-17  3.84418e-18
      6059.58  5.06256e-17  5.06256e-18
      6064.29  6.24453e-17  6.24453e-18
      6069.00  4.87962e-17  4.87962e-18
      6073.71  4.90962e-17  4.90962e-18
      6078.42  5.30738e-17  5.30738e-18
      6083.13  3.79318e-17  3.79317e-18
      6087.84  3.47550e-17  3.47550e-18
      6092.55  3.93883e-17  3.93883e-18
      6097.27  4.42238e-17  4.42238e-18
      6101.98  4.89760e-17  4.89760e-18
      6106.69  4.73119e-17  4.73119e-18
      6111.40  4.78619e-17  4.78619e-18
      6116.11  4.67012e-17  4.67012e-18
      6120.82  3.99010e-17  3.99010e-18
      6125.53  4.32501e-17  4.32501e-18
      6130.24  4.20706e-17  4.20706e-18
      6134.95  4.97158e-17  4.97158e-18
      6139.66  5.85117e-17  5.85117e-18
      6144.38  5.36084e-17  5.36084e-18
      6149.09  4.55344e-17  4.55344e-18
      6153.80  4.77068e-17  4.77068e-18
      6158.51  3.89338e-17  3.89338e-18
      6163.22  5.01472e-17  5.01472e-18
      6167.93  5.71799e-17  5.71799e-18
      6172.64  4.11375e-17  4.11375e-18
      6177.35  4.64429e-17  4.64429e-18
      6182.06  4.62041e-17  4.62041e-18
      6186.77  4.16992e-17  4.16992e-18
      6191.48  4.68803e-17  4.68803e-18
      6196.20  4.71532e-17  4.71532e-18
      6200.91  3.43848e-17  3.43848e-18
      6205.62  4.17313e-17  4.17313e-18
      6210.33  4.56262e-17  4.56262e-18
      6215.04  3.34001e-17  3.34001e-18
      6219.75  3.10344e-17  3.10344e-18
      6224.46  3.50943e-17  3.50943e-18
      6229.17  2.97856e-17  2.97856e-18
      6233.88  2.80479e-17  2.80479e-18
      6238.59  2.18350e-17  2.18350e-18
      6243.30  3.93057e-17  3.93057e-18
      6248.02  4.46059e-17  4.46059e-18
      6252.73  3.58934e-17  3.58934e-18
      6257.44  2.81286e-17  2.81286e-18
      6262.15  2.98447e-17  2.98447e-18
      6266.86  1.89829e-17  1.89829e-18
      6271.57  1.23065e-17  1.23065e-18
      6276.28  1.74974e-17  1.74974e-18
      6280.99  1.86699e-17  1.86699e-18
      6285.70  1.73846e-17  1.73846e-18
      6290.41  2.41847e-17  2.41847e-18
      6295.12  1.71323e-17  1.71323e-18
      6299.84  5.49873e-18  5.49873e-19
      6304.55  1.11023e-17  1.11023e-18
      6309.26  2.08032e-17  2.08032e-18
      6313.97  1.93742e-17  1.93742e-18
      6318.68  2.24156e-17  2.24156e-18
      6323.39  1.98891e-17  1.98891e-18
      6328.10  1.75938e-17  1.75938e-18
      6332.81  1.61431e-17  1.61431e-18
      6337.52  2.38433e-17  2.38433e-18
      6342.23  2.62271e-17  2.62271e-18
      6346.95  2.58871e-17  2.58871e-18
      6351.66  2.12142e-17  2.12142e-18
      6356.37  2.69076e-17  2.69076e-18
      6361.08  3.80095e-17  3.80095e-18
      6365.79  3.79311e-17  3.79311e-18
      6370.50  4.14590e-17  4.14589e-18
      6375.21  2.43995e-17  2.43995e-18
      6379.92  2.94464e-17  2.94464e-18
      6384.63  3.89152e-17  3.89152e-18
      6389.34  3.22913e-17  3.22913e-18
      6394.05  4.02245e-17  4.02245e-18
      6398.77  3.56677e-17  3.56677e-18
      6403.48  4.38922e-17  4.38922e-18
      6408.19  4.70210e-17  4.70210e-18
      6412.90  4.37881e-17  4.37881e-18
      6417.61  3.58943e-17  3.58943e-18
      6422.32  3.53250e-17  3.53250e-18
      6427.03  3.27413e-17  3.27413e-18
      6431.74  4.68432e-17  4.68432e-18
      6436.45  3.53270e-17  3.53270e-18
      6441.16  5.79533e-17  5.79533e-18
      6445.88  5.60075e-17  5.60075e-18
      6450.59  4.40439e-17  4.40439e-18
      6455.30  5.42292e-17  5.42292e-18
      6460.01  3.75113e-17  3.75113e-18
      6464.72  4.12820e-17  4.12820e-18
      6469.43  4.92005e-17  4.92005e-18
      6474.14  4.24765e-17  4.24765e-18
      6478.85  4.36018e-17  4.36018e-18
      6483.56  5.01913e-17  5.01913e-18
      6488.27  5.03142e-17  5.03142e-18
      6492.98  5.56948e-17  5.56948e-18
      6497.70  4.80660e-17  4.80660e-18
      6502.41  4.37302e-17  4.37302e-18
      6507.12  5.13020e-17  5.13020e-18
      6511.83  5.33686e-17  5.33686e-18
      6516.54  4.66173e-17  4.66173e-18
      6521.25  6.52915e-17  6.52915e-18
      6525.96  5.61339e-17  5.61339e-18
      6530.67  6.02030e-17  6.02030e-18
      6535.38  6.90416e-17  6.90416e-18
      6540.09  6.75500e-17  6.75500e-18
      6544.81  6.85342e-17  6.85342e-18
      6549.52  5.89981e-17  5.89981e-18
      6554.23  6.89629e-17  6.89629e-18
      6558.94  7.35751e-17  7.35751e-18
      6563.65  6.73834e-17  6.73834e-18
      6568.36  5.69598e-17  5.69598e-18
      6573.07  8.07265e-17  8.07265e-18
      6577.78  6.71358e-17  6.71358e-18
      6582.49  6.96483e-17  6.96483e-18
      6587.20  6.27864e-17  6.27864e-18
      6591.91  6.23030e-17  6.23030e-18
      6596.63  7.86080e-17  7.86080e-18
      6601.34  7.50986e-17  7.50986e-18
      6606.05  6.35841e-17  6.35841e-18
      6610.76  5.76767e-17  5.76767e-18
      6615.47  7.65547e-17  7.65547e-18
      6620.18  6.77130e-17  6.77130e-18
      6624.89  5.51491e-17  5.51491e-18
      6629.60  7.24922e-17  7.24922e-18
      6634.31  6.92519e-17  6.92519e-18
      6639.02  6.63034e-17  6.63034e-18
      6643.73  8.42027e-17  8.42027e-18
      6648.45  7.87500e-17  7.87500e-18
      6653.16  6.61595e-17  6.61595e-18
      6657.87  7.98826e-17  7.98826e-18
      6662.58  7.20112e-17  7.20112e-18
      6667.29  6.69309e-17  6.69309e-18
      6672.00  8.25509e-17  8.25509e-18
      6676.71  9.21948e-17  9.21948e-18
      6681.42  8.35384e-17  8.35384e-18
      6686.13  8.09579e-17  8.09579e-18
      6690.84  8.25779e-17  8.25779e-18
      6695.56  7.96565e-17  7.96565e-18
      6700.27  6.89373e-17  6.89373e-18
      6704.98  5.79880e-17  5.79880e-18
      6709.69  7.06414e-17  7.06414e-18
      6714.40  7.46607e-17  7.46607e-18
      6719.11  5.95168e-17  5.95168e-18
      6723.82  6.28025e-17  6.28025e-18
      6728.53  7.25942e-17  7.25942e-18
      6733.24  7.51219e-17  7.51219e-18
      6737.95  8.16872e-17  8.16872e-18
      6742.66  8.28103e-17  8.28103e-18
      6747.38  6.19009e-17  6.19009e-18
      6752.09  7.20504e-17  7.20504e-18
      6756.80  8.71258e-17  8.71258e-18
      6761.51  6.36432e-17  6.36432e-18
      6766.22  6.96032e-17  6.96032e-18
      6770.93  6.84981e-17  6.84981e-18
      6775.64  6.56426e-17  6.56426e-18
      6780.35  6.90446e-17  6.90446e-18
      6785.06  7.81082e-17  7.81082e-18
      6789.77  8.00137e-17  8.00137e-18
      6794.48  5.91733e-17  5.91733e-18
      6799.20  5.06742e-17  5.06743e-18
      6803.91  6.21962e-17  6.21962e-18
      6808.62  7.02748e-17  7.02748e-18
      6813.33  8.83919e-17  8.83919e-18
      6818.04  6.63497e-17  6.63497e-18
      6822.75  6.18508e-17  6.18508e-18
      6827.46  6.10635e-17  6.10635e-18
      6832.17  6.40046e-17  6.40046e-18
      6836.88  6.03342e-17  6.03342e-18
      6841.59  5.77424e-17  5.77424e-18
      6846.31  5.47927e-17  5.47927e-18
      6851.02  5.13937e-17  5.13937e-18
      6855.73  7.89767e-17  7.89767e-18
      6860.44  1.19631e-16  1.19631e-17
      6865.15  5.61230e-17  5.61230e-18
      6869.86  5.16447e-17  5.16447e-18
      6874.57  4.85898e-17  4.85898e-18
      6879.28  5.81765e-17  5.81765e-18
      6883.99  7.46676e-17  7.46677e-18
      6888.70  5.30859e-17  5.30859e-18
      6893.41  3.92125e-17  3.92125e-18
      6898.13  4.41980e-17  4.41980e-18
      6902.84  6.21817e-17  6.21817e-18
      6907.55  7.31784e-17  7.31784e-18
      6912.26  5.76047e-17  5.76047e-18
      6916.97  5.47566e-17  5.47566e-18
      6921.68  5.65376e-17  5.65376e-18
      6926.39  5.55010e-17  5.55010e-18
      6931.10  3.86447e-17  3.86446e-18
      6935.81  4.58168e-17  4.58168e-18
      6940.52  6.08567e-17  6.08567e-18
      6945.23  6.82176e-17  6.82176e-18
      6949.95  6.06222e-17  6.06222e-18
      6954.66  5.03919e-17  5.03919e-18
      6959.37  5.99190e-17  5.99190e-18
      6964.08  3.90920e-17  3.90920e-18
      6968.79  3.33787e-17  3.33787e-18
      6973.50  4.15848e-17  4.15848e-18
      6978.21  3.65306e-17  3.65306e-18
      6982.92  4.83651e-17  4.83651e-18
      6987.63  5.27538e-17  5.27537e-18
      6992.34  5.78088e-17  5.78088e-18
      6997.06  6.94224e-17  6.94224e-18
      7001.77  5.00815e-17  5.00815e-18
      7006.48  5.22703e-17  5.22703e-18
      7011.19  6.82718e-17  6.82718e-18
      7015.90  4.89427e-17  4.89427e-18
      7020.61  5.09392e-17  5.09392e-18
      7025.32  5.23784e-17  5.23784e-18
      7030.03  5.99215e-17  5.99215e-18
      7034.74  5.45970e-17  5.45970e-18
      7039.45  4.98062e-17  4.98062e-18
      7044.16  5.82949e-17  5.82949e-18
      7048.88  7.02344e-17  7.02344e-18
      7053.59  4.19399e-17  4.19399e-18
      7058.30  4.82366e-17  4.82366e-18
      7063.01  4.53098e-17  4.53098e-18
      7067.72  5.75081e-17  5.75081e-18
      7072.43  6.54604e-17  6.54604e-18
      7077.14  5.62525e-17  5.62525e-18
      7081.85  5.90126e-17  5.90126e-18
      7086.56  6.30335e-17  6.30335e-18
      7091.27  6.66420e-17  6.66420e-18
      7095.98  6.07600e-17  6.07600e-18
      7100.70  5.86462e-17  5.86462e-18
      7105.41  5.92243e-17  5.92243e-18
      7110.12  6.43798e-17  6.43798e-18
      7114.83  5.68239e-17  5.68239e-18
      7119.54  4.00062e-17  4.00062e-18
      7124.25  4.66831e-17  4.66831e-18
      7128.96  5.42226e-17  5.42226e-18
      7133.67  5.75978e-17  5.75978e-18
      7138.38  5.56094e-17  5.56094e-18
      7143.09  4.23975e-17  4.23975e-18
      7147.81  5.73277e-17  5.73277e-18
      7152.52  4.53058e-17  4.53058e-18
      7157.23  5.65866e-17  5.65866e-18
      7161.94  4.10585e-17  4.10585e-18
      7166.65  2.97571e-17  2.97571e-18
      7171.36  3.74248e-17  3.74248e-18
      7176.07  3.97585e-17  3.97585e-18
      7180.78  4.65868e-17  4.65868e-18
      7185.49  3.25071e-17  3.25071e-18
      7190.20  2.80872e-17  2.80872e-18
      7194.92  3.73429e-17  3.73429e-18
      7199.63  3.47722e-17  3.47722e-18
      7204.34  1.64967e-17  1.64967e-18
      7209.05  2.21838e-17  2.21838e-18
      7213.76  2.76721e-17  2.76721e-18
      7218.47  4.54051e-17  4.54051e-18
      7223.18  5.58993e-17  5.58993e-18
      7227.89  3.39386e-17  3.39386e-18
      7232.60  3.77738e-17  3.77738e-18
      7237.31  3.80163e-17  3.80163e-18
      7242.02  4.63137e-17  4.63137e-18
      7246.74  3.67148e-17  3.67148e-18
      7251.45  2.61832e-17  2.61832e-18
      7256.16  4.98473e-17  4.98473e-18
      7260.87  3.73282e-17  3.73282e-18
      7265.58  3.04218e-17  3.04218e-18
      7270.29  4.16343e-17  4.16343e-18
      7275.00  4.87585e-17  4.87585e-18
      7279.71  2.76001e-17  2.76001e-18
      7284.42  1.63602e-17  1.63602e-18
      7289.13  3.84408e-17  3.84408e-18
      7293.84  5.71632e-17  5.71632e-18
      7298.56  3.81243e-17  3.81243e-18
      7303.27  2.88146e-17  2.88146e-18
      7307.98  3.29974e-17  3.29974e-18
      7312.69  3.14904e-17  3.14904e-18
      7317.40  5.35197e-17  5.35197e-18
      7322.11  4.89571e-17  4.89571e-18
      7326.82  6.07726e-17  6.07726e-18
      7331.53  4.54643e-17  4.54643e-18
      7336.24  3.82235e-17  3.82235e-18
      7340.95  4.89331e-17  4.89331e-18
      7345.67  4.92668e-17  4.92668e-18
      7350.38  5.70561e-17  5.70561e-18
      7355.09  4.42161e-17  4.42161e-18
      7359.80  5.62301e-17  5.62301e-18
      7364.51  9.05536e-17  9.05536e-18
      7369.22  6.20612e-17  6.20612e-18
      7373.93  4.92016e-17  4.92016e-18
      7378.64  4.35040e-17  4.35040e-18
      7383.35  4.76066e-17  4.76066e-18
      7388.06  4.59577e-17  4.59577e-18
      7392.77  4.21473e-17  4.21473e-18
      7397.49  2.84069e-17  2.84069e-18
      7402.20  2.96516e-17  2.96516e-18
      7406.91  2.69160e-17  2.69160e-18
      7411.62  4.00585e-17  4.00585e-18
      7416.33  4.15286e-17  4.15286e-18
      7421.04  5.36842e-17  5.36842e-18
      7425.75  5.30798e-17  5.30798e-18
      7430.46  5.33330e-17  5.33330e-18
      7435.17  4.15905e-17  4.15905e-18
      7439.88  3.45176e-17  3.45176e-18
      7444.59  4.00677e-17  4.00677e-18
      7449.31  2.55968e-17  2.55968e-18
      7454.02  4.21831e-17  4.21831e-18
      7458.73  3.07246e-17  3.07246e-18
      7463.44  4.12427e-17  4.12427e-18
      7468.15  5.11059e-17  5.11059e-18
      7472.86  3.04954e-17  3.04954e-18
      7477.57  3.74168e-17  3.74168e-18
      7482.28  3.56936e-17  3.56936e-18
      7486.99  4.28085e-17  4.28085e-18
      7491.70  3.04228e-17  3.04228e-18
      7496.42  3.58764e-17  3.58764e-18
      7501.13  2.83263e-17  2.83263e-18
      7505.84  2.54857e-17  2.54857e-18
      7510.55  4.33797e-17  4.33797e-18
      7515.26  3.29492e-17  3.29492e-18
      7519.97  3.43056e-17  3.43056e-18
      7524.68  3.92355e-17  3.92355e-18
      7529.39  4.41447e-17  4.41447e-18
      7534.10  3.60283e-17  3.60283e-18
      7538.81  2.65146e-17  2.65146e-18
      7543.52  1.81955e-17  1.81955e-18
      7548.24  3.00647e-17  3.00647e-18
      7552.95  3.34263e-17  3.34263e-18
      7557.66  1.40664e-17  1.40664e-18
      7562.37  1.97607e-17  1.97607e-18
      7567.08  4.99648e-18  4.99648e-19
      7571.79 -2.66322e-18 -2.66322e-19
      7576.50  1.06860e-17  1.06860e-18
      7581.21  1.31529e-17  1.31529e-18
      7585.92  5.96885e-18  5.96885e-19
      7590.63  8.89735e-18  8.89735e-19
      7595.34  1.90574e-18  1.90573e-19
      7600.06 -4.73829e-18 -4.73829e-19
      7604.77  3.60094e-18  3.60094e-19
      7609.48  2.67735e-18  2.67735e-19
      7614.19 -8.21702e-18 -8.21702e-19
      7618.90 -1.57263e-17 -1.57263e-18
      7623.61 -1.69023e-17 -1.69023e-18
      7628.32 -1.30812e-19 -1.30812e-20
      7633.03  1.65600e-17  1.65600e-18
      7637.74  2.28703e-17  2.28703e-18
      7642.45  1.87513e-17  1.87513e-18
      7647.17  5.63281e-18  5.63281e-19
      7651.88  1.03757e-17  1.03757e-18
      7656.59  1.78370e-17  1.78370e-18
      7661.30  6.43120e-18  6.43120e-19
      7666.01  1.75633e-17  1.75633e-18
      7670.72  1.43326e-17  1.43326e-18
      7675.43  1.75001e-17  1.75001e-18
      7680.14  2.22887e-17  2.22887e-18
      7684.85  1.82659e-17  1.82659e-18
      7689.56  1.71233e-17  1.71233e-18
      7694.27  3.05862e-17  3.05862e-18
      7698.99  5.36278e-18  5.36278e-19
      7703.70  1.43564e-17  1.43564e-18
      7708.41  5.11924e-17  5.11924e-18
      7713.12  5.60401e-17  5.60401e-18
      7717.83  3.54917e-17  3.54917e-18
      7722.54  4.12809e-17  4.12809e-18
      7727.25  3.73540e-17  3.73540e-18
      7731.96  2.93617e-17  2.93617e-18
      7736.67  2.95371e-17  2.95371e-18
      7741.38  4.14148e-17  4.14148e-18
      7746.09  4.65729e-17  4.65729e-18
      7750.81  7.12924e-17  7.12924e-18
      7755.52  8.83876e-17  8.83876e-18
      7760.23  6.76829e-17  6.76829e-18
      7764.94  3.43921e-17  3.43921e-18
      7769.65  3.35817e-17  3.35817e-18
      7774.36  4.88030e-17  4.88030e-18
      7779.07  4.74694e-17  4.74694e-18
      7783.78  5.12750e-17  5.12750e-18
      7788.49  3.83568e-17  3.83568e-18
      7793.20  3.17374e-17  3.17374e-18
      7797.92  2.97331e-17  2.97331e-18
      7802.63  3.98611e-17  3.98611e-18
      7807.34  4.38412e-17  4.38412e-18
      7812.05  5.80185e-17  5.80185e-18
      7816.76  4.18000e-17  4.18000e-18
      7821.47  3.28150e-17  3.28150e-18
      7826.18  3.37440e-17  3.37440e-18
      7830.89  3.68129e-17  3.68129e-18
      7835.60  4.12575e-17  4.12575e-18
      7840.31  4.70073e-17  4.70073e-18
      7845.02  5.12452e-17  5.12452e-18
      7849.74  3.53172e-17  3.53172e-18
      7854.45  2.15597e-17  2.15597e-18
      7859.16  3.30264e-17  3.30264e-18
      7863.87  5.50410e-17  5.50410e-18
      7868.58  5.23381e-17  5.23381e-18
      7873.29  6.91471e-17  6.91471e-18
      7878.00  6.22689e-17  6.22689e-18
      7882.71  3.61316e-17  3.61316e-18
      7887.42  5.56613e-17  5.56613e-18
      7892.13  5.24115e-17  5.24115e-18
      7896.85  3.82022e-17  3.82022e-18
      7901.56  4.86580e-17  4.86580e-18
      7906.27  4.63045e-17  4.63045e-18
      7910.98  3.96053e-17  3.96053e-18
      7915.69  4.24405e-17  4.24405e-18
      7920.40  4.73563e-17  4.73563e-18
      7925.11  2.83221e-17  2.83221e-18
