       3338.7102  2.91340e-17  1.39609e-17
       3342.7862  2.49346e-17  1.39556e-17
       3346.8623  2.56929e-18  1.39611e-17
       3350.9383 -1.00705e-17  1.39631e-17
       3355.0143 -6.98407e-18  1.39026e-17
       3359.0903  8.78055e-18  1.39849e-17
       3363.1664 -9.18916e-18  1.13854e-17
       3367.2424 -9.06641e-18  1.40347e-17
       3371.3184  2.61111e-17  1.43176e-17
       3375.3945 -4.46974e-18  1.38930e-17
       3379.4705  2.11888e-18  1.38861e-17
       3383.5465 -2.47305e-19  1.39146e-17
       3387.6225  2.15129e-19  1.39376e-17
       3391.6986  2.68635e-18  1.42259e-17
       3395.7746  1.91672e-17  1.46319e-17
       3399.8506 -7.22879e-18  1.43745e-17
       3403.9267  1.68613e-17  1.47350e-17
       3408.0027  3.17745e-17  1.52078e-17
       3412.0787  1.68002e-17  1.49879e-17
       3416.1547 -7.32239e-18  1.49987e-17
       3420.2308  1.13922e-17  1.46713e-17
       3424.3068  3.01692e-18  1.47714e-17
       3428.3828  1.03496e-17  1.48804e-17
       3432.4588  2.14549e-17  1.48790e-17
       3436.5349  9.69757e-19  1.45887e-17
       3440.6109  1.27564e-17  1.46973e-17
       3444.6869  8.59314e-18  1.44685e-17
       3448.7630  6.79120e-18  1.43195e-17
       3452.8390  4.80675e-18  1.38913e-17
       3456.9150  6.62272e-18  1.35431e-17
       3460.9910  1.74848e-17  1.36586e-17
       3465.0671 -1.57954e-17  1.31575e-17
       3469.1431  2.87914e-18  1.32771e-17
       3473.2191  1.16096e-17  1.29202e-17
       3477.2952  1.65632e-17  1.29942e-17
       3481.3712  1.60844e-17  1.23494e-17
       3485.4472  2.56529e-18  1.19318e-17
       3489.5232  2.28511e-17  1.22347e-17
       3493.5993  5.23259e-18  1.14490e-17
       3497.6753  9.82039e-18  1.14172e-17
       3501.7513  6.74148e-18  1.12785e-17
       3505.8273  2.09930e-17  1.13600e-17
       3509.9034  9.24080e-18  1.07567e-17
       3513.9794  1.63387e-17  1.08064e-17
       3518.0554  2.12090e-18  1.02083e-17
       3522.1315  7.74951e-18  1.03562e-17
       3526.2075  1.38340e-17  1.03913e-17
       3530.2835  1.85212e-17  1.03829e-17
       3534.3595  6.29420e-18  9.93014e-18
       3538.4356  4.95638e-18  9.99009e-18
       3542.5116  1.55487e-17  1.01812e-17
       3546.5876  1.33852e-16  1.53545e-17
       3550.6637  1.83406e-16  2.94654e-17
       3554.7397  3.37824e-17  1.02123e-17
       3558.8157  1.85620e-17  9.38169e-18
       3562.8917  6.79013e-18  8.78143e-18
       3566.9678  8.85846e-18  8.76576e-18
       3571.0438  1.28999e-17  8.66139e-18
       3575.1198  6.67235e-18  8.35305e-18
       3579.1958  1.06361e-17  8.16072e-18
       3583.2719  1.43714e-17  8.17639e-18
       3587.3479  5.41005e-19  7.86515e-18
       3591.4239  9.71108e-18  7.88751e-18
       3595.5000  1.40359e-17  8.00992e-18
       3599.5760  2.18786e-17  7.86571e-18
       3603.6520  1.10627e-17  7.51208e-18
       3607.7280  6.05775e-18  7.29703e-18
       3611.8041  7.15176e-18  7.28569e-18
       3615.8801  6.72291e-18  7.15881e-18
       3619.9561  8.24985e-18  7.01791e-18
       3624.0322  1.37562e-17  7.08162e-18
       3628.1082  1.93772e-17  7.03538e-18
       3632.1842  1.17373e-17  6.78894e-18
       3636.2602  1.09327e-17  6.58697e-18
       3640.3363  9.23322e-18  6.46462e-18
       3644.4123  8.85693e-18  6.29904e-18
       3648.4883  8.85266e-18  6.23520e-18
       3652.5644  1.29001e-17  6.26799e-18
       3656.6404  1.07628e-17  6.13804e-18
       3660.7164  1.26544e-17  6.04535e-18
       3664.7924  8.58686e-18  5.97542e-18
       3668.8685  1.19664e-17  5.87306e-18
       3672.9445  1.17844e-17  5.64043e-18
       3677.0205  1.00002e-19  5.37322e-18
       3681.0965  1.03366e-17  5.52529e-18
       3685.1726  8.02684e-18  5.38782e-18
       3689.2486  7.52791e-18  5.32754e-18
       3693.3246  9.28983e-18  5.38370e-18
       3697.4007  5.09129e-18  5.29649e-18
       3701.4767  3.87404e-18  5.11703e-18
       3705.5527  8.72429e-18  5.16862e-18
       3709.6287  1.02468e-17  5.13844e-18
       3713.7048  8.18836e-18  4.98169e-18
       3717.7808  4.19813e-18  4.84631e-18
       3721.8568  8.43356e-18  4.83089e-18
       3725.9329  5.26627e-18  4.77155e-18
       3730.0089  2.89717e-18  4.75491e-18
       3734.0849  4.69568e-18  4.75708e-18
       3738.1609  4.56163e-18  4.59954e-18
       3742.2370  7.02865e-18  4.63362e-18
       3746.3130  8.34876e-18  4.61140e-18
       3750.3890  6.63255e-18  4.58262e-18
       3754.4650  9.69396e-18  4.57293e-18
       3758.5411  4.38949e-18  4.37114e-18
       3762.6171  6.53479e-19  4.30856e-18
       3766.6931  4.97141e-18  4.31318e-18
       3770.7692  5.82879e-18  4.31233e-18
       3774.8452  9.00898e-18  4.36010e-18
       3778.9212  4.73310e-18  4.32238e-18
       3782.9972  7.09492e-18  4.29591e-18
       3787.0733  3.05636e-18  4.19709e-18
       3791.1493  3.65581e-18  4.14101e-18
       3795.2253  8.02872e-18  4.10237e-18
       3799.3014  6.76711e-18  4.05615e-18
       3803.3774  8.57962e-18  4.08014e-18
       3807.4534  6.91322e-18  4.00548e-18
       3811.5294  9.50562e-18  4.01569e-18
       3815.6055  5.25904e-18  3.94655e-18
       3819.6815  3.18522e-19  3.84824e-18
       3823.7575  8.54861e-18  3.95004e-18
       3827.8335  3.24038e-18  3.86563e-18
       3831.9096  5.79752e-18  3.85273e-18
       3835.9856  1.27741e-17  3.94885e-18
       3840.0616  7.58453e-18  3.88732e-18
       3844.1377  6.60842e-18  3.82742e-18
       3848.2137  1.11100e-17  3.88488e-18
       3852.2897  1.19643e-17  3.90439e-18
       3856.3657  9.55755e-18  3.77226e-18
       3860.4418  1.03831e-17  3.75227e-18
       3864.5178  1.79401e-17  3.87800e-18
       3868.5938  1.32901e-17  3.81746e-18
       3872.6699  1.92764e-17  3.93673e-18
       3876.7459  1.94513e-17  3.90518e-18
       3880.8219  2.07569e-17  3.86758e-18
       3884.8979  2.04093e-17  3.88089e-18
       3888.9740  2.10685e-17  3.85583e-18
       3893.0500  2.59130e-17  3.95134e-18
       3897.1260  2.26328e-17  3.92175e-18
       3901.2021  2.52849e-17  3.92347e-18
       3905.2781  2.96079e-17  4.02595e-18
       3909.3541  2.93147e-17  4.10088e-18
       3913.4301  2.89098e-17  4.09855e-18
       3917.5062  3.20027e-17  4.11668e-18
       3921.5822  3.05491e-17  4.02214e-18
       3925.6582  3.06697e-17  4.00070e-18
       3929.7342  3.25200e-17  3.93209e-18
       3933.8103  3.62040e-17  3.98897e-18
       3937.8863  3.91851e-17  4.01342e-18
       3941.9623  3.64920e-17  4.00743e-18
       3946.0384  3.66662e-17  4.05473e-18
       3950.1144  4.26067e-17  4.16439e-18
       3954.1904  4.01107e-17  4.10931e-18
       3958.2664  3.93513e-17  4.08581e-18
       3962.3425  4.23935e-17  4.05471e-18
       3966.4185  4.37863e-17  4.03085e-18
       3970.4945  3.88303e-17  3.92074e-18
       3974.5706  3.47470e-17  3.88200e-18
       3978.6466  3.85564e-17  3.99932e-18
       3982.7226  3.56335e-17  3.97434e-18
       3986.7986  3.17315e-17  3.91202e-18
       3990.8747  3.32077e-17  3.92377e-18
       3994.9507  3.59606e-17  3.93707e-18
       3999.0267  3.23547e-17  3.87737e-18
       4003.1027  3.49226e-17  3.91065e-18
       4007.1788  3.44333e-17  3.92956e-18
       4011.2548  2.72645e-17  3.83364e-18
       4015.3308  2.85320e-17  3.85714e-18
       4019.4069  2.80656e-17  3.84961e-18
       4023.4829  2.77927e-17  3.79334e-18
       4027.5589  2.71520e-17  3.78410e-18
       4031.6349  2.73818e-17  3.74554e-18
       4035.7110  2.97018e-17  3.76606e-18
       4039.7870  3.16798e-17  3.81372e-18
       4043.8630  2.68108e-17  3.76666e-18
       4047.9391  2.95581e-17  3.81910e-18
       4052.0151  2.86137e-17  3.83819e-18
       4056.0911  2.96920e-17  3.80876e-18
       4060.1671  2.89242e-17  3.79318e-18
       4064.2432  2.96376e-17  3.79137e-18
       4068.3192  2.99193e-17  3.78008e-18
       4072.3952  2.68677e-17  3.73635e-18
       4076.4712  2.38520e-17  3.69417e-18
       4080.5473  2.56891e-17  3.67350e-18
       4084.6233  2.32527e-17  3.64278e-18
       4088.6993  2.00402e-17  3.59439e-18
       4092.7754  2.35077e-17  3.61704e-18
       4096.8514  2.30297e-17  3.60303e-18
       4100.9274  2.14005e-17  3.53544e-18
       4105.0034  2.26476e-17  3.54022e-18
       4109.0795  1.90453e-17  3.47363e-18
       4113.1555  1.70769e-17  3.45925e-18
       4117.2315  1.96143e-17  3.51516e-18
       4121.3076  1.62155e-17  3.45043e-18
       4125.3836  1.42107e-17  3.41652e-18
       4129.4596  1.79517e-17  3.46830e-18
       4133.5356  1.80771e-17  3.45466e-18
       4137.6117  1.97042e-17  3.47177e-18
       4141.6877  2.01343e-17  3.46354e-18
       4145.7637  1.65322e-17  3.41125e-18
       4149.8398  1.80079e-17  3.41679e-18
       4153.9158  1.86471e-17  3.43694e-18
       4157.9918  1.79683e-17  3.43921e-18
       4162.0678  1.98266e-17  3.49602e-18
       4166.1439  1.79260e-17  3.43743e-18
       4170.2199  1.98860e-17  3.47700e-18
       4174.2959  2.18905e-17  3.49363e-18
       4178.3719  1.67239e-17  3.39071e-18
       4182.4480  1.91316e-17  3.38297e-18
       4186.5240  2.11796e-17  3.43387e-18
       4190.6000  1.61679e-17  3.35364e-18
       4194.6761  2.02763e-17  3.38157e-18
       4198.7521  1.99988e-17  3.35894e-18
       4202.8281  1.59155e-17  3.27451e-18
       4206.9041  1.82068e-17  3.33803e-18
       4210.9802  1.46951e-17  3.26510e-18
       4215.0562  1.37767e-17  3.25602e-18
       4219.1322  1.63036e-17  3.26283e-18
       4223.2083  1.50916e-17  3.24560e-18
       4227.2843  1.47351e-17  3.23998e-18
       4231.3603  1.61513e-17  3.23537e-18
       4235.4363  1.72075e-17  3.27599e-18
       4239.5124  1.35094e-17  3.18984e-18
       4243.5884  1.14740e-17  3.15775e-18
       4247.6644  1.75650e-17  3.24264e-18
       4251.7404  1.43993e-17  3.18169e-18
       4255.8165  1.58418e-17  3.24761e-18
       4259.8925  1.56517e-17  3.21369e-18
       4263.9685  1.32228e-17  3.18959e-18
       4268.0446  1.44858e-17  3.19408e-18
       4272.1206  1.60807e-17  3.21719e-18
       4276.1966  1.34644e-17  3.16639e-18
       4280.2726  1.36048e-17  3.14055e-18
       4284.3487  1.91871e-17  3.24847e-18
       4288.4247  1.72888e-17  3.21828e-18
       4292.5007  1.75446e-17  3.20691e-18
       4296.5768  1.52066e-17  3.15365e-18
       4300.6528  1.30753e-17  3.09203e-18
       4304.7288  1.55081e-17  3.11680e-18
       4308.8048  1.58952e-17  3.09065e-18
       4312.8809  1.43920e-17  3.09065e-18
       4316.9569  1.48274e-17  3.13966e-18
       4321.0329  1.46926e-17  3.15552e-18
       4325.1089  1.47899e-17  3.14368e-18
       4329.1850  1.26323e-17  3.11217e-18
       4333.2610  1.36300e-17  3.11095e-18
       4337.3370  1.23453e-17  3.16101e-18
       4341.4131  1.00912e-17  3.11563e-18
       4345.4891  1.70862e-17  3.20571e-18
       4349.5651  1.46113e-17  3.12239e-18
       4353.6411  1.55538e-17  3.15590e-18
       4357.7172  1.78343e-17  3.20448e-18
       4361.7932  1.69338e-17  3.18046e-18
       4365.8692  1.80081e-17  3.22407e-18
       4369.9453  1.73693e-17  3.20050e-18
       4374.0213  1.97799e-17  3.22143e-18
       4378.0973  1.82214e-17  3.17067e-18
       4382.1733  2.19003e-17  3.23277e-18
       4386.2494  2.16589e-17  3.23850e-18
       4390.3254  2.27699e-17  3.26185e-18
       4394.4014  2.84515e-17  3.37921e-18
       4398.4775  2.49295e-17  3.34520e-18
       4402.5535  2.60197e-17  3.35476e-18
       4406.6295  2.67262e-17  3.39699e-18
       4410.7055  3.00573e-17  3.43616e-18
       4414.7816  2.96485e-17  3.46410e-18
       4418.8576  3.34693e-17  3.52441e-18
       4422.9336  3.06416e-17  3.49580e-18
       4427.0096  3.23111e-17  3.50831e-18
       4431.0857  3.18117e-17  3.49800e-18
       4435.1617  3.35738e-17  3.53031e-18
       4439.2377  3.52512e-17  3.54259e-18
       4443.3138  3.86216e-17  3.58380e-18
       4447.3898  3.54560e-17  3.55059e-18
       4451.4658  3.52677e-17  3.54217e-18
       4455.5418  3.70544e-17  3.53744e-18
       4459.6179  3.70192e-17  3.52635e-18
       4463.6939  3.55292e-17  3.52298e-18
       4467.7699  3.45946e-17  3.50491e-18
       4471.8460  3.95789e-17  3.58621e-18
       4475.9220  3.99839e-17  3.60762e-18
       4479.9980  4.02514e-17  3.60104e-18
       4484.0740  3.93804e-17  3.58049e-18
       4488.1501  3.74788e-17  3.56729e-18
       4492.2261  3.89946e-17  3.60998e-18
       4496.3021  4.01187e-17  3.62081e-18
       4500.3781  4.20773e-17  3.64250e-18
       4504.4542  4.48701e-17  3.69766e-18
       4508.5302  4.29567e-17  3.67472e-18
       4512.6062  4.32110e-17  3.68097e-18
       4516.6823  4.76614e-17  3.74686e-18
       4520.7583  4.40030e-17  3.71391e-18
       4524.8343  4.33832e-17  3.70168e-18
       4528.9103  4.81372e-17  3.74386e-18
       4532.9864  4.65547e-17  3.71244e-18
       4537.0624  4.74731e-17  3.73448e-18
       4541.1384  4.63897e-17  3.76166e-18
       4545.2145  4.74911e-17  3.74922e-18
       4549.2905  4.93622e-17  3.79151e-18
       4553.3665  4.91539e-17  3.76552e-18
       4557.4425  4.62172e-17  3.73121e-18
       4561.5186  5.03389e-17  3.78974e-18
       4565.5946  4.91555e-17  3.78230e-18
       4569.6706  5.27006e-17  3.83024e-18
       4573.7466  5.31855e-17  3.80987e-18
       4577.8227  5.03211e-17  3.79465e-18
       4581.8987  5.28288e-17  3.82742e-18
       4585.9747  5.36658e-17  3.83259e-18
       4590.0508  5.32807e-17  3.83190e-18
       4594.1268  5.33316e-17  3.82359e-18
       4598.2028  5.59831e-17  3.87567e-18
       4602.2788  5.82665e-17  3.91874e-18
       4606.3549  6.18063e-17  3.94667e-18
       4610.4309  6.42151e-17  3.99244e-18
       4614.5069  6.44973e-17  4.01218e-18
       4618.5830  6.44624e-17  4.00187e-18
       4622.6590  6.47925e-17  4.02908e-18
       4626.7350  6.45935e-17  4.01708e-18
       4630.8110  6.37382e-17  4.02577e-18
       4634.8871  7.07148e-17  4.11517e-18
       4638.9631  7.64796e-17  4.31787e-18
       4643.0391  7.51830e-17  4.54945e-18
       4647.1152  7.72309e-17  4.49770e-18
       4651.1912  7.81256e-17  4.28480e-18
       4655.2672  8.10061e-17  4.29624e-18
       4659.3432  8.75300e-17  4.36417e-18
       4663.4193  9.24203e-17  4.43226e-18
       4667.4953  9.36524e-17  4.46014e-18
       4671.5713  9.57835e-17  4.48160e-18
       4675.6473  9.89981e-17  4.53839e-18
       4679.7234  1.00571e-16  4.55344e-18
       4683.7994  1.00502e-16  4.55756e-18
       4687.8754  9.94206e-17  4.56047e-18
       4691.9515  9.93653e-17  4.53303e-18
       4696.0275  9.82143e-17  4.53220e-18
       4700.1035  9.71618e-17  4.50695e-18
       4704.1795  9.57703e-17  4.47501e-18
       4708.2556  9.47095e-17  4.48345e-18
       4712.3316  9.49664e-17  4.47768e-18
       4716.4076  9.05824e-17  4.43180e-18
       4720.4837  8.36352e-17  4.34034e-18
       4724.5597  8.51024e-17  4.34966e-18
       4728.6357  8.32668e-17  4.31327e-18
       4732.7117  8.39630e-17  4.33081e-18
       4736.7878  7.88514e-17  4.24628e-18
       4740.8638  7.28218e-17  4.18182e-18
       4744.9398  7.18826e-17  4.14905e-18
       4749.0158  7.13461e-17  4.13861e-18
       4753.0919  6.85801e-17  4.12366e-18
       4757.1679  6.76039e-17  4.08559e-18
       4761.2439  6.64608e-17  4.06711e-18
       4765.3200  6.43643e-17  4.05862e-18
       4769.3960  6.03359e-17  3.96077e-18
       4773.4720  6.14903e-17  3.99731e-18
       4777.5480  6.00546e-17  3.97269e-18
       4781.6241  5.70388e-17  3.94916e-18
       4785.7001  5.71991e-17  3.93113e-18
       4789.7761  5.33124e-17  3.88846e-18
       4793.8522  5.34569e-17  3.90926e-18
       4797.9282  5.62582e-17  3.94285e-18
       4802.0042  5.68502e-17  3.96474e-18
       4806.0802  5.84835e-17  3.97177e-18
       4810.1563  6.02330e-17  3.97440e-18
       4814.2323  5.79552e-17  3.95864e-18
       4818.3083  6.23611e-17  4.05755e-18
       4822.3843  6.06788e-17  4.05102e-18
       4826.4604  6.12100e-17  4.04496e-18
       4830.5364  5.90335e-17  4.00775e-18
       4834.6124  5.73925e-17  3.98422e-18
       4838.6885  5.84819e-17  4.00348e-18
       4842.7645  5.58059e-17  3.96369e-18
       4846.8405  5.75698e-17  3.97885e-18
       4850.9165  5.63260e-17  3.95451e-18
       4854.9926  5.54068e-17  3.94231e-18
       4859.0686  5.63431e-17  3.93134e-18
       4863.1446  5.74201e-17  3.92467e-18
       4867.2207  5.59315e-17  3.90864e-18
       4871.2967  5.52756e-17  3.91214e-18
       4875.3727  5.15015e-17  3.88191e-18
       4879.4487  5.59671e-17  3.95038e-18
       4883.5248  5.82310e-17  3.97140e-18
       4887.6008  5.76871e-17  3.98522e-18
       4891.6768  5.66940e-17  3.97350e-18
       4895.7529  5.55316e-17  3.94993e-18
       4899.8289  5.56900e-17  3.97315e-18
       4903.9049  5.81549e-17  4.00741e-18
       4907.9809  5.64843e-17  3.95425e-18
       4912.0570  5.62218e-17  3.95626e-18
       4916.1330  5.87030e-17  3.98482e-18
       4920.2090  5.26453e-17  3.88476e-18
       4924.2850  4.99588e-17  3.84240e-18
       4928.3611  5.00545e-17  3.84188e-18
       4932.4371  4.56596e-17  3.78199e-18
       4936.5131  4.45661e-17  3.76667e-18
       4940.5892  4.19193e-17  3.70760e-18
       4944.6652  3.83643e-17  3.64035e-18
       4948.7412  3.70566e-17  3.63432e-18
       4952.8172  3.56535e-17  3.61396e-18
       4956.8933  3.46708e-17  3.59674e-18
       4960.9693  3.65256e-17  3.62158e-18
       4965.0453  3.73957e-17  3.63584e-18
       4969.1214  3.73440e-17  3.64434e-18
       4973.1974  4.14966e-17  3.71232e-18
       4977.2734  4.26863e-17  3.74418e-18
       4981.3494  4.39148e-17  3.75424e-18
       4985.4255  4.42842e-17  3.75643e-18
       4989.5015  4.43082e-17  3.77814e-18
       4993.5775  5.13029e-17  3.90188e-18
       4997.6535  5.36619e-17  3.91968e-18
       5001.7296  5.72852e-17  3.94976e-18
       5005.8056  6.28311e-17  4.04379e-18
       5009.8816  6.37557e-17  4.07493e-18
       5013.9577  6.90219e-17  4.15008e-18
       5018.0337  6.79647e-17  4.14870e-18
       5022.1097  7.07615e-17  4.20160e-18
       5026.1857  7.53781e-17  4.23791e-18
       5030.2618  7.01093e-17  4.30966e-18
       5034.3378  5.13045e-17  4.38481e-18
       5038.4138  7.02606e-17  4.31424e-18
       5042.4899  7.81804e-17  4.32093e-18
       5046.5659  7.74103e-17  4.28845e-18
       5050.6419  7.71142e-17  4.29222e-18
       5054.7179  7.47605e-17  4.25033e-18
       5058.7940  6.88266e-17  4.18201e-18
       5062.8700  6.42832e-17  4.11922e-18
       5066.9460  6.22160e-17  4.06250e-18
       5071.0220  6.05262e-17  4.03578e-18
       5075.0981  5.54206e-17  3.93143e-18
       5079.1741  5.03655e-17  3.87622e-18
       5083.2501  5.11844e-17  3.87898e-18
       5087.3262  4.58116e-17  3.78224e-18
       5091.4022  3.83591e-17  3.67365e-18
       5095.4782  4.16122e-17  3.72035e-18
       5099.5542  4.14631e-17  3.71212e-18
       5103.6303  4.33693e-17  3.72608e-18
       5107.7063  4.12082e-17  3.71660e-18
       5111.7823  4.19581e-17  3.72433e-18
       5115.8584  4.40848e-17  3.76587e-18
       5119.9344  4.13355e-17  3.70460e-18
       5124.0104  4.10112e-17  3.72109e-18
       5128.0864  4.15539e-17  3.72584e-18
       5132.1625  4.10663e-17  3.71561e-18
       5136.2385  4.03071e-17  3.71570e-18
       5140.3145  4.92727e-17  3.87269e-18
       5144.3906  4.89356e-17  3.88425e-18
       5148.4666  4.65007e-17  3.85437e-18
       5152.5426  4.97147e-17  3.87287e-18
       5156.6186  4.77495e-17  3.83862e-18
       5160.6947  5.12492e-17  3.89764e-18
       5164.7707  5.23525e-17  3.90970e-18
       5168.8467  5.31491e-17  3.91765e-18
       5172.9227  5.54905e-17  3.96860e-18
       5176.9988  5.67921e-17  3.97825e-18
       5181.0748  5.69323e-17  3.97726e-18
       5185.1508  5.76714e-17  4.00211e-18
       5189.2269  6.33001e-17  4.08349e-18
       5193.3029  6.17652e-17  4.08783e-18
       5197.3789  6.51903e-17  4.14956e-18
       5201.4549  6.52926e-17  4.16346e-18
       5205.5310  6.79511e-17  4.20042e-18
       5209.6070  7.15904e-17  4.24105e-18
       5213.6830  6.64803e-17  4.15587e-18
       5217.7591  7.32033e-17  4.29016e-18
       5221.8351  6.98819e-17  4.24553e-18
       5225.9111  8.18792e-17  4.39924e-18
       5229.9871  7.54728e-17  4.30855e-18
       5234.0632  7.61412e-17  4.32530e-18
       5238.1392  7.86578e-17  4.36405e-18
       5242.2152  8.07944e-17  4.41678e-18
       5246.2912  7.84354e-17  4.37831e-18
       5250.3673  8.06639e-17  4.35469e-18
       5254.4433  8.12112e-17  4.39711e-18
       5258.5193  7.81011e-17  4.35330e-18
       5262.5954  8.18932e-17  4.38229e-18
       5266.6714  8.67550e-17  4.44449e-18
       5270.7474  8.39768e-17  4.41899e-18
       5274.8234  8.49329e-17  4.43948e-18
       5278.8995  8.49717e-17  4.48415e-18
       5282.9755  8.58493e-17  4.48297e-18
       5287.0515  8.76812e-17  4.50509e-18
       5291.1276  8.92260e-17  4.54036e-18
       5295.2036  8.77582e-17  4.52492e-18
       5299.2796  8.90625e-17  4.52585e-18
       5303.3556  8.87632e-17  4.55576e-18
       5307.4317  9.27277e-17  4.63069e-18
       5311.5077  9.47500e-17  4.62857e-18
       5315.5837  9.14624e-17  4.58403e-18
       5319.6597  9.63551e-17  4.65366e-18
       5323.7358  9.67908e-17  4.65415e-18
       5327.8118  9.61115e-17  4.67609e-18
       5331.8878  9.57905e-17  4.66491e-18
       5335.9639  9.58777e-17  4.66067e-18
       5340.0399  1.00369e-16  4.72764e-18
       5344.1159  1.01449e-16  4.72053e-18
       5348.1919  1.02680e-16  4.75239e-18
       5352.2680  1.01718e-16  4.75194e-18
       5356.3440  1.03333e-16  4.78626e-18
       5360.4200  1.04238e-16  4.75237e-18
       5364.4961  1.03008e-16  4.77748e-18
       5368.5721  1.02749e-16  4.78380e-18
       5372.6481  1.03368e-16  4.79335e-18
       5376.7241  1.06503e-16  4.85364e-18
       5380.8002  1.05446e-16  4.84196e-18
       5384.8762  1.09631e-16  4.87612e-18
       5388.9522  1.13588e-16  4.90801e-18
       5393.0283  1.11310e-16  4.90753e-18
       5397.1043  1.10846e-16  4.89152e-18
       5401.1803  1.13567e-16  4.92287e-18
       5405.2563  1.13303e-16  4.91811e-18
       5409.3324  1.15678e-16  4.94831e-18
       5413.4084  1.19173e-16  4.99237e-18
       5417.4844  1.17084e-16  4.96083e-18
       5421.5604  1.20067e-16  5.01279e-18
       5425.6365  1.24196e-16  5.06973e-18
       5429.7125  1.18166e-16  5.01382e-18
       5433.7885  1.16519e-16  4.97373e-18
       5437.8646  1.20005e-16  5.03849e-18
       5441.9406  1.22608e-16  5.07235e-18
       5446.0166  1.16887e-16  4.99797e-18
       5450.0926  1.21009e-16  5.04842e-18
       5454.1687  1.18480e-16  5.00375e-18
       5458.2447  1.17514e-16  4.99078e-18
       5462.3207  1.14427e-16  4.95792e-18
       5466.3968  1.13664e-16  4.96777e-18
       5470.4728  1.19117e-16  5.03335e-18
       5474.5488  1.16055e-16  4.97508e-18
       5478.6248  1.11927e-16  4.95087e-18
       5482.7009  1.15640e-16  5.01500e-18
       5486.7769  1.18706e-16  5.00109e-18
       5490.8529  1.22220e-16  5.26407e-18
       5494.9289  1.19926e-16  5.22064e-18
       5499.0050  1.18632e-16  5.04754e-18
       5503.0810  1.17396e-16  5.03221e-18
       5507.1570  1.18722e-16  5.04585e-18
       5511.2331  1.24947e-16  5.14723e-18
       5515.3091  1.27867e-16  5.19308e-18
       5519.3851  1.36002e-16  5.25857e-18
       5523.4611  1.34411e-16  5.24947e-18
       5527.5372  1.36600e-16  5.28899e-18
       5531.6132  1.40844e-16  5.35672e-18
       5535.6892  1.45966e-16  5.41912e-18
       5539.7653  1.50735e-16  5.49852e-18
       5543.8413  1.59147e-16  5.60111e-18
       5547.9173  1.61211e-16  5.63476e-18
       5551.9933  1.63618e-16  5.64976e-18
       5556.0694  1.67515e-16  5.69499e-18
       5560.1454  1.77258e-16  5.80705e-18
       5564.2214  1.77849e-16  5.80751e-18
       5568.2975  1.83560e-16  6.39771e-18
       5572.3735  1.92379e-16  6.94747e-18
       5576.4495  1.87518e-16  7.01013e-18
       5580.5255  1.93919e-16  7.04572e-18
       5584.6016  2.00062e-16  6.65570e-18
       5588.6776  1.95438e-16  6.08193e-18
       5592.7536  2.00529e-16  6.08413e-18
       5596.8296  2.01463e-16  6.09818e-18
       5600.9057  1.99179e-16  6.06300e-18
       5604.9817  2.05379e-16  6.14652e-18
       5609.0577  1.96862e-16  6.05941e-18
       5613.1338  1.98939e-16  6.10671e-18
       5617.2098  1.97294e-16  6.06029e-18
       5621.2858  1.92492e-16  6.00130e-18
       5625.3618  1.96887e-16  6.06811e-18
       5629.4379  1.97387e-16  6.06426e-18
       5633.5139  1.92903e-16  6.00586e-18
       5637.5899  1.88249e-16  5.93704e-18
       5641.6660  1.85109e-16  5.91310e-18
       5645.7420  1.88358e-16  5.97162e-18
       5649.8180  1.85854e-16  5.94718e-18
       5653.8940  1.78265e-16  5.85575e-18
       5657.9701  1.84143e-16  5.91359e-18
       5662.0461  1.86379e-16  5.93520e-18
       5666.1221  1.82075e-16  5.90017e-18
       5670.1981  1.81833e-16  5.90198e-18
       5674.2742  1.79185e-16  5.86153e-18
       5678.3502  1.79412e-16  5.86547e-18
       5682.4262  1.81417e-16  5.90668e-18
       5686.5023  1.81687e-16  5.89395e-18
       5690.5783  1.83250e-16  5.90984e-18
       5694.6543  1.84123e-16  5.93406e-18
       5698.7303  1.74135e-16  5.83838e-18
       5702.8064  1.86763e-16  5.97514e-18
       5706.8824  1.81472e-16  5.89753e-18
       5710.9584  1.78605e-16  5.87142e-18
       5715.0345  1.87040e-16  5.96766e-18
       5719.1105  1.84317e-16  5.94622e-18
       5723.1865  1.88921e-16  5.99018e-18
       5727.2625  1.94317e-16  6.04813e-18
       5731.3386  1.95427e-16  6.07446e-18
       5735.4146  1.96887e-16  6.09137e-18
       5739.4906  2.03099e-16  6.17079e-18
       5743.5666  2.02710e-16  6.16942e-18
       5747.6427  1.97019e-16  6.09337e-18
       5751.7187  1.99475e-16  6.13310e-18
       5755.7947  1.98557e-16  6.12475e-18
       5759.8708  1.96199e-16  6.09101e-18
       5763.9468  1.94660e-16  6.08173e-18
       5768.0228  1.94318e-16  6.07381e-18
       5772.0988  1.91223e-16  6.03898e-18
       5776.1749  1.95159e-16  6.08038e-18
       5780.2509  1.83474e-16  5.94556e-18
       5784.3269  1.82292e-16  5.93042e-18
       5788.4030  1.81679e-16  5.93098e-18
       5792.4790  1.74645e-16  5.86630e-18
       5796.5550  1.76377e-16  5.88333e-18
       5800.6310  1.74578e-16  5.85204e-18
       5804.7071  1.71179e-16  5.82800e-18
       5808.7831  1.75629e-16  5.87321e-18
       5812.8591  1.68876e-16  5.81433e-18
       5816.9352  1.60802e-16  5.73311e-18
       5821.0112  1.71417e-16  5.82663e-18
       5825.0872  1.75176e-16  5.88109e-18
       5829.1632  1.64949e-16  5.78396e-18
       5833.2393  1.65066e-16  5.76868e-18
       5837.3153  1.65475e-16  5.79108e-18
       5841.3913  1.63426e-16  5.77539e-18
       5845.4673  1.68467e-16  5.80713e-18
       5849.5434  1.56605e-16  5.77532e-18
       5853.6194  1.58652e-16  5.78661e-18
       5857.6954  1.65351e-16  5.80548e-18
       5861.7715  1.67927e-16  5.86255e-18
       5865.8475  1.64183e-16  5.82961e-18
       5869.9235  1.65436e-16  5.84323e-18
       5873.9995  1.67134e-16  5.84153e-18
       5878.0756  1.68454e-16  5.86575e-18
       5882.1516  1.68152e-16  5.91417e-18
       5886.2276  1.64451e-16  5.92756e-18
       5890.3037  1.64490e-16  5.98728e-18
       5894.3797  1.60248e-16  5.94288e-18
       5898.4557  1.59601e-16  5.83914e-18
       5902.5317  1.57997e-16  5.74508e-18
       5906.6078  1.59593e-16  5.75312e-18
       5910.6838  1.60879e-16  5.79164e-18
       5914.7598  1.62835e-16  5.79112e-18
       5918.8358  1.64005e-16  5.81403e-18
       5922.9119  1.57153e-16  5.75052e-18
       5926.9879  1.58469e-16  5.76755e-18
       5931.0639  1.63583e-16  5.82504e-18
       5935.1400  1.63251e-16  5.80644e-18
       5939.2160  1.62198e-16  5.80065e-18
       5943.2920  1.60677e-16  5.78515e-18
       5947.3680  1.35226e-16  5.80663e-18
       5951.4441  1.31592e-16  5.84609e-18
       5955.5201  1.68435e-16  5.85304e-18
       5959.5961  1.66997e-16  5.88431e-18
       5963.6722  1.71466e-16  5.89411e-18
       5967.7482  1.70396e-16  5.90545e-18
       5971.8242  1.69463e-16  5.88756e-18
       5975.9002  1.68060e-16  5.86776e-18
       5979.9763  1.70039e-16  5.90470e-18
       5984.0523  1.66770e-16  5.85033e-18
       5988.1283  1.62772e-16  5.78135e-18
       5992.2043  1.58691e-16  5.75774e-18
       5996.2804  1.61457e-16  5.79718e-18
       6000.3564  1.60209e-16  5.74279e-18
       6004.4324  1.56977e-16  5.71106e-18
       6008.5085  1.50489e-16  5.62248e-18
       6012.5845  1.43662e-16  5.53264e-18
       6016.6605  1.41433e-16  5.51579e-18
       6020.7365  1.37171e-16  5.43881e-18
       6024.8126  1.38038e-16  5.45177e-18
       6028.8886  1.35530e-16  5.43479e-18
       6032.9646  1.26176e-16  5.31690e-18
       6037.0407  1.26900e-16  5.34432e-18
       6041.1167  1.28645e-16  5.33073e-18
       6045.1927  1.12423e-16  5.37121e-18
       6049.2687  1.22576e-16  5.31113e-18
       6053.3448  1.27637e-16  5.31543e-18
       6057.4208  1.19103e-16  5.23559e-18
       6061.4968  1.15109e-16  5.16991e-18
       6065.5729  1.16558e-16  5.18922e-18
       6069.6489  1.15293e-16  5.16893e-18
       6073.7249  1.13776e-16  5.14433e-18
       6077.8009  1.17346e-16  5.17932e-18
       6081.8770  1.20837e-16  5.22595e-18
       6085.9530  1.20776e-16  5.23963e-18
       6090.0290  1.19161e-16  5.20585e-18
       6094.1050  1.20188e-16  5.21845e-18
       6098.1811  1.16798e-16  5.16897e-18
       6102.2571  1.19647e-16  5.24150e-18
       6106.3331  1.21953e-16  5.26032e-18
       6110.4092  1.18563e-16  5.20584e-18
       6114.4852  1.18739e-16  5.54786e-18
       6118.5612  1.16768e-16  5.52826e-18
       6122.6372  1.14363e-16  5.28866e-18
       6126.7133  1.12189e-16  5.15603e-18
       6130.7893  1.14731e-16  5.18484e-18
       6134.8653  1.13154e-16  5.16977e-18
       6138.9414  1.12947e-16  5.16819e-18
       6143.0174  1.13119e-16  5.15383e-18
       6147.0934  1.12018e-16  5.16710e-18
       6151.1694  1.16502e-16  5.20381e-18
       6155.2455  1.16157e-16  5.19457e-18
       6159.3215  1.18054e-16  5.24496e-18
       6163.3975  1.18551e-16  5.21883e-18
       6167.4735  1.16760e-16  5.21948e-18
       6171.5496  1.16984e-16  5.24947e-18
       6175.6256  1.14535e-16  5.20157e-18
       6179.7016  1.15308e-16  5.19064e-18
       6183.7777  1.15658e-16  5.60970e-18
       6187.8537  1.12485e-16  6.16472e-18
       6191.9297  1.09818e-16  6.37920e-18
       6196.0057  1.01592e-16  5.00273e-18
       6200.0818  9.81230e-17  4.97843e-18
       6204.1578  9.96355e-17  4.99779e-18
       6208.2338  9.71594e-17  4.93662e-18
       6212.3099  8.96731e-17  4.82569e-18
       6216.3859  9.28052e-17  4.88961e-18
       6220.4619  9.24157e-17  4.87167e-18
       6224.5379  8.49724e-17  4.75554e-18
       6228.6140  8.72778e-17  4.84003e-18
       6232.6900  8.10290e-17  4.76279e-18
       6236.7660  7.76794e-17  4.74355e-18
       6240.8420  7.87419e-17  4.77602e-18
       6244.9181  7.63550e-17  4.69304e-18
       6248.9941  7.71558e-17  4.68983e-18
       6253.0701  7.70692e-17  4.72409e-18
       6257.1462  7.60238e-17  4.69694e-18
       6261.2222  7.39011e-17  4.66751e-18
       6265.2982  6.92413e-17  4.59030e-18
       6269.3742  6.97070e-17  4.53189e-18
       6273.4503  6.28266e-17  4.40971e-18
       6277.5263  7.02130e-17  4.51279e-18
       6281.6023  6.53387e-17  4.45353e-18
       6285.6784  6.29315e-17  4.40777e-18
       6289.7544  6.06974e-17  4.44493e-18
       6293.8304  6.21948e-17  4.59013e-18
       6297.9064  6.11540e-17  4.67196e-18
       6301.9825  5.91229e-17  4.69500e-18
       6306.0585  5.79259e-17  4.62644e-18
       6310.1345  5.73779e-17  4.46541e-18
       6314.2106  6.28697e-17  4.43802e-18
       6318.2866  6.05481e-17  4.37993e-18
       6322.3626  5.81268e-17  4.37637e-18
       6326.4386  6.03676e-17  4.43791e-18
       6330.5147  6.25466e-17  4.44028e-18
       6334.5907  6.45903e-17  4.48934e-18
       6338.6667  6.58798e-17  4.47007e-18
       6342.7427  7.04078e-17  4.51971e-18
       6346.8188  6.87003e-17  4.51722e-18
       6350.8948  7.18264e-17  4.57580e-18
       6354.9708  7.83923e-17  4.70768e-18
       6359.0469  7.73754e-17  4.75381e-18
       6363.1229  7.80189e-17  4.78202e-18
       6367.1989  8.36474e-17  4.83354e-18
       6371.2749  8.81951e-17  4.87860e-18
       6375.3510  9.47763e-17  4.93009e-18
       6379.4270  9.16315e-17  4.86942e-18
       6383.5030  9.79821e-17  4.97084e-18
       6387.5791  9.90278e-17  4.99125e-18
       6391.6551  9.31999e-17  4.91692e-18
       6395.7311  9.96399e-17  4.99044e-18
       6399.8071  1.02234e-16  5.01300e-18
       6403.8832  1.01939e-16  5.01173e-18
       6407.9592  1.02605e-16  5.02471e-18
       6412.0352  1.01432e-16  5.02405e-18
       6416.1112  1.04415e-16  5.06838e-18
       6420.1873  1.06253e-16  5.09555e-18
       6424.2633  1.03059e-16  5.05390e-18
       6428.3393  1.03871e-16  5.05704e-18
       6432.4154  1.06980e-16  5.11077e-18
       6436.4914  1.09162e-16  5.10786e-18
       6440.5674  1.07354e-16  5.10911e-18
       6444.6434  1.06418e-16  5.11482e-18
       6448.7195  1.11596e-16  5.18245e-18
       6452.7955  1.17197e-16  5.25573e-18
       6456.8715  1.11538e-16  5.19650e-18
       6460.9476  1.15097e-16  5.26324e-18
       6465.0236  1.17010e-16  5.32518e-18
       6469.0996  1.13102e-16  5.30139e-18
       6473.1756  1.18817e-16  5.35546e-18
       6477.2517  1.21486e-16  5.37049e-18
       6481.3277  1.18564e-16  5.30839e-18
       6485.4037  1.19046e-16  5.30811e-18
       6489.4797  1.27209e-16  5.42798e-18
       6493.5558  1.23762e-16  5.42346e-18
       6497.6318  1.25449e-16  5.48494e-18
       6501.7078  1.22799e-16  5.48408e-18
       6505.7839  1.28203e-16  5.50696e-18
       6509.8599  1.31895e-16  5.51929e-18
       6513.9359  1.33019e-16  5.52686e-18
       6518.0119  1.36245e-16  5.73817e-18
       6522.0880  1.33234e-16  5.72543e-18
       6526.1640  1.32091e-16  5.57528e-18
       6530.2400  1.36154e-16  5.62050e-18
       6534.3161  1.38583e-16  5.67637e-18
       6538.3921  1.45883e-16  5.78001e-18
       6542.4681  1.44086e-16  5.71603e-18
       6546.5441  1.49739e-16  5.80618e-18
       6550.6202  1.46561e-16  5.79367e-18
       6554.6962  1.50502e-16  5.82341e-18
       6558.7722  1.55528e-16  5.90107e-18
       6562.8483  1.55721e-16  5.90294e-18
       6566.9243  1.55425e-16  5.88653e-18
       6571.0003  1.55031e-16  5.89745e-18
       6575.0763  1.60406e-16  5.96062e-18
       6579.1524  1.62790e-16  5.97959e-18
       6583.2284  1.58837e-16  5.92848e-18
       6587.3044  1.59379e-16  5.93995e-18
       6591.3804  1.64234e-16  5.97757e-18
       6595.4565  1.65333e-16  6.00668e-18
       6599.5325  1.67144e-16  6.04140e-18
       6603.6085  1.62342e-16  5.99539e-18
       6607.6846  1.63261e-16  5.99593e-18
       6611.7606  1.67740e-16  6.04214e-18
       6615.8366  1.70096e-16  6.03300e-18
       6619.9126  1.61119e-16  5.92955e-18
       6623.9887  1.62062e-16  5.96918e-18
       6628.0647  1.66319e-16  6.00770e-18
       6632.1407  1.63901e-16  5.98439e-18
       6636.2168  1.65456e-16  6.02015e-18
       6640.2928  1.62625e-16  5.97289e-18
       6644.3688  1.63553e-16  6.01048e-18
       6648.4448  1.64129e-16  5.99616e-18
       6652.5209  1.64178e-16  5.98899e-18
       6656.5969  1.60436e-16  5.94976e-18
       6660.6729  1.67162e-16  6.00874e-18
       6664.7489  1.59261e-16  5.95101e-18
       6668.8250  1.58649e-16  5.95542e-18
       6672.9010  1.61711e-16  5.98471e-18
       6676.9770  1.57971e-16  5.92403e-18
       6681.0531  1.59447e-16  6.90793e-18
       6685.1291  1.57864e-16  7.63653e-18
       6689.2051  1.57205e-16  8.25590e-18
       6693.2811  1.53930e-16  8.55601e-18
       6697.3572  1.65382e-16  6.01936e-18
       6701.4332  1.51269e-16  5.83665e-18
       6705.5092  1.49215e-16  5.81209e-18
       6709.5853  1.50374e-16  5.84835e-18
       6713.6613  1.52067e-16  5.82015e-18
       6717.7373  1.56478e-16  5.88596e-18
       6721.8133  1.53893e-16  5.86836e-18
       6722.2353  1.54194e-16  3.95587e-18
       6726.4450  1.49894e-16  3.91132e-18
       6730.6547  1.48061e-16  3.89844e-18
       6734.8644  1.49691e-16  3.90010e-18
       6739.0742  1.48269e-16  3.88205e-18
       6743.2839  1.47728e-16  3.88015e-18
       6747.4936  1.47485e-16  3.87080e-18
       6751.7033  1.42413e-16  3.82682e-18
       6755.9130  1.43751e-16  3.83132e-18
       6760.1227  1.44358e-16  3.83437e-18
       6764.3324  1.41881e-16  3.80699e-18
       6768.5421  1.38707e-16  3.78388e-18
       6772.7518  1.42123e-16  3.80982e-18
       6776.9615  1.40423e-16  3.79632e-18
       6781.1713  1.39089e-16  3.77353e-18
       6785.3810  1.38610e-16  3.77200e-18
       6789.5907  1.35890e-16  3.74107e-18
       6793.8004  1.36876e-16  3.74314e-18
       6798.0101  1.32820e-16  3.71592e-18
       6802.2198  1.30702e-16  3.68063e-18
       6806.4295  1.31774e-16  3.68146e-18
       6810.6392  1.30714e-16  3.67895e-18
       6814.8489  1.27016e-16  3.64930e-18
       6819.0586  1.25383e-16  3.69561e-18
       6823.2684  1.21589e-16  3.73640e-18
       6827.4781  1.19830e-16  3.77202e-18
       6831.6878  1.24854e-16  3.79126e-18
       6835.8975  1.19015e-16  3.67864e-18
       6840.1072  1.16483e-16  3.58796e-18
       6844.3169  1.15841e-16  3.54632e-18
       6848.5266  1.14980e-16  3.51396e-18
       6852.7363  1.20758e-16  3.60481e-18
       6856.9460  1.20127e-16  3.63736e-18
       6861.1557  1.22834e-16  3.59467e-18
       6865.3654  1.23629e-16  3.50556e-18
       6869.5752  1.10691e-16  3.24428e-18
       6873.7849  1.06125e-16  3.14377e-18
       6877.9946  1.17370e-16  3.28626e-18
       6882.2043  1.21882e-16  3.35995e-18
       6886.4140  1.24024e-16  3.39037e-18
       6890.6237  1.21374e-16  3.38188e-18
       6894.8334  1.21480e-16  3.38630e-18
       6899.0431  1.23127e-16  3.41686e-18
       6903.2528  1.21245e-16  3.44654e-18
       6907.4625  1.23197e-16  3.47014e-18
       6911.6723  1.24009e-16  3.53318e-18
       6915.8820  1.21922e-16  3.53923e-18
       6920.0917  1.05477e-16  3.55099e-18
       6924.3014  1.05745e-16  3.63676e-18
       6928.5111  1.03548e-16  3.46209e-18
       6932.7208  1.12676e-16  3.46664e-18
       6936.9305  1.13990e-16  3.46812e-18
       6941.1402  1.14183e-16  3.52463e-18
       6945.3499  1.09596e-16  3.46824e-18
       6949.5596  1.07151e-16  3.44354e-18
       6953.7694  1.07348e-16  3.40054e-18
       6957.9791  1.04942e-16  3.34827e-18
       6962.1888  1.00503e-16  3.31861e-18
       6966.3985  1.00227e-16  3.34504e-18
       6970.6082  1.00937e-16  3.37699e-18
       6974.8179  9.97301e-17  3.35163e-18
       6979.0276  9.53824e-17  3.30705e-18
       6983.2373  9.41654e-17  3.26075e-18
       6987.4470  9.54814e-17  3.24238e-18
       6991.6567  9.33163e-17  3.21892e-18
       6995.8664  9.42195e-17  3.23127e-18
       7000.0762  9.64858e-17  3.25623e-18
       7004.2859  9.40196e-17  3.26100e-18
       7008.4956  9.27874e-17  3.23235e-18
       7012.7053  9.44105e-17  3.24149e-18
       7016.9150  9.36745e-17  3.22737e-18
       7021.1247  9.68258e-17  3.24766e-18
       7025.3344  9.73356e-17  3.24637e-18
       7029.5441  9.80337e-17  3.26090e-18
       7033.7538  9.82864e-17  3.28680e-18
       7037.9635  1.01838e-16  3.31911e-18
       7042.1733  9.83379e-17  3.30919e-18
       7046.3830  1.05027e-16  3.36677e-18
       7050.5927  1.08956e-16  3.39649e-18
       7054.8024  1.07153e-16  3.38508e-18
       7059.0121  1.08122e-16  3.39250e-18
       7063.2218  1.09102e-16  3.39921e-18
       7067.4315  1.08620e-16  3.39242e-18
       7071.6412  1.10167e-16  3.41851e-18
       7075.8509  1.15969e-16  3.47746e-18
       7080.0606  1.17647e-16  3.49183e-18
       7084.2703  1.15517e-16  3.47271e-18
       7088.4801  1.12309e-16  3.43927e-18
       7092.6898  1.09917e-16  3.41370e-18
       7096.8995  1.12584e-16  3.44467e-18
       7101.1092  1.15495e-16  3.45913e-18
       7105.3189  1.18674e-16  3.48836e-18
       7109.5286  1.16201e-16  3.47189e-18
       7113.7383  1.14317e-16  3.45551e-18
       7117.9480  1.14333e-16  3.45070e-18
       7122.1577  1.10318e-16  3.41822e-18
       7126.3674  1.10524e-16  3.42064e-18
       7130.5772  1.13866e-16  3.45421e-18
       7134.7869  1.13495e-16  3.46068e-18
       7138.9966  1.12932e-16  3.45893e-18
       7143.2063  1.10878e-16  3.43396e-18
       7147.4160  1.03541e-16  3.36495e-18
       7151.6257  1.02479e-16  3.34425e-18
       7155.8354  9.87329e-17  3.29093e-18
       7160.0451  9.57886e-17  3.25967e-18
       7164.2548  9.95133e-17  3.28173e-18
       7168.4645  9.47941e-17  3.20941e-18
       7172.6743  9.37902e-17  3.17456e-18
       7176.8840  9.15229e-17  3.12430e-18
       7181.0937  8.91356e-17  3.08655e-18
       7185.3034  8.76971e-17  3.05070e-18
       7189.5131  8.93484e-17  3.07246e-18
       7193.7228  9.03503e-17  3.08121e-18
       7197.9325  8.80939e-17  3.06485e-18
       7202.1422  8.38711e-17  3.04403e-18
       7206.3519  8.48893e-17  3.06004e-18
       7210.5616  8.72201e-17  3.13575e-18
       7214.7713  8.95276e-17  3.17365e-18
       7218.9811  8.61059e-17  3.14271e-18
       7223.1908  9.13643e-17  3.19958e-18
       7227.4005  8.91328e-17  3.20365e-18
       7231.6102  8.83258e-17  3.36737e-18
       7235.8199  8.77120e-17  3.52177e-18
       7240.0296  8.77081e-17  3.57976e-18
       7244.2393  8.77959e-17  3.51750e-18
       7248.4490  9.07571e-17  3.38750e-18
       7252.6587  8.93014e-17  3.22695e-18
       7256.8684  8.56289e-17  3.16200e-18
       7261.0782  8.79614e-17  3.15702e-18
       7265.2879  8.37559e-17  3.26435e-18
       7269.4976  8.62245e-17  3.47780e-18
       7273.7073  8.53105e-17  3.51845e-18
       7277.9170  8.97336e-17  3.59685e-18
       7282.1267  8.73576e-17  3.39144e-18
       7286.3364  9.13461e-17  3.33357e-18
       7290.5461  8.41878e-17  3.19933e-18
       7294.7558  8.54350e-17  3.21869e-18
       7298.9655  8.60487e-17  3.22389e-18
       7303.1753  8.38595e-17  3.24329e-18
       7307.3850  8.90808e-17  3.43038e-18
       7311.5947  9.69187e-17  3.49952e-18
       7315.8044  9.44675e-17  3.50320e-18
       7320.0141  9.37684e-17  3.50129e-18
       7324.2238  9.81862e-17  3.42623e-18
       7328.4335  9.69580e-17  3.44535e-18
       7332.6432  9.99280e-17  3.63723e-18
       7336.8529  1.03489e-16  3.65935e-18
       7341.0626  1.04729e-16  3.66320e-18
       7345.2723  1.07836e-16  3.58745e-18
       7349.4821  1.11796e-16  3.50623e-18
       7353.6918  1.10668e-16  3.50944e-18
       7357.9015  1.10244e-16  3.57398e-18
       7362.1112  1.07739e-16  3.66929e-18
       7366.3209  1.13056e-16  3.66579e-18
       7370.5306  1.17774e-16  3.68715e-18
       7374.7403  1.18876e-16  3.58812e-18
       7378.9500  1.17052e-16  3.47792e-18
       7383.1597  1.15132e-16  3.49689e-18
       7387.3694  1.10900e-16  3.48666e-18
       7391.5792  1.07892e-16  3.52463e-18
       7395.7889  1.14258e-16  3.61296e-18
       7399.9986  1.14243e-16  3.58581e-18
       7404.2083  1.16515e-16  3.57182e-18
       7408.4180  1.10755e-16  3.44922e-18
       7412.6277  1.06778e-16  3.37950e-18
       7416.8374  1.03746e-16  3.34976e-18
       7421.0471  1.03135e-16  3.35903e-18
       7425.2568  1.04999e-16  3.40302e-18
       7429.4665  1.05049e-16  3.44493e-18
       7433.6763  1.04961e-16  3.43465e-18
       7437.8860  1.00096e-16  3.36517e-18
       7442.0957  9.81940e-17  3.32792e-18
       7446.3054  9.70789e-17  3.27935e-18
       7450.5151  9.63542e-17  3.27675e-18
       7454.7248  1.02393e-16  3.34584e-18
       7458.9345  1.04365e-16  3.39407e-18
       7463.1442  9.87717e-17  3.38394e-18
       7467.3539  9.52916e-17  3.37891e-18
       7471.5636  9.57187e-17  3.41361e-18
       7475.7733  9.78444e-17  3.44977e-18
       7479.9831  9.95141e-17  3.43172e-18
       7484.1928  1.01047e-16  3.42177e-18
       7488.4025  9.99848e-17  3.35782e-18
       7492.6122  1.02554e-16  3.33921e-18
       7496.8219  9.21333e-17  3.23744e-18
       7501.0316  8.52934e-17  3.15402e-18
       7505.2413  8.80698e-17  3.17223e-18
       7509.4510  8.31448e-17  3.15342e-18
       7513.6607  8.37585e-17  3.27940e-18
       7517.8704  8.27813e-17  3.38453e-18
       7522.0802  7.93441e-17  3.37046e-18
       7526.2899  7.65449e-17  3.31349e-18
       7530.4996  7.40137e-17  3.16861e-18
       7534.7093  6.99778e-17  3.05020e-18
       7538.9190  7.02268e-17  3.01836e-18
       7543.1287  6.73949e-17  2.98128e-18
       7547.3384  6.70909e-17  2.99888e-18
       7551.5481  6.62288e-17  3.00209e-18
       7555.7578  6.26563e-17  2.96746e-18
       7559.9675  6.02566e-17  2.98449e-18
       7564.1772  5.46934e-17  2.99647e-18
       7568.3870  4.81497e-17  2.93915e-18
       7572.5967  4.49807e-17  2.88896e-18
       7576.8064  4.27026e-17  2.78745e-18
       7581.0161  4.08470e-17  2.67336e-18
       7585.2258  4.27893e-17  2.63672e-18
       7589.4355  4.47166e-17  2.56525e-18
       7593.6452  4.13230e-17  2.28983e-18
       7597.8549  4.15817e-17  2.40732e-18
       7602.0646  3.20007e-17  2.45241e-18
       7606.2743  3.00005e-17  1.93529e-18
       7610.4841  3.05709e-17  1.97725e-18
       7614.6938  3.60149e-17  2.11848e-18
       7618.9035  3.94576e-17  2.24558e-18
       7623.1132  4.16127e-17  2.26620e-18
       7627.3229  3.50335e-17  2.16893e-18
       7631.5326  3.69629e-17  2.15787e-18
       7635.7423  3.69619e-17  2.14792e-18
       7639.9520  4.03261e-17  2.21366e-18
       7644.1617  4.33279e-17  2.32351e-18
       7648.3714  4.22458e-17  2.39211e-18
       7652.5812  4.45859e-17  2.51193e-18
       7656.7909  5.07903e-17  2.64844e-18
       7661.0006  5.69250e-17  2.74787e-18
       7665.2103  6.02175e-17  2.81770e-18
       7669.4200  6.09910e-17  2.83895e-18
       7673.6297  6.01887e-17  2.86550e-18
       7677.8394  6.31671e-17  2.92738e-18
       7682.0491  5.98957e-17  2.92009e-18
       7686.2588  6.24794e-17  2.98938e-18
       7690.4685  6.83336e-17  3.07189e-18
       7694.6782  6.70358e-17  3.06699e-18
       7698.8880  7.30800e-17  3.18076e-18
       7703.0977  7.03516e-17  3.37047e-18
       7707.3074  7.01080e-17  3.61563e-18
       7711.5171  7.35038e-17  3.75898e-18
       7715.7268  6.86336e-17  3.71388e-18
       7719.9365  7.27458e-17  3.55117e-18
       7724.1462  8.08532e-17  3.40262e-18
       7728.3559  8.56184e-17  3.39809e-18
       7732.5656  9.04475e-17  3.37493e-18
       7736.7753  9.21333e-17  3.46627e-18
       7740.9851  9.69598e-17  3.76259e-18
       7745.1948  9.31095e-17  3.88144e-18
       7749.4045  9.96252e-17  3.98962e-18
       7753.6142  1.01681e-16  3.98679e-18
       7757.8239  1.06970e-16  3.77393e-18
       7762.0336  1.13735e-16  3.78694e-18
       7766.2433  1.18566e-16  3.77709e-18
       7770.4530  1.19245e-16  3.80713e-18
       7774.6627  1.18995e-16  3.83183e-18
       7778.8724  1.20444e-16  3.83878e-18
       7783.0822  1.23488e-16  3.96396e-18
       7787.2919  1.30316e-16  4.14533e-18
       7791.5016  1.29609e-16  4.13711e-18
       7795.7113  1.36150e-16  4.19078e-18
       7799.9210  1.41680e-16  4.14588e-18
       7804.1307  1.42747e-16  4.07641e-18
       7808.3404  1.43707e-16  4.15459e-18
       7812.5501  1.41527e-16  4.32470e-18
       7816.7598  1.36975e-16  4.29474e-18
       7820.9695  1.40756e-16  4.31313e-18
       7825.1792  1.42252e-16  4.23333e-18
       7829.3890  1.49146e-16  4.09783e-18
       7833.5987  1.54126e-16  4.20495e-18
       7837.8084  1.55550e-16  4.23391e-18
       7842.0181  1.52824e-16  4.36318e-18
       7846.2278  1.48636e-16  4.51103e-18
       7850.4375  1.48191e-16  4.57080e-18
       7854.6472  1.55513e-16  4.64625e-18
       7858.8569  1.55594e-16  4.52494e-18
       7863.0666  1.59307e-16  4.51170e-18
       7867.2763  1.58467e-16  4.45387e-18
       7871.4861  1.55517e-16  4.46327e-18
       7875.6958  1.50460e-16  4.33457e-18
       7879.9055  1.50649e-16  4.37322e-18
       7884.1152  1.55528e-16  4.43157e-18
       7888.3249  1.62887e-16  4.42283e-18
       7892.5346  1.64113e-16  4.39164e-18
       7896.7443  1.58100e-16  4.21350e-18
       7900.9540  1.52217e-16  4.26722e-18
       7905.1637  1.51177e-16  4.58360e-18
       7909.3734  1.44102e-16  4.64828e-18
       7913.5831  1.43881e-16  4.76760e-18
       7917.7929  1.45462e-16  4.62719e-18
       7922.0026  1.43526e-16  4.42543e-18
       7926.2123  1.32199e-16  4.19429e-18
       7930.4220  1.25690e-16  4.05189e-18
       7934.6317  1.16056e-16  3.92890e-18
       7938.8414  1.11160e-16  3.87097e-18
       7943.0511  1.15812e-16  3.93678e-18
       7947.2608  1.12131e-16  3.91633e-18
       7951.4705  1.14626e-16  3.98015e-18
       7955.6802  1.06389e-16  4.07148e-18
       7959.8900  1.00264e-16  4.06806e-18
       7964.0997  1.00686e-16  4.10140e-18
       7968.3094  9.17449e-17  3.97028e-18
       7972.5191  8.81282e-17  3.78664e-18
       7976.7288  8.55631e-17  3.72484e-18
       7980.9385  8.20600e-17  3.80976e-18
       7985.1482  8.30827e-17  3.94643e-18
       7989.3579  7.62037e-17  3.91965e-18
       7993.5676  7.12731e-17  3.85442e-18
       7997.7773  7.30945e-17  3.62813e-18
       8001.9871  6.86085e-17  3.41281e-18
       8006.1968  6.61237e-17  3.42084e-18
       8010.4065  6.54751e-17  3.43668e-18
       8014.6162  6.74478e-17  3.63158e-18
       8018.8259  6.21096e-17  3.68433e-18
       8023.0356  5.88777e-17  3.63079e-18
       8027.2453  5.44744e-17  3.51793e-18
       8031.4550  4.72200e-17  3.22585e-18
       8035.6647  4.52958e-17  3.05020e-18
       8039.8744  4.44293e-17  3.05892e-18
       8044.0841  4.27536e-17  3.07681e-18
       8048.2939  4.19569e-17  3.10164e-18
       8052.5036  3.69100e-17  3.14048e-18
       8056.7133  3.26953e-17  3.13422e-18
       8060.9230  2.93722e-17  3.04678e-18
       8065.1327  3.02319e-17  2.99026e-18
       8069.3424  2.77266e-17  2.85685e-18
       8073.5521  2.67428e-17  2.79843e-18
       8077.7618  2.72486e-17  2.81409e-18
       8081.9715  2.23894e-17  2.74775e-18
       8086.1812  2.18317e-17  2.76584e-18
       8090.3910  1.94184e-17  2.75934e-18
       8094.6007  1.69985e-17  2.77450e-18
       8098.8104  1.26733e-17  2.90944e-18
       8103.0201  1.51605e-17  3.22584e-18
       8107.2298  1.57728e-17  3.42895e-18
       8111.4395  1.29939e-17  2.58152e-18
       8115.6492  1.23426e-17  2.56587e-18
       8119.8589  1.24058e-17  2.56819e-18
       8124.0686  1.43678e-17  2.59750e-18
       8128.2783  1.15934e-17  2.57399e-18
       8132.4881  1.03824e-17  2.56671e-18
       8136.6978  1.33816e-17  2.63741e-18
       8140.9075  1.37525e-17  2.65470e-18
       8145.1172  1.71243e-17  2.64380e-18
       8149.3269  1.74572e-17  2.64889e-18
       8153.5366  1.99659e-17  2.66381e-18
       8157.7463  2.36927e-17  2.70909e-18
       8161.9560  2.49979e-17  2.72915e-18
       8166.1657  2.66238e-17  2.74752e-18
       8170.3754  2.51762e-17  2.73925e-18
       8174.5851  2.45929e-17  2.75363e-18
       8178.7949  2.45522e-17  2.74589e-18
       8183.0046  2.32029e-17  2.76313e-18
       8187.2143  2.13222e-17  2.75704e-18
       8191.4240  2.32848e-17  2.77474e-18
       8195.6337  1.98579e-17  2.74898e-18
       8199.8434  2.20622e-17  2.78981e-18
       8204.0531  2.26702e-17  2.78846e-18
       8208.2628  1.88960e-17  2.74403e-18
       8212.4725  2.04111e-17  2.74874e-18
       8216.6822  1.75073e-17  2.70064e-18
       8220.8920  1.55149e-17  2.63144e-18
       8225.1017  1.79103e-17  2.91139e-18
       8229.3114  1.60959e-17  2.95578e-18
       8233.5211  1.78234e-17  2.73127e-18
       8237.7308  1.46058e-17  2.66701e-18
       8241.9405  1.71040e-17  2.70747e-18
       8246.1502 -4.62413e-19  2.82405e-18
       8250.3599 -8.99969e-18  3.66494e-18
       8254.5696  2.44627e-18  2.85279e-18
       8258.7793  1.66611e-20  3.05583e-18
       8262.9891 -3.15809e-20  3.12051e-18
       8267.1988  8.58473e-18  2.77893e-18
       8271.4085  1.33866e-17  3.03625e-18
       8275.6182  1.02918e-17  3.24724e-18
       8279.8279  1.06636e-17  3.50894e-18
       8284.0376  1.04595e-17  3.56241e-18
       8288.2473  1.38808e-17  3.72392e-18
       8292.4570  1.75371e-17  3.71630e-18
       8296.6667  1.17652e-17  3.48656e-18
       8300.8764  9.95128e-18  3.34674e-18
       8305.0861  1.26932e-17  3.07646e-18
       8309.2959  1.21023e-17  2.89090e-18
       8313.5056  1.41874e-17  2.87893e-18
       8317.7153  9.26016e-18  2.72201e-18
       8321.9250  1.37486e-17  3.70887e-18
       8326.1347  1.60567e-17  3.51011e-18
       8330.3444  1.17970e-17  2.90788e-18
       8334.5541  1.48284e-17  3.68290e-18
       8338.7638  1.03652e-17  4.13346e-18
       8342.9735  1.21613e-17  4.34346e-18
       8347.1832  1.37328e-17  4.23691e-18
       8351.3930  1.46021e-17  3.56236e-18
       8355.6027  1.57531e-17  3.33350e-18
       8359.8124  1.51772e-17  3.10319e-18
       8364.0221  1.83296e-17  3.07067e-18
       8368.2318  1.72011e-17  3.04281e-18
       8372.4415  1.66415e-17  3.10087e-18
       8376.6512  1.68531e-17  3.21448e-18
       8380.8609  2.27834e-17  3.29461e-18
       8385.0706  2.01089e-17  3.32069e-18
       8389.2803  1.92926e-17  3.73644e-18
       8393.4900  2.23923e-17  3.97336e-18
       8397.6998  1.95874e-17  3.89129e-18
       8401.9095  2.06441e-17  3.79349e-18
       8406.1192  2.41557e-17  3.51664e-18
       8410.3289  2.19588e-17  3.65777e-18
       8414.5386  2.53257e-17  3.67205e-18
       8418.7483  2.73621e-17  3.82135e-18
       8422.9580  2.57954e-17  4.07935e-18
       8427.1677  2.32832e-17  4.11081e-18
       8431.3774  2.56112e-17  4.06733e-18
       8435.5871  3.23526e-18  5.15318e-18
       8439.7969  3.52388e-18  4.78037e-18
       8444.0066  2.26184e-17  3.43450e-18
       8448.2163  2.93934e-17  3.46825e-18
       8452.4260  2.70872e-17  3.58010e-18
       8456.6357  2.67234e-17  3.86076e-18
       8460.8454  2.59322e-17  3.85977e-18
       8465.0551  2.69767e-17  3.92247e-18
       8469.2648  2.94998e-17  3.67786e-18
       8473.4745  2.97143e-17  3.27662e-18
       8477.6842  3.09266e-17  3.17927e-18
       8481.8940  3.13156e-17  3.27241e-18
       8486.1037  3.19543e-17  3.39634e-18
       8490.3134  3.21218e-17  3.45036e-18
       8494.5231  3.59723e-17  3.69379e-18
       8498.7328  3.84567e-17  3.79397e-18
       8502.9425  3.99680e-17  3.76058e-18
       8507.1522  4.16150e-17  3.72708e-18
       8511.3619  4.07185e-17  3.46530e-18
       8515.5716  4.33027e-17  3.37510e-18
       8519.7813  4.57919e-17  3.43829e-18
       8523.9910  4.44729e-17  3.42680e-18
       8528.2008  4.62314e-17  3.50120e-18
       8532.4105  4.73534e-17  3.53133e-18
       8536.6202  5.04250e-17  3.63518e-18
       8540.8299  5.24898e-17  3.77596e-18
       8545.0396  5.82551e-17  3.82456e-18
       8549.2493  6.35057e-17  3.88478e-18
       8553.4590  6.40495e-17  3.83134e-18
       8557.6687  6.60999e-17  3.79208e-18
       8561.8784  6.16000e-17  3.85860e-18
       8566.0881  5.84719e-17  3.85524e-18
       8570.2979  6.88533e-17  3.82643e-18
       8574.5076  7.17228e-17  3.87960e-18
       8578.7173  7.93532e-17  3.98676e-18
       8582.9270  8.42836e-17  4.06502e-18
       8587.1367  8.71735e-17  4.15409e-18
       8591.3464  9.12662e-17  4.21831e-18
       8595.5561  9.88767e-17  4.29984e-18
       8599.7658  1.04410e-16  4.37672e-18
       8603.9755  1.07724e-16  4.38483e-18
       8608.1852  1.09030e-16  4.46602e-18
       8612.3950  1.11513e-16  4.61561e-18
       8616.6047  1.13388e-16  4.78357e-18
       8620.8144  1.16247e-16  4.97275e-18
       8625.0241  1.17849e-16  5.05014e-18
       8629.2338  1.29220e-16  5.15656e-18
       8633.4435  1.37133e-16  5.14496e-18
       8637.6532  1.44190e-16  5.13512e-18
       8641.8629  1.50215e-16  5.20024e-18
       8646.0726  1.54646e-16  5.32817e-18
       8650.2823  1.51533e-16  5.38671e-18
       8654.4920  1.48729e-16  5.42582e-18
       8658.7018  1.52250e-16  5.44694e-18
       8662.9115  1.55994e-16  5.42356e-18
       8667.1212  1.57736e-16  5.38381e-18
       8671.3309  1.65715e-16  5.38783e-18
       8675.5406  1.84055e-16  5.47828e-18
       8679.7503  1.89912e-16  5.48682e-18
       8683.9600  1.95322e-16  5.48882e-18
       8688.1697  1.97839e-16  5.49179e-18
       8692.3794  1.87640e-16  5.40032e-18
       8696.5891  1.86572e-16  5.39887e-18
       8700.7989  1.87809e-16  5.41490e-18
       8705.0086  1.88385e-16  5.39429e-18
       8709.2183  1.95299e-16  5.45974e-18
       8713.4280  2.07562e-16  5.57668e-18
       8717.6377  2.19994e-16  5.70168e-18
       8721.8474  2.30846e-16  5.79954e-18
       8726.0571  2.26174e-16  5.77284e-18
       8730.2668  2.20566e-16  5.73249e-18
       8734.4765  2.15815e-16  5.69241e-18
       8738.6862  2.16035e-16  5.71048e-18
       8742.8959  2.08190e-16  5.64544e-18
       8747.1057  2.15484e-16  5.78986e-18
       8751.3154  2.17209e-16  6.13965e-18
       8755.5251  2.32503e-16  6.55081e-18
       8759.7348  2.34123e-16  6.93343e-18
       8763.9445  2.42713e-16  6.99447e-18
       8768.1542  2.42433e-16  7.11562e-18
       8772.3639  2.40586e-16  6.92717e-18
       8776.5736  2.21100e-16  6.59248e-18
       8780.7833  2.14935e-16  6.45592e-18
       8784.9930  2.13874e-16  6.09083e-18
       8789.2028  2.12043e-16  5.96014e-18
       8793.4125  2.09855e-16  5.91324e-18
       8797.6222  2.12097e-16  5.80198e-18
       8801.8319  2.24717e-16  5.87311e-18
       8806.0416  2.30454e-16  5.95695e-18
       8810.2513  2.29049e-16  5.90457e-18
       8814.4610  2.20556e-16  6.29490e-18
       8818.6707  2.08174e-16  6.88330e-18
       8822.8804  1.94516e-16  7.08926e-18
       8827.0901  1.82011e-16  7.24585e-18
       8831.2999  1.71976e-16  6.76482e-18
       8835.5096  1.75892e-16  6.09902e-18
       8839.7193  1.80794e-16  6.01635e-18
       8843.9290  1.79016e-16  5.74994e-18
       8848.1387  1.87205e-16  5.75880e-18
       8852.3484  1.90221e-16  5.77150e-18
       8856.5581  1.84984e-16  5.80441e-18
       8860.7678  1.74339e-16  5.83410e-18
       8864.9775  1.75410e-16  5.87225e-18
       8869.1872  1.65675e-16  5.71783e-18
       8873.3969  1.63550e-16  5.74945e-18
       8877.6067  1.58044e-16  6.28661e-18
       8881.8164  1.46587e-16  6.26916e-18
       8886.0261  1.48983e-16  6.27245e-18
       8890.2358  1.52419e-16  5.98602e-18
       8894.4455  1.56627e-16  5.78115e-18
       8898.6552  1.53166e-16  5.75889e-18
       8902.8649  1.53680e-16  5.78551e-18
       8907.0746  1.53638e-16  5.90576e-18
       8911.2843  1.48690e-16  6.36043e-18
       8915.4940  1.37023e-16  6.36861e-18
       8919.7038  1.36228e-16  6.39347e-18
       8923.9135  1.29472e-16  5.84105e-18
       8928.1232  1.28299e-16  5.20156e-18
       8932.3329  1.26632e-16  5.22800e-18
       8936.5426  1.27283e-16  5.40317e-18
       8940.7523  1.28126e-16  5.41119e-18
       8944.9620  1.27402e-16  5.56653e-18
       8949.1717  1.29401e-16  5.86441e-18
       8953.3814  1.31585e-16  5.94446e-18
       8957.5911  1.40505e-16  6.06453e-18
       8961.8009  1.40441e-16  5.73392e-18
       8966.0106  1.27584e-16  5.07866e-18
       8970.2203  1.22702e-16  4.90572e-18
       8974.4300  1.22952e-16  4.95795e-18
       8978.6397  1.20504e-16  5.03985e-18
       8982.8494  1.19212e-16  5.08049e-18
       8987.0591  1.16309e-16  5.08429e-18
       8991.2688  1.10430e-16  5.21437e-18
       8995.4785  1.21425e-16  6.09439e-18
       8999.6882  1.21705e-16  5.72245e-18
       9003.8979  1.20837e-16  5.24363e-18
       9008.1077  1.26091e-16  5.10332e-18
       9012.3174  1.25290e-16  4.87647e-18
       9016.5271  1.25340e-16  4.90810e-18
       9020.7368  1.18766e-16  4.88082e-18
       9024.9465  1.17951e-16  4.91483e-18
       9029.1562  1.11996e-16  4.96863e-18
       9033.3659  1.10349e-16  4.99417e-18
       9037.5756  1.06194e-16  5.07030e-18
       9041.7853  1.00983e-16  5.14689e-18
       9045.9950  9.88393e-17  5.04948e-18
       9050.2048  1.00300e-16  5.05770e-18
       9054.4145  9.96120e-17  4.92190e-18
       9058.6242  9.97269e-17  4.79496e-18
       9062.8339  1.04702e-16  4.81299e-18
       9067.0436  1.02890e-16  4.77882e-18
       9071.2533  9.04937e-17  4.61266e-18
       9075.4630  8.44375e-17  4.51385e-18
       9079.6727  9.03047e-17  4.59411e-18
       9083.8824  8.74197e-17  4.61127e-18
       9088.0921  8.06212e-17  4.54600e-18
       9092.3019  8.43519e-17  4.66634e-18
       9096.5116  7.90854e-17  4.64145e-18
       9100.7213  8.17066e-17  4.64224e-18
       9104.9310  8.14980e-17  4.62719e-18
       9109.1407  7.63882e-17  4.49939e-18
       9113.3504  7.98669e-17  4.50719e-18
       9117.5601  8.15310e-17  4.56004e-18
       9121.7698  8.42975e-17  4.56695e-18
       9125.9795  8.41959e-17  4.55225e-18
       9130.1892  7.64372e-17  4.45333e-18
       9134.3989  6.86900e-17  4.33856e-18
       9138.6087  7.05259e-17  4.40830e-18
       9142.8184  7.13729e-17  4.44482e-18
       9147.0281  6.76304e-17  4.44847e-18
       9151.2378  6.76245e-17  4.49190e-18
       9155.4475  6.32372e-17  4.45038e-18
       9159.6572  5.91298e-17  4.42336e-18
       9163.8669  5.41570e-17  4.55111e-18
       9168.0766  6.81323e-17  4.45795e-18
       9172.2863  6.36717e-17  4.38347e-18
       9176.4960  6.51086e-17  4.40516e-18
       9180.7058  6.40980e-17  4.41454e-18
       9184.9155  6.62512e-17  4.48614e-18
       9189.1252  6.57264e-17  4.48143e-18
       9193.3349  6.19647e-17  4.43498e-18
       9197.5446  5.68972e-17  4.39828e-18
       9201.7543  5.26254e-17  4.33285e-18
       9205.9640  5.52868e-17  4.43675e-18
       9210.1737  5.68629e-17  4.45784e-18
       9214.3834  5.58901e-17  4.54399e-18
       9218.5931  5.91388e-17  4.59094e-18
       9222.8028  6.02596e-17  4.58307e-18
       9227.0126  6.41863e-17  4.62071e-18
       9231.2223  6.56563e-17  4.62235e-18
       9235.4320  5.99340e-17  4.56151e-18
       9239.6417  5.70772e-17  4.51824e-18
       9243.8514  5.63585e-17  4.49386e-18
       9248.0611  5.85180e-17  4.56544e-18
       9252.2708  5.22641e-17  4.63552e-18
       9256.4805  3.90354e-17  4.57593e-18
       9260.6902  5.27635e-17  4.55213e-18
       9264.8999  6.21830e-17  4.66929e-18
       9269.1097  6.50949e-17  4.68012e-18
       9273.3194  6.27017e-17  4.66571e-18
       9277.5291  7.09825e-17  4.76201e-18
       9281.7388  7.06977e-17  4.81099e-18
       9285.9485  6.86659e-17  4.81698e-18
       9290.1582  6.59146e-17  4.77156e-18
       9294.3679  7.21178e-17  5.02405e-18
       9298.5776  6.97802e-17  5.66883e-18
       9302.7873  6.05144e-17  6.33032e-18
       9306.9970  6.71771e-17  6.78063e-18
       9311.2068  7.90271e-17  6.84327e-18
       9315.4165  6.73958e-17  6.74299e-18
       9319.6262  6.98922e-17  6.07551e-18
       9323.8359  7.71355e-17  5.86414e-18
       9328.0456  7.81844e-17  5.45714e-18
       9332.2553  9.46186e-17  5.14035e-18
       9336.4650  9.14161e-17  5.00188e-18
       9340.6747  8.33271e-17  4.87293e-18
       9344.8844  7.65516e-17  4.62760e-18
       9349.0941  9.67450e-17  4.80459e-18
       9353.3038  1.03365e-16  4.90094e-18
       9357.5136  8.27158e-17  4.66491e-18
       9361.7233  9.56707e-17  5.31244e-18
       9365.9330  9.82993e-17  6.77472e-18
       9370.1427  8.68963e-17  7.46401e-18
       9374.3524  1.04508e-16  7.69556e-18
       9378.5621  1.08868e-16  7.30039e-18
       9382.7718  9.25141e-17  5.88351e-18
       9386.9815  9.15160e-17  5.35597e-18
       9391.1912  9.15388e-17  5.53246e-18
       9395.4009  8.46188e-17  5.65166e-18
       9399.6107  7.83824e-17  5.58810e-18
       9403.8204  8.40770e-17  5.58035e-18
       9408.0301  8.74690e-17  5.68411e-18
       9412.2398  8.90492e-17  5.95751e-18
       9416.4495  8.44775e-17  5.95777e-18
       9420.6592  8.04228e-17  5.95408e-18
       9424.8689  8.15352e-17  5.69927e-18
       9429.0786  7.78091e-17  6.23303e-18
       9433.2883  7.92087e-17  6.87249e-18
       9437.4980  8.57593e-17  7.08838e-18
       9441.7078  6.68335e-17  6.87678e-18
       9445.9175  8.12861e-17  6.16743e-18
       9450.1272  9.24856e-17  6.32562e-18
       9454.3369  8.65753e-17  6.32652e-18
       9458.5466  7.51651e-17  6.19881e-18
       9462.7563  7.16260e-17  6.03189e-18
       9466.9660  9.55851e-17  6.76420e-18
       9471.1757  8.76834e-17  7.23312e-18
       9475.3854  7.71259e-17  7.28344e-18
       9479.5951  7.72606e-17  6.94603e-18
       9483.8048  7.52428e-17  6.05281e-18
       9488.0146  8.43778e-17  5.77229e-18
       9492.2243  8.53878e-17  6.13373e-18
       9496.4340  7.45722e-17  6.27462e-18
       9500.6437  6.99092e-17  6.30870e-18
       9504.8534  7.08633e-17  6.39947e-18
       9509.0631  8.39248e-17  6.60005e-18
       9513.2728  8.24941e-17  6.69515e-18
       9517.4825  8.12702e-17  6.72773e-18
       9521.6922  7.89943e-17  6.59477e-18
       9525.9019  7.37421e-17  6.13103e-18
       9530.1117  8.79977e-17  6.15426e-18
       9534.3214  8.30105e-17  6.11926e-18
       9538.5311  7.69390e-17  6.13074e-18
       9542.7408  7.89021e-17  6.43832e-18
       9546.9505  6.98509e-17  6.45265e-18
       9551.1602  8.39234e-17  6.73261e-18
       9555.3699  7.44449e-17  6.92123e-18
       9559.5796  8.53519e-17  7.31842e-18
       9563.7893  8.93062e-17  7.44715e-18
       9567.9990  7.97045e-17  7.31295e-18
       9572.2087  7.69150e-17  6.86359e-18
       9576.4185  8.36243e-17  6.55733e-18
       9580.6282  8.38554e-17  6.40279e-18
       9584.8379  7.95089e-17  6.35645e-18
       9589.0476  7.74665e-17  6.33705e-18
       9593.2573  6.91884e-17  6.32003e-18
       9597.4670  7.23436e-17  6.56753e-18
       9601.6767  7.93718e-17  6.86102e-18
       9605.8864  7.66225e-17  6.95851e-18
       9610.0961  6.85007e-17  6.98808e-18
       9614.3058  7.10461e-17  7.05221e-18
       9618.5156  6.95511e-17  7.11498e-18
       9622.7253  7.10577e-17  7.16271e-18
       9626.9350  7.92177e-17  7.09838e-18
       9631.1447  7.68446e-17  6.96359e-18
       9635.3544  8.03000e-17  6.95692e-18
       9639.5641  7.42236e-17  6.89515e-18
       9643.7738  7.33211e-17  6.96864e-18
       9647.9835  7.91378e-17  7.20169e-18
       9652.1932  7.34384e-17  7.20755e-18
       9656.4029  8.02312e-17  7.39948e-18
       9660.6127  7.20431e-17  7.57611e-18
       9664.8224  7.19624e-17  7.74785e-18
       9669.0321  7.64250e-17  8.02816e-18
       9673.2418  8.44189e-17  8.41184e-18
       9677.4515  8.03984e-17  8.50735e-18
       9681.6612  6.31655e-17  8.38044e-18
       9685.8709  4.57443e-17  8.47058e-18
       9690.0806  7.29091e-17  8.64203e-18
       9694.2903  6.42454e-17  8.56893e-18
       9698.5000  6.75485e-17  8.71745e-18
       9702.7097  7.28612e-17  8.66349e-18
       9706.9195  6.33581e-17  8.64483e-18
       9711.1292  7.28878e-17  9.20100e-18
       9715.3389  7.84104e-17  9.40141e-18
       9719.5486  6.99041e-17  9.25051e-18
       9723.7583  6.99142e-17  8.98149e-18
       9727.9680  7.05708e-17  8.68159e-18
       9732.1777  7.13097e-17  8.67795e-18
       9736.3874  7.61509e-17  8.82117e-18
       9740.5971  7.00851e-17  8.66761e-18
       9744.8068  5.68095e-17  8.27965e-18
       9749.0166  5.67743e-17  8.13299e-18
       9753.2263  6.26209e-17  8.14955e-18
       9757.4360  6.14118e-17  8.23775e-18
       9761.6457  6.92942e-17  8.32519e-18
       9765.8554  6.72852e-17  8.41345e-18
       9770.0651  7.65959e-17  8.64530e-18
       9774.2748  7.80887e-17  8.85826e-18
       9778.4845  7.45369e-17  9.66446e-18
       9782.6942  6.26525e-17  1.06734e-17
       9786.9039  7.24692e-17  1.14450e-17
       9791.1137  7.66263e-17  1.17827e-17
       9795.3234  6.90678e-17  1.10276e-17
       9799.5331  6.71404e-17  1.03517e-17
       9803.7428  6.89818e-17  1.00172e-17
       9807.9525  6.62446e-17  9.80322e-18
       9812.1622  6.12346e-17  9.60046e-18
       9816.3719  7.03455e-17  9.61690e-18
       9820.5816  6.60533e-17  9.54035e-18
       9824.7913  6.13083e-17  9.49261e-18
       9829.0010  6.10077e-17  9.54515e-18
       9833.2107  6.01082e-17  9.54963e-18
       9837.4205  6.00318e-17  9.87409e-18
       9841.6302  5.42089e-17  1.02432e-17
       9845.8399  5.99853e-17  1.04459e-17
       9850.0496  5.96742e-17  1.04025e-17
       9854.2593  4.57623e-17  9.95889e-18
       9858.4690  4.67817e-17  1.03912e-17
       9862.6787  5.29190e-17  1.17590e-17
       9866.8884  4.77771e-17  1.25356e-17
       9871.0981  5.52071e-17  1.27306e-17
       9875.3078  5.34137e-17  1.21215e-17
       9879.5176  4.36635e-17  1.09535e-17
       9883.7273  4.49450e-17  1.10592e-17
       9887.9370  4.29046e-17  1.14399e-17
       9892.1467  3.56210e-17  1.14652e-17
       9896.3564  5.75297e-17  1.17521e-17
       9900.5661  4.38179e-17  1.16478e-17
       9904.7758  4.55556e-17  1.28781e-17
       9908.9855  6.91905e-17  1.39101e-17
       9913.1952  3.62185e-17  1.38122e-17
       9917.4049  5.22171e-17  1.34426e-17
       9921.6147  5.59856e-17  1.23553e-17
       9925.8244  5.09584e-17  1.18917e-17
       9930.0341  4.88899e-17  1.25836e-17
       9934.2438  4.01307e-17  1.41672e-17
       9938.4535  3.50646e-17  1.56695e-17
       9942.6632  4.79486e-17  1.66050e-17
       9946.8729  4.08075e-17  1.70184e-17
       9951.0826  7.00235e-17  1.70964e-17
       9955.2923  6.20029e-17  1.68075e-17
       9959.5020  4.78795e-17  1.63572e-17
       9963.7117  4.69489e-17  1.54646e-17
       9967.9215  3.85099e-17  1.45055e-17
       9972.1312  4.55527e-17  1.41602e-17
       9976.3409  4.80947e-17  1.41541e-17
       9980.5506  4.88393e-17  1.43605e-17
