      5165.92  1.38183e-17  1.38183e-18
      5170.64  2.72288e-17  2.72288e-18
      5175.36  1.69339e-17  1.69339e-18
      5180.08  9.73868e-18  9.73868e-19
      5184.79  1.51265e-17  1.51265e-18
      5189.51  2.43088e-17  2.43088e-18
      5194.23  1.31217e-17  1.31217e-18
      5198.95  1.24875e-17  1.24875e-18
      5203.67  3.62229e-17  3.62229e-18
      5208.39  2.56998e-17  2.56998e-18
      5213.10  1.94255e-17  1.94255e-18
      5217.82  3.99984e-17  3.99984e-18
      5222.54  2.64966e-17  2.64966e-18
      5227.26  3.22927e-17  3.22927e-18
      5231.98  1.73224e-17  1.73224e-18
      5236.70  1.98339e-17  1.98339e-18
      5241.41  3.97767e-17  3.97767e-18
      5246.13  2.73476e-17  2.73476e-18
      5250.85  2.58701e-17  2.58701e-18
      5255.57  2.67987e-17  2.67987e-18
      5260.29  3.34978e-17  3.34978e-18
      5265.01  3.13297e-17  3.13297e-18
      5269.73  3.29110e-17  3.29110e-18
      5274.44  3.12711e-17  3.12711e-18
      5279.16  2.74144e-17  2.74144e-18
      5283.88  3.52311e-17  3.52311e-18
      5288.60  5.87491e-17  5.87491e-18
      5293.32  4.15827e-17  4.15827e-18
      5298.04  3.77474e-17  3.77474e-18
      5302.75  5.21799e-17  5.21800e-18
      5307.47  3.87878e-17  3.87878e-18
      5312.19  3.41189e-17  3.41189e-18
      5316.91  3.56632e-17  3.56632e-18
      5321.63  3.21224e-17  3.21224e-18
      5326.35  4.02166e-17  4.02166e-18
      5331.06  3.02488e-17  3.02488e-18
      5335.78  3.83786e-17  3.83786e-18
      5340.50  3.80911e-17  3.80911e-18
      5345.22  4.08893e-17  4.08893e-18
      5349.94  4.68081e-17  4.68081e-18
      5354.66  5.36299e-17  5.36299e-18
      5359.38  5.21825e-17  5.21825e-18
      5364.09  2.64069e-17  2.64069e-18
      5368.81  3.88320e-17  3.88320e-18
      5373.53  3.91210e-17  3.91210e-18
      5378.25  2.88553e-17  2.88553e-18
      5382.97  3.74372e-17  3.74372e-18
      5387.69  3.75320e-17  3.75320e-18
      5392.40  6.39061e-17  6.39061e-18
      5397.12  5.95928e-17  5.95928e-18
      5401.84  4.34039e-17  4.34039e-18
      5406.56  4.79048e-17  4.79048e-18
      5411.28  5.32476e-17  5.32476e-18
      5416.00  4.06280e-17  4.06280e-18
      5420.72  3.15855e-17  3.15855e-18
      5425.43  4.03170e-17  4.03170e-18
      5430.15  3.91683e-17  3.91683e-18
      5434.87  3.29310e-17  3.29310e-18
      5439.59  4.97931e-17  4.97931e-18
      5444.31  4.43980e-17  4.43980e-18
      5449.03  2.63768e-17  2.63768e-18
      5453.74  2.70451e-17  2.70451e-18
      5458.46  4.52810e-17  4.52810e-18
      5463.18  5.70092e-17  5.70092e-18
      5467.90  5.08985e-17  5.08984e-18
      5472.62  3.69605e-17  3.69605e-18
      5477.34  4.55550e-17  4.55550e-18
      5482.05  3.50673e-17  3.50673e-18
      5486.77  5.15255e-17  5.15255e-18
      5491.49  5.10814e-17  5.10814e-18
      5496.21  4.37914e-17  4.37914e-18
      5500.93  4.60176e-17  4.60176e-18
      5505.65  3.12764e-17  3.12764e-18
      5510.37  4.59023e-17  4.59023e-18
      5515.08  4.47237e-17  4.47236e-18
      5519.80  4.51608e-17  4.51608e-18
      5524.52  4.05534e-17  4.05534e-18
      5529.24  5.02349e-17  5.02349e-18
      5533.96  4.96961e-17  4.96961e-18
      5538.68  5.82118e-17  5.82118e-18
      5543.39  5.37257e-17  5.37257e-18
      5548.11  6.34451e-17  6.34451e-18
      5552.83  5.48853e-17  5.48853e-18
      5557.55  5.03729e-17  5.03729e-18
      5562.27  6.06483e-17  6.06483e-18
      5566.99  5.84551e-17  5.84551e-18
      5571.71  6.06052e-17  6.06052e-18
      5576.42  7.62899e-17  7.62899e-18
      5581.14  2.48893e-17  2.48893e-18
      5585.86 -5.03756e-17 -5.03756e-18
      5590.58  5.64017e-17  5.64017e-18
      5595.30  4.91082e-17  4.91082e-18
      5600.02  7.30581e-17  7.30581e-18
      5604.73  6.81568e-17  6.81568e-18
      5609.45  5.85074e-17  5.85074e-18
      5614.17  6.63468e-17  6.63468e-18
      5618.89  7.49739e-17  7.49739e-18
      5623.61  7.21575e-17  7.21575e-18
      5628.33  6.43782e-17  6.43782e-18
      5633.04  6.55525e-17  6.55525e-18
      5637.76  6.27552e-17  6.27552e-18
      5642.48  5.27479e-17  5.27479e-18
      5647.20  5.32146e-17  5.32146e-18
      5651.92  6.22997e-17  6.22997e-18
      5656.64  6.96889e-17  6.96889e-18
      5661.36  7.21841e-17  7.21841e-18
      5666.07  6.43705e-17  6.43705e-18
      5670.79  5.06972e-17  5.06972e-18
      5675.51  5.15408e-17  5.15408e-18
      5680.23  5.88780e-17  5.88780e-18
      5684.95  7.04736e-17  7.04736e-18
      5689.67  7.75436e-17  7.75436e-18
      5694.38  7.49599e-17  7.49600e-18
      5699.10  5.89059e-17  5.89059e-18
      5703.82  7.19421e-17  7.19421e-18
      5708.54  7.26621e-17  7.26621e-18
      5713.26  6.47048e-17  6.47048e-18
      5717.98  6.19550e-17  6.19550e-18
      5722.69  6.03190e-17  6.03190e-18
      5727.41  6.80393e-17  6.80393e-18
      5732.13  6.74619e-17  6.74619e-18
      5736.85  7.21670e-17  7.21670e-18
      5741.57  6.97269e-17  6.97269e-18
      5746.29  7.38971e-17  7.38971e-18
      5751.01  7.44680e-17  7.44680e-18
      5755.72  7.65894e-17  7.65894e-18
      5760.44  8.09202e-17  8.09202e-18
      5765.16  7.62937e-17  7.62937e-18
      5769.88  7.12967e-17  7.12967e-18
      5774.60  6.89263e-17  6.89263e-18
      5779.32  7.08764e-17  7.08764e-18
      5784.03  7.45471e-17  7.45471e-18
      5788.75  8.22975e-17  8.22975e-18
      5793.47  7.89922e-17  7.89922e-18
      5798.19  7.35489e-17  7.35489e-18
      5802.91  6.27690e-17  6.27690e-18
      5807.63  6.39453e-17  6.39454e-18
      5812.35  6.14708e-17  6.14708e-18
      5817.06  6.00227e-17  6.00227e-18
      5821.78  5.55610e-17  5.55610e-18
      5826.50  5.92244e-17  5.92244e-18
      5831.22  7.91844e-17  7.91844e-18
      5835.94  7.50036e-17  7.50036e-18
      5840.66  6.44504e-17  6.44504e-18
      5845.37  6.16202e-17  6.16202e-18
      5850.09  4.98208e-17  4.98208e-18
      5854.81  4.80663e-17  4.80663e-18
      5859.53  6.99436e-17  6.99436e-18
      5864.25  7.47126e-17  7.47126e-18
      5868.97  7.13706e-17  7.13706e-18
      5873.69  6.64553e-17  6.64553e-18
      5878.40  7.14008e-17  7.14008e-18
      5883.12  7.54383e-17  7.54383e-18
      5887.84  6.63992e-17  6.63992e-18
      5892.56  5.77524e-17  5.77524e-18
      5897.28  4.11654e-17  4.11654e-18
      5902.00  4.67413e-17  4.67413e-18
      5906.71  5.93807e-17  5.93807e-18
      5911.43  4.55621e-17  4.55621e-18
      5916.15  4.53341e-17  4.53341e-18
      5920.87  7.28272e-17  7.28272e-18
      5925.59  6.70401e-17  6.70401e-18
      5930.31  5.32903e-17  5.32903e-18
      5935.02  5.72648e-17  5.72648e-18
      5939.74  6.19529e-17  6.19529e-18
      5944.46  4.99917e-17  4.99917e-18
      5949.18  5.23459e-17  5.23459e-18
      5953.90  5.56117e-17  5.56117e-18
      5958.62  4.91526e-17  4.91526e-18
      5963.34  5.70157e-17  5.70157e-18
      5968.05  6.38669e-17  6.38669e-18
      5972.77  6.32933e-17  6.32933e-18
      5977.49  6.14807e-17  6.14807e-18
      5982.21  6.71021e-17  6.71021e-18
      5986.93  7.52481e-17  7.52481e-18
      5991.65  7.42863e-17  7.42863e-18
      5996.36  6.02870e-17  6.02870e-18
      6001.08  6.39977e-17  6.39977e-18
      6005.80  5.80071e-17  5.80071e-18
      6010.52  5.41547e-17  5.41547e-18
      6015.24  4.84551e-17  4.84551e-18
      6019.96  5.82764e-17  5.82764e-18
      6024.67  6.04430e-17  6.04430e-18
      6029.39  6.93987e-17  6.93987e-18
      6034.11  7.02128e-17  7.02128e-18
      6038.83  4.75455e-17  4.75455e-18
      6043.55  6.35867e-17  6.35867e-18
      6048.27  6.15619e-17  6.15619e-18
      6052.99  5.60587e-17  5.60587e-18
      6057.70  5.12972e-17  5.12972e-18
      6062.42  6.02628e-17  6.02628e-18
      6067.14  5.71779e-17  5.71779e-18
      6071.86  5.73862e-17  5.73862e-18
      6076.58  5.67059e-17  5.67059e-18
      6081.30  5.33629e-17  5.33629e-18
      6086.01  5.20494e-17  5.20494e-18
      6090.73  5.03026e-17  5.03026e-18
      6095.45  4.96003e-17  4.96003e-18
      6100.17  5.29590e-17  5.29590e-18
      6104.89  5.74876e-17  5.74876e-18
      6109.61  4.63423e-17  4.63423e-18
      6114.33  4.13204e-17  4.13204e-18
      6119.04  4.46679e-17  4.46679e-18
      6123.76  4.68100e-17  4.68100e-18
      6128.48  4.67549e-17  4.67549e-18
      6133.20  5.84552e-17  5.84552e-18
      6137.92  4.79346e-17  4.79346e-18
      6142.64  3.82864e-17  3.82864e-18
      6147.35  4.40137e-17  4.40137e-18
      6152.07  5.35044e-17  5.35044e-18
      6156.79  4.61688e-17  4.61688e-18
      6161.51  3.58899e-17  3.58899e-18
      6166.23  4.44769e-17  4.44769e-18
      6170.95  4.68846e-17  4.68846e-18
      6175.66  4.68756e-17  4.68756e-18
      6180.38  4.41336e-17  4.41336e-18
      6185.10  4.58300e-17  4.58300e-18
      6189.82  5.38682e-17  5.38682e-18
      6194.54  4.92335e-17  4.92335e-18
      6199.26  3.40303e-17  3.40303e-18
      6203.98  4.57157e-17  4.57157e-18
      6208.69  3.94554e-17  3.94554e-18
      6213.41  3.40273e-17  3.40273e-18
      6218.13  3.53323e-17  3.53323e-18
      6222.85  3.12325e-17  3.12325e-18
      6227.57  2.87445e-17  2.87445e-18
      6232.29  1.88942e-17  1.88942e-18
      6237.00  3.16184e-17  3.16184e-18
      6241.72  3.71185e-17  3.71185e-18
      6246.44  2.86361e-17  2.86361e-18
      6251.16  2.56966e-17  2.56966e-18
      6255.88  3.57398e-17  3.57398e-18
      6260.60  4.20729e-17  4.20729e-18
      6265.31  3.22532e-17  3.22532e-18
      6270.03  2.42814e-17  2.42814e-18
      6274.75  1.43756e-17  1.43756e-18
      6279.47  1.82827e-17  1.82826e-18
      6284.19  1.87277e-17  1.87277e-18
      6288.91  1.86554e-17  1.86554e-18
      6293.63  9.72220e-18  9.72220e-19
      6298.34  3.99048e-17  3.99048e-18
      6303.06  6.29200e-17  6.29200e-18
      6307.78  2.29792e-17  2.29792e-18
      6312.50  2.39875e-17  2.39875e-18
      6317.22  1.11677e-17  1.11677e-18
      6321.94  1.70262e-17  1.70262e-18
      6326.65  1.99737e-17  1.99737e-18
      6331.37  1.94418e-17  1.94418e-18
      6336.09  1.49568e-17  1.49568e-18
      6340.81  2.45655e-17  2.45655e-18
      6345.53  3.29474e-17  3.29474e-18
      6350.25  2.73913e-17  2.73913e-18
      6354.97  3.58332e-17  3.58332e-18
      6359.68  3.30089e-17  3.30089e-18
      6364.40  3.93269e-17  3.93269e-18
      6369.12  3.64558e-17  3.64558e-18
      6373.84  3.41740e-17  3.41740e-18
      6378.56  3.27522e-17  3.27522e-18
      6383.28  2.85185e-17  2.85185e-18
      6387.99  2.97367e-17  2.97367e-18
      6392.71  3.33493e-17  3.33493e-18
      6397.43  3.98712e-17  3.98712e-18
      6402.15  4.24664e-17  4.24664e-18
      6406.87  3.81602e-17  3.81602e-18
      6411.59  3.39012e-17  3.39012e-18
      6416.31  3.53383e-17  3.53383e-18
      6421.02  4.08765e-17  4.08765e-18
      6425.74  5.05849e-17  5.05849e-18
      6430.46  4.29386e-17  4.29386e-18
      6435.18  3.69878e-17  3.69878e-18
      6439.90  4.26161e-17  4.26161e-18
      6444.62  5.53984e-17  5.53984e-18
      6449.33  4.44742e-17  4.44742e-18
      6454.05  3.98677e-17  3.98677e-18
      6458.77  5.15378e-17  5.15378e-18
      6463.49  4.56026e-17  4.56026e-18
      6468.21  4.80579e-17  4.80579e-18
      6472.93  5.14015e-17  5.14015e-18
      6477.64  4.87820e-17  4.87820e-18
      6482.36  4.09366e-17  4.09366e-18
      6487.08  4.76638e-17  4.76638e-18
      6491.80  4.79885e-17  4.79885e-18
      6496.52  4.25578e-17  4.25578e-18
      6501.24  4.58374e-17  4.58374e-18
      6505.96  4.89686e-17  4.89686e-18
      6510.67  5.75277e-17  5.75277e-18
      6515.39  5.26849e-17  5.26849e-18
      6520.11  4.44199e-17  4.44199e-18
      6524.83  5.09003e-17  5.09003e-18
      6529.55  4.92782e-17  4.92782e-18
      6534.27  4.76318e-17  4.76318e-18
      6538.98  5.43452e-17  5.43452e-18
      6543.70  6.55734e-17  6.55734e-18
      6548.42  6.96981e-17  6.96981e-18
      6553.14  5.57609e-17  5.57609e-18
      6557.86  6.46157e-17  6.46157e-18
      6562.58  6.65258e-17  6.65258e-18
      6567.29  6.16137e-17  6.16137e-18
      6572.01  7.48094e-17  7.48094e-18
      6576.73  7.83678e-17  7.83678e-18
      6581.45  7.16740e-17  7.16740e-18
      6586.17  7.28414e-17  7.28414e-18
      6590.89  6.92519e-17  6.92519e-18
      6595.61  6.04711e-17  6.04711e-18
      6600.32  6.70832e-17  6.70832e-18
      6605.04  7.08891e-17  7.08891e-18
      6609.76  6.05363e-17  6.05363e-18
      6614.48  6.46383e-17  6.46383e-18
      6619.20  6.85189e-17  6.85189e-18
      6623.92  6.62781e-17  6.62781e-18
      6628.63  6.58177e-17  6.58177e-18
      6633.35  5.39644e-17  5.39644e-18
      6638.07  4.78241e-17  4.78241e-18
      6642.79  6.29937e-17  6.29937e-18
      6647.51  6.77628e-17  6.77628e-18
      6652.23  6.26606e-17  6.26606e-18
      6656.95  7.03310e-17  7.03310e-18
      6661.66  5.68194e-17  5.68194e-18
      6666.38  5.95565e-17  5.95565e-18
      6671.10  6.74153e-17  6.74153e-18
      6675.82  6.34136e-17  6.34136e-18
      6680.54  5.68637e-17  5.68637e-18
      6685.26  6.15697e-17  6.15697e-18
      6689.97  6.16410e-17  6.16410e-18
      6694.69  5.55595e-17  5.55595e-18
      6699.41  6.01043e-17  6.01043e-18
      6704.13  5.91250e-17  5.91250e-18
      6708.85  5.31830e-17  5.31830e-18
      6713.57  6.62181e-17  6.62181e-18
      6718.28  5.86088e-17  5.86088e-18
      6723.00  6.01308e-17  6.01308e-18
      6727.72  6.53871e-17  6.53871e-18
      6732.44  7.54359e-17  7.54359e-18
      6737.16  6.27577e-17  6.27577e-18
      6741.88  4.96193e-17  4.96193e-18
      6746.60  5.99351e-17  5.99351e-18
      6751.31  7.64479e-17  7.64479e-18
      6756.03  6.12687e-17  6.12687e-18
      6760.75  6.09432e-17  6.09432e-18
      6765.47  6.81901e-17  6.81901e-18
      6770.19  5.73073e-17  5.73073e-18
      6774.91  5.65616e-17  5.65616e-18
      6779.62  6.10062e-17  6.10062e-18
      6784.34  5.68993e-17  5.68993e-18
      6789.06  5.60828e-17  5.60828e-18
      6793.78  6.87473e-17  6.87473e-18
      6798.50  5.74347e-17  5.74347e-18
      6803.22  4.94073e-17  4.94073e-18
      6807.94  7.38265e-17  7.38265e-18
      6812.65  5.64357e-17  5.64357e-18
      6817.37  5.45675e-17  5.45675e-18
      6822.09  4.98754e-17  4.98754e-18
      6826.81  4.60667e-17  4.60667e-18
      6831.53  5.33415e-17  5.33415e-18
      6836.25  6.17039e-17  6.17039e-18
      6840.96  5.77995e-17  5.77995e-18
      6845.68  5.60090e-17  5.60090e-18
      6850.40  5.69132e-17  5.69132e-18
      6855.12  6.31798e-17  6.31797e-18
      6859.84  6.37364e-17  6.37364e-18
      6864.56  5.34137e-17  5.34137e-18
      6869.27  5.69705e-17  5.69705e-18
      6873.99  5.31440e-17  5.31440e-18
      6878.71  6.48018e-17  6.48018e-18
      6883.43  3.70412e-17  3.70412e-18
      6888.15  5.33461e-17  5.33461e-18
      6892.87  4.85137e-17  4.85137e-18
      6897.59  4.89885e-17  4.89885e-18
      6902.30  5.18981e-17  5.18981e-18
      6907.02  4.67875e-17  4.67875e-18
      6911.74  5.90905e-17  5.90905e-18
      6916.46  4.76147e-17  4.76147e-18
      6921.18  5.81162e-17  5.81162e-18
      6925.90  6.45120e-17  6.45120e-18
      6930.61  4.80564e-17  4.80564e-18
      6935.33  3.59566e-17  3.59566e-18
      6940.05  4.69688e-17  4.69688e-18
      6944.77  5.66337e-17  5.66337e-18
      6949.49  4.92598e-17  4.92598e-18
      6954.21  4.41201e-17  4.41201e-18
      6958.92  5.01906e-17  5.01906e-18
      6963.64  4.62899e-17  4.62899e-18
      6968.36  5.05126e-17  5.05126e-18
      6973.08  5.59256e-17  5.59256e-18
      6977.80  5.81424e-17  5.81424e-18
      6982.52  4.27298e-17  4.27298e-18
      6987.24  4.28506e-17  4.28506e-18
      6991.95  4.27136e-17  4.27136e-18
      6996.67  3.37665e-17  3.37665e-18
      7001.39  3.89121e-17  3.89121e-18
      7006.11  3.98175e-17  3.98175e-18
      7010.83  3.95888e-17  3.95888e-18
      7015.55  4.51524e-17  4.51524e-18
      7020.26  5.53115e-17  5.53115e-18
      7024.98  5.18316e-17  5.18316e-18
      7029.70  5.00419e-17  5.00419e-18
      7034.42  5.86767e-17  5.86767e-18
      7039.14  5.22347e-17  5.22347e-18
      7043.86  4.36115e-17  4.36115e-18
      7048.58  5.09567e-17  5.09567e-18
      7053.29  6.46221e-17  6.46221e-18
      7058.01  5.81520e-17  5.81520e-18
      7062.73  5.39155e-17  5.39155e-18
      7067.45  4.90025e-17  4.90025e-18
      7072.17  5.44264e-17  5.44264e-18
      7076.89  6.66890e-17  6.66890e-18
      7081.60  6.18334e-17  6.18334e-18
      7086.32  5.71778e-17  5.71778e-18
      7091.04  6.22685e-17  6.22685e-18
      7095.76  5.74790e-17  5.74790e-18
      7100.48  4.60376e-17  4.60376e-18
      7105.20  4.73004e-17  4.73004e-18
      7109.92  4.93059e-17  4.93059e-18
      7114.63  5.89547e-17  5.89547e-18
      7119.35  5.42111e-17  5.42111e-18
      7124.07  6.08341e-17  6.08341e-18
      7128.79  5.42807e-17  5.42807e-18
      7133.51  5.17515e-17  5.17515e-18
      7138.23  4.81469e-17  4.81469e-18
      7142.94  3.96645e-17  3.96645e-18
      7147.66  4.70144e-17  4.70144e-18
      7152.38  5.15988e-17  5.15988e-18
      7157.10  4.96007e-17  4.96007e-18
      7161.82  3.78300e-17  3.78300e-18
      7166.54  4.56706e-17  4.56706e-18
      7171.25  4.55843e-17  4.55843e-18
      7175.97  4.11077e-17  4.11077e-18
      7180.69  3.87452e-17  3.87452e-18
      7185.41  3.62792e-17  3.62792e-18
      7190.13  4.17226e-17  4.17226e-18
      7194.85  4.32663e-17  4.32663e-18
      7199.56  3.46329e-17  3.46329e-18
      7204.28  2.93628e-17  2.93628e-18
      7209.00  2.57004e-17  2.57004e-18
      7213.72  4.27959e-17  4.27960e-18
      7218.44  4.97508e-17  4.97508e-18
      7223.16  4.01183e-17  4.01183e-18
      7227.88  3.49858e-17  3.49858e-18
      7232.59  3.83699e-17  3.83699e-18
      7237.31  3.58644e-17  3.58644e-18
      7242.03  1.53058e-17  1.53058e-18
      7246.75  2.93229e-17  2.93229e-18
      7251.47  4.37203e-17  4.37203e-18
      7256.19  3.59655e-17  3.59655e-18
      7260.90  2.73097e-17  2.73097e-18
      7265.62  3.65891e-17  3.65891e-18
      7270.34  4.16379e-17  4.16379e-18
      7275.06  3.26092e-17  3.26093e-18
      7279.78  2.34582e-17  2.34582e-18
      7284.50  2.60632e-17  2.60632e-18
      7289.22  2.52263e-17  2.52263e-18
      7293.93  3.12823e-17  3.12823e-18
      7298.65  4.42913e-17  4.42912e-18
      7303.37  3.93257e-17  3.93257e-18
      7308.09  3.77325e-17  3.77325e-18
      7312.81  3.79703e-17  3.79703e-18
      7317.53  4.50868e-17  4.50868e-18
      7322.24  4.96748e-17  4.96748e-18
      7326.96  3.75893e-17  3.75893e-18
      7331.68  4.28305e-17  4.28305e-18
      7336.40  3.99808e-17  3.99808e-18
      7341.12  3.66623e-17  3.66623e-18
      7345.84  4.73897e-17  4.73897e-18
      7350.56  4.33688e-17  4.33688e-18
      7355.27  2.77323e-17  2.77323e-18
      7359.99  3.29246e-17  3.29246e-18
      7364.71  4.48817e-17  4.48817e-18
      7369.43  5.13504e-17  5.13504e-18
      7374.15  4.36283e-17  4.36283e-18
      7378.87  3.20121e-17  3.20121e-18
      7383.58  3.05936e-17  3.05936e-18
      7388.30  4.65681e-17  4.65681e-18
      7393.02  4.19381e-17  4.19381e-18
      7397.74  4.63922e-17  4.63922e-18
      7402.46  5.00561e-17  5.00561e-18
      7407.18  4.81056e-17  4.81056e-18
      7411.89  3.90873e-17  3.90873e-18
      7416.61  3.13655e-17  3.13655e-18
      7421.33  4.46672e-17  4.46672e-18
      7426.05  4.04806e-17  4.04806e-18
      7430.77  4.02151e-17  4.02151e-18
      7435.49  4.56721e-17  4.56721e-18
      7440.21  4.24767e-17  4.24767e-18
      7444.92  4.36913e-17  4.36913e-18
      7449.64  3.78604e-17  3.78604e-18
      7454.36  3.15445e-17  3.15445e-18
      7459.08  4.67945e-17  4.67945e-18
      7463.80  5.12461e-17  5.12461e-18
      7468.52  4.10753e-17  4.10753e-18
      7473.23  2.33653e-17  2.33653e-18
      7477.95  2.65910e-17  2.65910e-18
      7482.67  4.38694e-17  4.38694e-18
      7487.39  3.60543e-17  3.60543e-18
      7492.11  3.00906e-17  3.00906e-18
      7496.83  4.16092e-17  4.16092e-18
      7501.54  4.07275e-17  4.07275e-18
      7506.26  2.15525e-17  2.15525e-18
      7510.98  2.02696e-17  2.02696e-18
      7515.70  2.64358e-17  2.64358e-18
      7520.42  2.89398e-17  2.89398e-18
      7525.14  2.93059e-17  2.93059e-18
      7529.86  2.05865e-17  2.05865e-18
      7534.57  1.30832e-17  1.30832e-18
      7539.29  1.64634e-17  1.64634e-18
      7544.01  1.38469e-17  1.38469e-18
      7548.73  1.33147e-17  1.33147e-18
      7553.45  1.52993e-17  1.52993e-18
      7558.17  1.81195e-17  1.81195e-18
      7562.88  1.51435e-17  1.51435e-18
      7567.60  9.81274e-18  9.81274e-19
      7572.32  1.30174e-17  1.30174e-18
      7577.04  1.47316e-17  1.47316e-18
      7581.76  1.24694e-17  1.24694e-18
      7586.48  1.68047e-17  1.68047e-18
      7591.20  1.12673e-17  1.12673e-18
      7595.91  6.34574e-18  6.34574e-19
      7600.63  1.10463e-17  1.10463e-18
      7605.35  9.41856e-18  9.41856e-19
      7610.07  7.62328e-18  7.62328e-19
      7614.79  1.02602e-17  1.02602e-18
      7619.51  1.57289e-18  1.57289e-19
      7624.22 -3.90881e-18 -3.90881e-19
      7628.94 -7.14745e-18 -7.14745e-19
      7633.66 -1.49542e-18 -1.49542e-19
      7638.38  1.03389e-17  1.03388e-18
      7643.10  2.14086e-17  2.14086e-18
      7647.82  2.63735e-17  2.63735e-18
      7652.53  1.23638e-17  1.23638e-18
      7657.25  3.38626e-18  3.38626e-19
      7661.97  1.64732e-17  1.64732e-18
      7666.69  1.09943e-17  1.09943e-18
      7671.41  7.05126e-18  7.05126e-19
      7676.13  1.35937e-17  1.35937e-18
      7680.85  1.72179e-17  1.72179e-18
      7685.56  1.97463e-17  1.97463e-18
      7690.28  1.91601e-17  1.91601e-18
      7695.00  2.15178e-17  2.15178e-18
      7699.72  3.20482e-17  3.20482e-18
      7704.44  3.36803e-17  3.36803e-18
      7709.16  4.33367e-17  4.33366e-18
      7713.87  2.48439e-17  2.48439e-18
      7718.59  7.29154e-18  7.29154e-19
      7723.31  9.18231e-18  9.18231e-19
      7728.03  1.21549e-17  1.21549e-18
      7732.75  2.41714e-17  2.41714e-18
      7737.47  3.60334e-17  3.60334e-18
      7742.19  4.49437e-17  4.49437e-18
      7746.90  5.59282e-17  5.59282e-18
      7751.62  7.90089e-17  7.90089e-18
      7756.34  7.04024e-17  7.04024e-18
      7761.06  3.68404e-17  3.68404e-18
      7765.78  3.33156e-17  3.33156e-18
      7770.50  3.73571e-17  3.73571e-18
      7775.21  4.04732e-17  4.04732e-18
      7779.93  3.11208e-17  3.11208e-18
      7784.65  2.73700e-17  2.73700e-18
      7789.37  1.39433e-17  1.39433e-18
      7794.09  2.28126e-17  2.28126e-18
      7798.81  4.01547e-17  4.01547e-18
      7803.52  3.28407e-17  3.28407e-18
      7808.24  2.74213e-17  2.74213e-18
      7812.96  3.91312e-17  3.91312e-18
      7817.68  4.02259e-17  4.02259e-18
      7822.40  4.58893e-17  4.58893e-18
      7827.12  5.30229e-17  5.30229e-18
      7831.84  5.12295e-17  5.12295e-18
      7836.55  4.25378e-17  4.25378e-18
      7841.27  3.57722e-17  3.57722e-18
      7845.99  2.68253e-17  2.68253e-18
      7850.71  1.68359e-17  1.68359e-18
      7855.43  3.59819e-17  3.59819e-18
      7860.15  3.82768e-17  3.82768e-18
      7864.86  3.85106e-17  3.85106e-18
      7869.58  5.46184e-17  5.46184e-18
      7874.30  6.54666e-17  6.54666e-18
      7879.02  7.01063e-17  7.01063e-18
      7883.74  4.85079e-17  4.85079e-18
      7888.46  3.08411e-17  3.08411e-18
      7893.17  2.99664e-17  2.99664e-18
      7897.89  3.19011e-17  3.19011e-18
      7902.61  4.53769e-17  4.53769e-18
