4000 5.15756e-16
4003.38 5.03103e-16
4006.76 5.10505e-16
4010.14 5.48424e-16
4013.52 5.97372e-16
4016.9 5.67686e-16
4020.29 5.66114e-16
4023.67 6.15474e-16
4027.05 5.74663e-16
4030.43 5.89883e-16
4033.81 6.35317e-16
4037.19 6.18987e-16
4040.57 5.86117e-16
4043.95 5.95629e-16
4047.33 6.05222e-16
4050.71 6.02561e-16
4054.09 5.42232e-16
4057.48 4.86771e-16
4060.86 5.0534e-16
4064.24 5.3919e-16
4067.62 4.89375e-16
4071 5.26649e-16
4074.38 5.4007e-16
4077.76 5.11447e-16
4081.14 5.03822e-16
4084.52 4.99584e-16
4087.9 4.94782e-16
4091.28 4.76406e-16
4094.67 4.80949e-16
4098.05 4.95508e-16
4101.43 4.5845e-16
4104.81 4.65839e-16
4108.19 4.72876e-16
4111.57 4.55174e-16
4114.95 4.49356e-16
4118.33 4.83968e-16
4121.71 4.82147e-16
4125.09 4.55572e-16
4128.47 4.82745e-16
4131.86 4.91051e-16
4135.24 4.72656e-16
4138.62 4.86068e-16
4142 4.92591e-16
4145.38 5.04121e-16
4148.76 5.28074e-16
4152.14 4.982e-16
4155.52 5.00152e-16
4158.9 5.19023e-16
4162.28 4.95185e-16
4165.66 4.85558e-16
4169.05 4.78882e-16
4172.43 4.7733e-16
4175.81 4.65776e-16
4179.19 4.68805e-16
4182.57 4.92147e-16
4185.95 4.67805e-16
4189.33 4.42344e-16
4192.71 4.51244e-16
4196.09 4.49628e-16
4199.47 4.67016e-16
4202.85 4.6011e-16
4206.24 4.21e-16
4209.62 4.24414e-16
4213 4.41555e-16
4216.38 4.29358e-16
4219.76 4.21783e-16
4223.14 4.18253e-16
4226.52 4.27504e-16
4229.9 4.13558e-16
4233.28 3.98196e-16
4236.66 4.09165e-16
4240.05 4.04207e-16
4243.43 4.06927e-16
4246.81 4.20203e-16
4250.19 4.18958e-16
4253.57 4.10947e-16
4256.95 4.02027e-16
4260.33 3.98423e-16
4263.71 3.86357e-16
4267.09 3.90493e-16
4270.47 3.93726e-16
4273.85 3.81162e-16
4277.24 3.73334e-16
4280.62 3.82219e-16
4284 3.74811e-16
4287.38 3.54635e-16
4290.76 3.46153e-16
4294.14 3.51984e-16
4297.52 3.62353e-16
4300.9 3.4943e-16
4304.28 3.35975e-16
4307.66 3.31748e-16
4311.04 3.31545e-16
4314.43 3.247e-16
4317.81 3.08447e-16
4321.19 3.04242e-16
4324.57 3.02891e-16
4327.95 2.8699e-16
4331.33 2.81507e-16
4334.71 2.92711e-16
4338.09 3.06167e-16
4341.47 3.06869e-16
4344.85 3.02597e-16
4348.23 2.92499e-16
4351.62 3.2004e-16
4355 3.41899e-16
4358.38 3.28677e-16
4361.76 3.2767e-16
4365.14 3.43045e-16
4368.52 3.46648e-16
4371.9 3.3892e-16
4375.28 3.48429e-16
4378.66 3.6738e-16
4382.04 3.62956e-16
4385.42 3.80112e-16
4388.81 3.98988e-16
4392.19 4.00826e-16
4395.57 4.18455e-16
4398.95 4.19157e-16
4402.33 4.21847e-16
4405.71 4.26572e-16
4409.09 4.13733e-16
4412.47 4.26862e-16
4415.85 4.25901e-16
4419.23 4.18707e-16
4422.61 4.13717e-16
4426 4.10892e-16
4429.38 4.09808e-16
4432.76 3.98587e-16
4436.14 3.91837e-16
4439.52 3.90944e-16
4442.9 4.03485e-16
4446.28 4.24705e-16
4449.66 4.20556e-16
4453.04 4.10078e-16
4456.42 4.11737e-16
4459.8 4.06143e-16
4463.19 3.96451e-16
4466.57 3.97963e-16
4469.95 3.98568e-16
4473.33 3.95942e-16
4476.71 4.01632e-16
4480.09 4.05697e-16
4483.47 3.86792e-16
4486.85 3.79567e-16
4490.23 3.89759e-16
4493.61 4.0571e-16
4496.99 4.1455e-16
4500.38 4.07697e-16
4503.76 4.08368e-16
4507.14 3.96714e-16
4510.52 3.71129e-16
4513.9 3.75577e-16
4517.28 3.83672e-16
4520.66 3.93725e-16
4524.04 3.85481e-16
4527.42 3.8764e-16
4530.8 3.9726e-16
4534.18 4.04064e-16
4537.57 4.01318e-16
4540.95 4.06238e-16
4544.33 4.18143e-16
4547.71 4.02427e-16
4551.09 3.83867e-16
4554.47 3.95856e-16
4557.85 4.00587e-16
4561.23 3.8224e-16
4564.61 3.7197e-16
4567.99 3.85421e-16
4571.37 3.96159e-16
4574.76 3.9899e-16
4578.14 3.89221e-16
4581.52 3.75185e-16
4584.9 3.73315e-16
4588.28 3.87052e-16
4591.66 4.04764e-16
4595.04 4.11083e-16
4598.42 4.04567e-16
4601.8 4.0744e-16
4605.18 4.1712e-16
4608.56 4.20206e-16
4611.95 4.12754e-16
4615.33 4.3455e-16
4618.71 4.53908e-16
4622.09 4.37281e-16
4625.47 4.26465e-16
4628.85 4.30619e-16
4632.23 4.4095e-16
4635.61 4.4608e-16
4638.99 4.34328e-16
4642.37 4.36892e-16
4645.76 4.338e-16
4649.14 4.36607e-16
4652.52 4.37658e-16
4655.9 4.43444e-16
4659.28 4.42207e-16
4662.66 4.35166e-16
4666.04 4.54085e-16
4669.42 4.45736e-16
4672.8 4.31209e-16
4676.18 4.25139e-16
4679.56 4.3045e-16
4682.95 4.31414e-16
4686.33 4.52013e-16
4689.71 4.65516e-16
4693.09 4.43992e-16
4696.47 4.51706e-16
4699.85 4.61056e-16
4703.23 4.44145e-16
4706.61 4.38996e-16
4709.99 4.41548e-16
4713.37 4.43839e-16
4716.75 4.47497e-16
4720.14 4.55583e-16
4723.52 4.65033e-16
4726.9 4.73974e-16
4730.28 4.67564e-16
4733.66 4.57612e-16
4737.04 4.62095e-16
4740.42 4.68689e-16
4743.8 4.61822e-16
4747.18 4.60681e-16
4750.56 4.62895e-16
4753.94 4.49065e-16
4757.33 4.50867e-16
4760.71 4.52226e-16
4764.09 4.42592e-16
4767.47 4.41542e-16
4770.85 4.57841e-16
4774.23 4.67086e-16
4777.61 4.64788e-16
4780.99 4.61646e-16
4784.37 4.61016e-16
4787.75 4.48997e-16
4791.13 4.48581e-16
4794.52 4.66339e-16
4797.9 4.70778e-16
4801.28 4.64314e-16
4804.66 4.36235e-16
4808.04 4.25642e-16
4811.42 4.41744e-16
4814.8 4.41095e-16
4818.18 4.27722e-16
4821.56 4.33031e-16
4824.94 4.35905e-16
4828.32 4.34529e-16
4831.71 4.29069e-16
4835.09 4.18223e-16
4838.47 4.06642e-16
4841.85 4.01078e-16
4845.23 3.9003e-16
4848.61 3.83451e-16
4851.99 4.08904e-16
4855.37 4.15378e-16
4858.75 4.19853e-16
4862.13 4.24179e-16
4865.51 4.23427e-16
4868.9 4.42289e-16
4872.28 4.4279e-16
4875.66 4.44279e-16
4879.04 4.56759e-16
4882.42 4.56466e-16
4885.8 4.73284e-16
4889.18 4.83595e-16
4892.56 4.99267e-16
4895.94 5.08204e-16
4899.32 5.45207e-16
4902.7 5.73125e-16
4906.09 5.73022e-16
4909.47 5.79655e-16
4912.85 5.95938e-16
4916.23 6.21132e-16
4919.61 6.26873e-16
4922.99 6.2556e-16
4926.37 6.16847e-16
4929.75 6.07922e-16
4933.13 6.26015e-16
4936.51 6.03927e-16
4939.89 6.06325e-16
4943.28 6.04351e-16
4946.66 6.06322e-16
4950.04 6.18682e-16
4953.42 6.04264e-16
4956.8 5.89607e-16
4960.18 5.70228e-16
4963.56 5.68361e-16
4966.94 5.67887e-16
4970.32 5.45636e-16
4973.7 5.37622e-16
4977.08 5.63916e-16
4980.47 5.48587e-16
4983.85 5.45562e-16
4987.23 5.68524e-16
4990.61 5.6895e-16
4993.99 5.4645e-16
4997.37 5.34751e-16
5000.75 5.34355e-16
5004.13 5.25423e-16
5007.51 5.33119e-16
5010.89 5.36946e-16
5014.27 5.35478e-16
5017.66 5.25727e-16
5021.04 5.06787e-16
5024.42 5.07983e-16
5027.8 5.13161e-16
5031.18 5.15954e-16
5034.56 5.13125e-16
5037.94 5.09689e-16
5041.32 5.00945e-16
5044.7 5.15373e-16
5048.08 5.20154e-16
5051.47 5.13021e-16
5054.85 5.05659e-16
5058.23 5.1141e-16
5061.61 5.15187e-16
5064.99 4.95976e-16
5068.37 4.85131e-16
5071.75 4.96383e-16
5075.13 5.04765e-16
5078.51 5.01226e-16
5081.89 5.05239e-16
5085.27 5.08455e-16
5088.66 4.92639e-16
5092.04 4.73607e-16
5095.42 4.74141e-16
5098.8 4.84626e-16
5102.18 4.82727e-16
5105.56 4.77801e-16
5108.94 4.69126e-16
5112.32 4.67885e-16
5115.7 4.62514e-16
5119.08 4.66528e-16
5122.46 4.70473e-16
5125.85 4.68447e-16
5129.23 4.78268e-16
5132.61 4.69779e-16
5135.99 4.56981e-16
5139.37 4.4813e-16
5142.75 4.44184e-16
5146.13 4.48209e-16
5149.51 4.48378e-16
5152.89 4.36929e-16
5156.27 4.25753e-16
5159.65 4.29444e-16
5163.04 4.32479e-16
5166.42 4.24261e-16
5169.8 4.09831e-16
5173.18 4.08598e-16
5176.56 4.08995e-16
5179.94 4.05507e-16
5183.32 4.07085e-16
5186.7 3.99156e-16
5190.08 4.02585e-16
5193.46 4.08025e-16
5196.84 4.04105e-16
5200.23 4.04498e-16
5203.61 3.9954e-16
5206.99 4.03623e-16
5210.37 4.1832e-16
5213.75 4.23607e-16
5217.13 4.24314e-16
5220.51 4.31277e-16
5223.89 4.24752e-16
5227.27 4.12923e-16
5230.65 4.03077e-16
5234.03 4.07421e-16
5237.42 4.26213e-16
5240.8 4.31751e-16
5244.18 4.30494e-16
5247.56 4.15369e-16
5250.94 4.13174e-16
5254.32 4.24153e-16
5257.7 4.29531e-16
5261.08 4.21575e-16
5264.46 4.21226e-16
5267.84 4.11539e-16
5271.22 4.02732e-16
5274.61 4.10801e-16
5277.99 4.10348e-16
5281.37 4.13084e-16
5284.75 4.05328e-16
5288.13 4.00368e-16
5291.51 3.95409e-16
5294.89 3.98452e-16
5298.27 4.06803e-16
5301.65 4.05669e-16
5305.03 4.03899e-16
5308.41 4.04749e-16
5311.8 4.11747e-16
5315.18 4.12288e-16
5318.56 4.12193e-16
5321.94 4.18505e-16
5325.32 4.09762e-16
5328.7 3.94024e-16
5332.08 3.82862e-16
5335.46 4.05727e-16
5338.84 4.1983e-16
5342.22 4.05545e-16
5345.6 3.96098e-16
5348.99 3.96932e-16
5352.37 4.00015e-16
5355.75 4.00971e-16
5359.13 3.98661e-16
5362.51 4.00807e-16
5365.89 4.05581e-16
5369.27 4.04324e-16
5372.65 4.04653e-16
5376.03 4.0397e-16
5379.41 4.01436e-16
5382.79 4.03416e-16
5386.18 4.09118e-16
5389.56 4.05639e-16
5392.94 3.98383e-16
5396.32 4.05852e-16
5399.7 4.00215e-16
5403.08 3.8926e-16
5406.46 3.8496e-16
5409.84 3.88467e-16
5413.22 3.96842e-16
5416.6 3.87978e-16
5419.98 3.85896e-16
5423.37 3.86494e-16
5426.75 3.81623e-16
5430.13 3.75786e-16
5433.51 3.87867e-16
5436.89 3.93295e-16
5440.27 3.79378e-16
5443.65 3.71498e-16
5447.03 3.77309e-16
5450.41 3.74829e-16
5453.79 3.84276e-16
5457.18 3.93909e-16
5460.56 3.77233e-16
5463.94 3.7539e-16
5467.32 3.70825e-16
5470.7 3.80455e-16
5474.08 3.84457e-16
5477.46 3.76334e-16
5480.84 3.78002e-16
5484.22 3.79763e-16
5487.6 3.70307e-16
5490.98 3.72237e-16
5494.37 3.77889e-16
5497.75 3.74486e-16
5501.13 3.76086e-16
5504.51 3.80325e-16
5507.89 3.71409e-16
5511.27 3.58233e-16
5514.65 3.57807e-16
5518.03 3.62103e-16
5521.41 3.65012e-16
5524.79 3.70061e-16
5528.17 3.72325e-16
5531.56 3.74942e-16
5534.94 3.74741e-16
5538.32 3.66774e-16
5541.7 3.67935e-16
5545.08 3.70236e-16
5548.46 3.5778e-16
5551.84 3.47033e-16
5555.22 3.50024e-16
5558.6 3.48791e-16
5561.98 3.59044e-16
5565.36 3.6375e-16
5568.75 3.62169e-16
5572.13 3.49058e-16
5575.51 3.5466e-16
5578.89 3.58866e-16
5582.27 3.54257e-16
5585.65 3.65895e-16
5589.03 3.58263e-16
5592.41 3.52879e-16
5595.79 3.50851e-16
5599.17 3.47548e-16
5602.55 3.54118e-16
5605.94 3.48096e-16
5609.32 3.46591e-16
5612.7 3.50168e-16
5616.08 3.55215e-16
5619.46 3.55691e-16
5622.84 3.46381e-16
5626.22 3.49939e-16
5629.6 3.5005e-16
5632.98 3.42256e-16
5636.36 3.44566e-16
5639.74 3.42119e-16
5643.13 3.41225e-16
5646.51 3.52176e-16
5649.89 3.50959e-16
5653.27 3.42565e-16
5656.65 3.43649e-16
5660.03 3.34909e-16
5663.41 3.34305e-16
5666.79 3.28339e-16
5670.17 3.25272e-16
5673.55 3.30078e-16
5676.93 3.40966e-16
5680.32 3.37152e-16
5683.7 3.31414e-16
5687.08 3.35541e-16
5690.46 3.33947e-16
5693.84 3.30366e-16
5697.22 3.33352e-16
5700.6 3.34259e-16
5703.98 3.34613e-16
5707.36 3.354e-16
5710.74 3.36765e-16
5714.12 3.36423e-16
5717.51 3.33452e-16
5720.89 3.34452e-16
5724.27 3.33735e-16
5727.65 3.38732e-16
5731.03 3.32935e-16
5734.41 3.22167e-16
5737.79 3.33942e-16
5741.17 3.4444e-16
5744.55 3.43851e-16
5747.93 3.40437e-16
5751.31 3.29543e-16
5754.7 3.2746e-16
5758.08 3.28101e-16
5761.46 3.19636e-16
5764.84 3.26008e-16
5768.22 3.32717e-16
5771.6 3.27896e-16
5774.98 3.34294e-16
5778.36 3.30908e-16
5781.74 3.13379e-16
5785.12 3.19853e-16
5788.5 3.26924e-16
5791.89 3.29706e-16
5795.27 3.37056e-16
5798.65 3.34104e-16
5802.03 3.342e-16
5805.41 3.3262e-16
5808.79 3.32785e-16
5812.17 3.2013e-16
5815.55 3.12723e-16
5818.93 3.13008e-16
5822.31 3.1137e-16
5825.69 3.2807e-16
5829.08 3.38531e-16
5832.46 3.3452e-16
5835.84 3.36132e-16
5839.22 3.24861e-16
5842.6 3.14354e-16
5845.98 3.22782e-16
5849.36 3.27916e-16
5852.74 3.22388e-16
5856.12 3.08833e-16
5859.5 3.10804e-16
5862.89 3.24815e-16
5866.27 3.1676e-16
5869.65 3.0525e-16
5873.03 3.20504e-16
5876.41 3.18314e-16
5879.79 3.15641e-16
5883.17 3.08311e-16
5886.55 3.00955e-16
5889.93 3.05062e-16
5893.31 2.99934e-16
5896.69 3.04894e-16
5900.08 2.98134e-16
5903.46 3.01807e-16
5906.84 3.11834e-16
5910.22 3.16794e-16
5913.6 3.22644e-16
5916.98 3.26379e-16
5920.36 3.26797e-16
5923.74 3.22386e-16
5927.12 3.29981e-16
5930.5 3.32752e-16
5933.88 3.15029e-16
5937.27 3.16144e-16
5940.65 3.22323e-16
5944.03 3.27447e-16
5947.41 3.32015e-16
5950.79 3.29234e-16
5954.17 3.34504e-16
5957.55 3.3889e-16
5960.93 3.42113e-16
5964.31 3.49213e-16
5967.69 3.42134e-16
5971.07 3.35834e-16
5974.46 3.36507e-16
5977.84 3.46823e-16
5981.22 3.43065e-16
5984.6 3.41523e-16
5987.98 3.47175e-16
5991.36 3.43225e-16
5994.74 3.37331e-16
5998.12 3.37375e-16
6001.5 3.42689e-16
6004.88 3.40979e-16
6008.26 3.36387e-16
6011.65 3.38089e-16
6015.03 3.3454e-16
6018.41 3.34685e-16
6021.79 3.33402e-16
6025.17 3.37616e-16
6028.55 3.42418e-16
6031.93 3.40742e-16
6035.31 3.45219e-16
6038.69 3.4415e-16
6042.07 3.51429e-16
6045.45 3.46027e-16
6048.84 3.35975e-16
6052.22 3.33085e-16
6055.6 3.3281e-16
6058.98 3.3394e-16
6062.36 3.26739e-16
6065.74 3.32213e-16
6069.12 3.47122e-16
6072.5 3.51359e-16
6075.88 3.40562e-16
6079.26 3.25755e-16
6082.64 3.27132e-16
6086.03 3.35445e-16
6089.41 3.36915e-16
6092.79 3.38843e-16
6096.17 3.34886e-16
6099.55 3.32179e-16
6102.93 3.36005e-16
6106.31 3.24226e-16
6109.69 3.23176e-16
6113.07 3.28543e-16
6116.45 3.25999e-16
6119.83 3.28069e-16
6123.22 3.34756e-16
6126.6 3.33406e-16
6129.98 3.28956e-16
6133.36 3.31386e-16
6136.74 3.36391e-16
6140.12 3.35839e-16
6143.5 3.27854e-16
6146.88 3.23751e-16
6150.26 3.32541e-16
6153.64 3.28644e-16
6157.02 3.13427e-16
6160.41 3.1354e-16
6163.79 3.19998e-16
6167.17 3.30019e-16
6170.55 3.31033e-16
6173.93 3.21445e-16
6177.31 3.28889e-16
6180.69 3.24593e-16
6184.07 3.16853e-16
6187.45 3.18689e-16
6190.83 3.20737e-16
6194.21 3.22444e-16
6197.6 3.21888e-16
6200.98 3.10566e-16
6204.36 3.08159e-16
6207.74 3.17297e-16
6211.12 3.19039e-16
6214.5 3.22623e-16
6217.88 3.19049e-16
6221.26 3.13829e-16
6224.64 3.12327e-16
6228.02 3.06701e-16
6231.4 3.16205e-16
6234.79 3.21345e-16
6238.17 3.05175e-16
6241.55 3.07981e-16
6244.93 3.13516e-16
6248.31 3.16626e-16
6251.69 3.25419e-16
6255.07 3.19518e-16
6258.45 3.18475e-16
6261.83 3.24983e-16
6265.21 3.18266e-16
6268.6 3.14459e-16
6271.98 3.14154e-16
6275.36 3.11869e-16
6278.74 3.19672e-16
6282.12 3.08294e-16
6285.5 3.04616e-16
6288.88 3.13414e-16
6292.26 3.10379e-16
6295.64 3.00106e-16
6299.02 2.96209e-16
6302.4 3.08591e-16
6305.79 3.17102e-16
6309.17 3.19109e-16
6312.55 3.25683e-16
6315.93 3.20273e-16
6319.31 3.16337e-16
6322.69 3.12667e-16
6326.07 3.09263e-16
6329.45 3.22374e-16
6332.83 3.23816e-16
6336.21 3.21017e-16
6339.59 3.13494e-16
6342.98 3.03924e-16
6346.36 3.10757e-16
6349.74 3.09833e-16
6353.12 2.96156e-16
6356.5 2.97565e-16
6359.88 3.02514e-16
6363.26 3.04796e-16
6366.64 3.05625e-16
6370.02 3.03523e-16
6373.4 3.02885e-16
6376.78 2.93456e-16
6380.17 2.99008e-16
6383.55 2.98395e-16
6386.93 2.91199e-16
6390.31 2.83599e-16
6393.69 2.95351e-16
6397.07 2.98349e-16
6400.45 2.79583e-16
6403.83 2.85777e-16
6407.21 2.95367e-16
6410.59 2.98099e-16
6413.97 2.90601e-16
6417.36 2.96891e-16
6420.74 2.96243e-16
6424.12 2.9473e-16
6427.5 3.04167e-16
6430.88 2.99607e-16
6434.26 2.97658e-16
6437.64 3.03305e-16
6441.02 3.05e-16
6444.4 3.08351e-16
6447.78 3.06626e-16
6451.16 3.05406e-16
6454.55 3.05054e-16
6457.93 3.03346e-16
6461.31 2.98033e-16
6464.69 3.05439e-16
6468.07 3.06993e-16
6471.45 3.04219e-16
6474.83 2.98448e-16
6478.21 2.98608e-16
6481.59 3.00599e-16
6484.97 3.10815e-16
6488.35 3.03501e-16
6491.74 2.92607e-16
6495.12 2.92791e-16
6498.5 2.89414e-16
6501.88 2.93296e-16
6505.26 2.89846e-16
6508.64 3.04434e-16
6512.02 2.96013e-16
6515.4 2.90963e-16
6518.78 2.85162e-16
6522.16 2.85705e-16
6525.54 2.91873e-16
6528.93 2.92215e-16
6532.31 3.03248e-16
6535.69 3.01271e-16
6539.07 2.92717e-16
6542.45 2.93923e-16
6545.83 3.04147e-16
6549.21 3.15311e-16
6552.59 3.2306e-16
6555.97 3.22973e-16
6559.35 3.19955e-16
6562.73 3.24813e-16
6566.12 3.34981e-16
6569.5 3.52314e-16
6572.88 3.6599e-16
6576.26 3.69552e-16
6579.64 3.58866e-16
6583.02 3.61322e-16
6586.4 3.7473e-16
6589.78 3.89741e-16
6593.16 3.96318e-16
6596.54 4.0264e-16
6599.92 4.12743e-16
6603.31 4.22182e-16
6606.69 4.27627e-16
6610.07 4.29162e-16
6613.45 4.42683e-16
6616.83 4.59509e-16
6620.21 4.64681e-16
6623.59 4.66067e-16
6626.97 4.7008e-16
6630.35 4.85055e-16
6633.73 4.86364e-16
6637.11 4.95328e-16
6640.5 5.11252e-16
6643.88 5.06062e-16
6647.26 5.03766e-16
6650.64 4.97328e-16
6654.02 5.11159e-16
6657.4 5.04798e-16
6660.78 4.94058e-16
6664.16 4.85241e-16
6667.54 4.71636e-16
6670.92 4.64608e-16
6674.31 4.66664e-16
6677.69 4.6626e-16
6681.07 4.59305e-16
6684.45 4.48788e-16
6687.83 4.26186e-16
6691.21 4.08975e-16
6694.59 4.07809e-16
6697.97 4.13308e-16
6701.35 4.07503e-16
6704.73 3.93275e-16
6708.11 3.89392e-16
6711.5 3.8906e-16
6714.88 3.88933e-16
6718.26 3.9257e-16
6721.64 4.06444e-16
6725.02 4.12133e-16
6728.4 4.08912e-16
6731.78 4.01644e-16
6735.16 3.75472e-16
6738.54 3.52008e-16
6741.92 3.51116e-16
6745.3 3.43907e-16
6748.69 3.38424e-16
6752.07 3.49995e-16
6755.45 3.49189e-16
6758.83 3.51497e-16
6762.21 3.56251e-16
6765.59 3.66292e-16
6768.97 3.59744e-16
6772.35 3.59275e-16
6775.73 3.6725e-16
6779.11 3.68294e-16
6782.49 3.70794e-16
6785.88 3.77557e-16
6789.26 3.80647e-16
6792.64 3.78923e-16
6796.02 3.77297e-16
6799.4 3.74093e-16
6802.78 3.68048e-16
6806.16 3.69467e-16
6809.54 3.69299e-16
6812.92 3.66769e-16
6816.3 3.72581e-16
6819.68 3.74223e-16
6823.07 3.64994e-16
6826.45 3.59368e-16
6829.83 3.56923e-16
6833.21 3.45923e-16
6836.59 3.51641e-16
6839.97 3.58303e-16
6843.35 3.4712e-16
6846.73 3.38306e-16
6850.11 3.36705e-16
6853.49 3.40663e-16
6856.87 3.38359e-16
6860.26 3.14289e-16
6863.64 2.96372e-16
6867.02 2.77264e-16
6870.4 2.78746e-16
6873.78 2.80228e-16
6877.16 2.81711e-16
6880.54 2.83193e-16
6883.92 2.84675e-16
6887.3 2.96236e-16
6890.68 2.86252e-16
6894.06 2.72097e-16
6897.45 2.6913e-16
6900.83 2.76658e-16
6904.21 2.82549e-16
6907.59 2.81013e-16
6910.97 2.75901e-16
6914.35 2.72736e-16
6917.73 2.85643e-16
6921.11 2.87066e-16
6924.49 2.91121e-16
6927.87 2.87853e-16
6931.25 2.79723e-16
6934.64 2.77939e-16
6938.02 2.92004e-16
6941.4 2.93011e-16
6944.78 2.81056e-16
6948.16 2.84561e-16
6951.54 2.87552e-16
6954.92 2.78123e-16
6958.3 2.80333e-16
6961.68 2.85504e-16
6965.06 2.81821e-16
6968.44 2.82869e-16
6971.83 2.80621e-16
6975.21 2.85647e-16
6978.59 2.87691e-16
6981.97 2.72808e-16
6985.35 2.75636e-16
6988.73 2.81277e-16
6992.11 2.67785e-16
6995.49 2.59332e-16
6998.87 2.67957e-16
7002.25 2.7645e-16
7005.63 2.75271e-16
7009.02 2.66979e-16
7012.4 2.651e-16
7015.78 2.66899e-16
7019.16 2.64678e-16
7022.54 2.64678e-16
7025.92 2.61543e-16
7029.3 2.62674e-16
7032.68 2.6536e-16
7036.06 2.67448e-16
7039.44 2.76699e-16
7042.82 2.77546e-16
7046.21 2.74766e-16
7049.59 2.68779e-16
7052.97 2.65775e-16
7056.35 2.57948e-16
7059.73 2.56623e-16
7063.11 2.58651e-16
7066.49 2.64868e-16
7069.87 2.68091e-16
7073.25 2.58203e-16
7076.63 2.55323e-16
7080.02 2.54069e-16
7083.4 2.57227e-16
7086.78 2.60882e-16
7090.16 2.68754e-16
7093.54 2.6108e-16
7096.92 2.56475e-16
7100.3 2.58395e-16
7103.68 2.5571e-16
7107.06 2.55666e-16
7110.44 2.59456e-16
7113.82 2.68428e-16
7117.21 2.66467e-16
7120.59 2.54526e-16
7123.97 2.57636e-16
7127.35 2.64179e-16
7130.73 2.62416e-16
7134.11 2.60686e-16
7137.49 2.49834e-16
7140.87 2.52779e-16
7144.25 2.56276e-16
7147.63 2.59403e-16
7151.01 2.63824e-16
7154.4 2.60765e-16
7157.78 2.50721e-16
7161.16 2.46221e-16
7164.54 2.48466e-16
7167.92 2.47262e-16
7171.3 2.43285e-16
7174.68 2.47786e-16
7178.06 2.54955e-16
7181.44 2.49179e-16
7184.82 2.4124e-16
7188.2 2.38797e-16
7191.59 2.3131e-16
7194.97 2.39296e-16
7198.35 2.34949e-16
7201.73 2.32445e-16
7205.11 2.45002e-16
7208.49 2.40974e-16
7211.87 2.38718e-16
7215.25 2.41446e-16
7218.63 2.40053e-16
7222.01 2.39545e-16
7225.39 2.37339e-16
7228.78 2.26999e-16
7232.16 2.26933e-16
7235.54 2.41185e-16
7238.92 2.38861e-16
7242.3 2.40061e-16
7245.68 2.41078e-16
7249.06 2.4761e-16
7252.44 2.43711e-16
7255.82 2.44438e-16
7259.2 2.40111e-16
7262.58 2.37058e-16
7265.97 2.37534e-16
7269.35 2.38839e-16
7272.73 2.42656e-16
7276.11 2.46335e-16
7279.49 2.42597e-16
7282.87 2.34834e-16
7286.25 2.33207e-16
7289.63 2.37699e-16
7293.01 2.45506e-16
7296.39 2.33694e-16
7299.77 2.29757e-16
7303.16 2.40966e-16
7306.54 2.4709e-16
7309.92 2.48798e-16
7313.3 2.49497e-16
7316.68 2.4831e-16
7320.06 2.50598e-16
7323.44 2.45373e-16
7326.82 2.35411e-16
7330.2 2.37666e-16
7333.58 2.31555e-16
7336.96 2.19899e-16
7340.35 2.35422e-16
7343.73 2.41128e-16
7347.11 2.4019e-16
7350.49 2.36085e-16
7353.87 2.39288e-16
7357.25 2.39496e-16
7360.63 2.40241e-16
7364.01 2.38792e-16
7367.39 2.26968e-16
7370.77 2.27161e-16
7374.15 2.39629e-16
7377.54 2.44249e-16
7380.92 2.42806e-16
7384.3 2.43024e-16
7387.68 2.40524e-16
7391.06 2.36386e-16
7394.44 2.41319e-16
7397.82 2.33426e-16
7401.2 2.30765e-16
7404.58 2.33399e-16
7407.96 2.37528e-16
7411.34 2.38952e-16
7414.73 2.36435e-16
7418.11 2.35753e-16
7421.49 2.35431e-16
7424.87 2.23609e-16
7428.25 2.24977e-16
7431.63 2.40214e-16
7435.01 2.36099e-16
7438.39 2.31508e-16
7441.77 2.31612e-16
7445.15 2.28873e-16
7448.53 2.21801e-16
7451.92 2.25389e-16
7455.3 2.24074e-16
7458.68 2.28006e-16
7462.06 2.23674e-16
7465.44 2.25399e-16
7468.82 2.30709e-16
7472.2 2.24909e-16
7475.58 2.20039e-16
7478.96 2.33127e-16
7482.34 2.377e-16
7485.73 2.25484e-16
7489.11 2.31128e-16
7492.49 2.23833e-16
7495.87 2.14285e-16
7499.25 2.16084e-16
7502.63 2.19584e-16
7506.01 2.25334e-16
7509.39 2.23048e-16
7512.77 2.19281e-16
7516.15 2.2931e-16
7519.53 2.21724e-16
7522.92 2.17525e-16
7526.3 2.22751e-16
7529.68 2.23839e-16
7533.06 2.2853e-16
7536.44 2.19148e-16
7539.82 2.17859e-16
7543.2 2.13526e-16
7546.58 2.13325e-16
7549.96 2.0999e-16
7553.34 2.11149e-16
7556.72 2.08315e-16
7560.11 2.13852e-16
7563.49 2.17716e-16
7566.87 2.2307e-16
7570.25 2.24819e-16
7573.63 2.22152e-16
7577.01 2.11473e-16
7580.39 2.08595e-16
7583.77 2.0702e-16
7587.15 1.98931e-16
7590.53 2.02658e-16
7593.91 2.07627e-16
7597.3 2.03206e-16
7600.68 2.11342e-16
7604.06 2.08981e-16
7607.44 2.00446e-16
7610.82 2.00794e-16
7614.2 2.06777e-16
7617.58 2.10987e-16
7620.96 2.16056e-16
7624.34 2.15524e-16
7627.72 1.97919e-16
7631.1 2.0217e-16
7634.49 2.06421e-16
7637.87 2.10672e-16
7641.25 2.15579e-16
7644.63 2.11547e-16
7648.01 2.01766e-16
7651.39 1.97473e-16
7654.77 2.01668e-16
7658.15 2.0212e-16
7661.53 2.01519e-16
7664.91 1.9831e-16
7668.29 1.96899e-16
7671.68 2.0327e-16
7675.06 2.04185e-16
7678.44 1.97844e-16
7681.82 1.96193e-16
7685.2 1.97463e-16
7688.58 2.06959e-16
7691.96 2.10434e-16
7695.34 2.01737e-16
7698.72 2.09962e-16
7702.1 2.06355e-16
7705.48 2.05351e-16
7708.87 2.0858e-16
7712.25 2.09974e-16
7715.63 2.11881e-16
7719.01 2.0806e-16
7722.39 2.06824e-16
7725.77 2.03516e-16
7729.15 1.91314e-16
7732.53 1.99104e-16
7735.91 2.03956e-16
7739.29 1.9901e-16
7742.67 1.97315e-16
7746.06 1.92934e-16
7749.44 1.92874e-16
7752.82 1.95465e-16
7756.2 1.91324e-16
7759.58 1.90261e-16
7762.96 1.92906e-16
7766.34 1.951e-16
7769.72 1.9359e-16
7773.1 1.89402e-16
7776.48 1.91387e-16
7779.86 1.93444e-16
7783.25 1.90413e-16
7786.63 1.8134e-16
7790.01 2.01673e-16
7793.39 2.06461e-16
7796.77 1.96672e-16
7800.15 1.93192e-16
7803.53 1.91916e-16
7806.91 1.84079e-16
7810.29 1.81364e-16
7813.67 1.8344e-16
7817.05 1.9503e-16
7820.44 2.07096e-16
7823.82 1.94222e-16
7827.2 1.82892e-16
7830.58 1.79294e-16
7833.96 1.91406e-16
7837.34 1.83945e-16
7840.72 1.75047e-16
7844.1 1.73535e-16
7847.48 1.65211e-16
7850.86 1.81087e-16
7854.24 1.89625e-16
7857.63 1.98861e-16
7861.01 2.09335e-16
7864.39 1.92709e-16
7867.77 1.93477e-16
7871.15 2.08594e-16
7874.53 2.04438e-16
7877.91 2.15737e-16
7881.29 2.0651e-16
7884.67 2.04035e-16
7888.05 2.02816e-16
7891.44 1.97126e-16
7894.82 1.99233e-16
7898.2 1.96484e-16
7901.58 1.91695e-16
7904.96 1.8922e-16
7908.34 1.95792e-16
7911.72 2.03997e-16
7915.1 2.12115e-16
7918.48 2.21322e-16
7921.86 2.0208e-16
7925.24 2.05678e-16
7928.63 1.95617e-16
7932.01 1.9663e-16
7935.39 1.88142e-16
7938.77 1.88345e-16
7942.15 1.94675e-16
7945.53 1.8807e-16
7948.91 1.85731e-16
7952.29 1.96328e-16
7955.67 1.98243e-16
7959.05 1.90302e-16
7962.43 1.83171e-16
7965.82 1.8197e-16
7969.2 1.95001e-16
7972.58 1.92457e-16
7975.96 1.92634e-16
7979.34 1.90762e-16
7982.72 2.11065e-16
7986.1 2.0566e-16
7989.48 2.07148e-16
7992.86 1.98482e-16
7996.24 1.89596e-16
7999.62 1.92567e-16
8003.01 1.88953e-16
8006.39 1.94048e-16
8009.77 1.94835e-16
8013.15 1.90396e-16
8016.53 2.03449e-16
8019.91 2.0489e-16
8023.29 2.03159e-16
8026.67 2.02449e-16
8030.05 1.97826e-16
8033.43 1.86295e-16
8036.81 1.83066e-16
8040.2 1.8827e-16
8043.58 1.91454e-16
8046.96 1.86762e-16
8050.34 1.90645e-16
8053.72 2.03069e-16
8057.1 1.97789e-16
8060.48 1.93422e-16
8063.86 1.8728e-16
8067.24 1.89428e-16
8070.62 1.92895e-16
8074 1.90096e-16
8077.39 1.97354e-16
8080.77 1.93721e-16
8084.15 1.85226e-16
8087.53 1.84257e-16
8090.91 1.8143e-16
8094.29 1.77483e-16
8097.67 1.76885e-16
8101.05 1.79281e-16
8104.43 1.80753e-16
8107.81 1.74813e-16
8111.19 1.80664e-16
8114.58 1.82245e-16
8117.96 1.80258e-16
8121.34 1.78374e-16
8124.72 1.81349e-16
8128.1 1.82161e-16
8131.48 1.77709e-16
8134.86 1.74376e-16
8138.24 1.74443e-16
8141.62 1.75694e-16
8145 1.77778e-16
8148.38 1.80236e-16
8151.77 1.79017e-16
8155.15 1.72932e-16
8158.53 1.70097e-16
8161.91 1.70115e-16
8165.29 1.68026e-16
8168.67 1.67884e-16
8172.05 1.73546e-16
8175.43 1.776e-16
8178.81 1.73398e-16
8182.19 1.70623e-16
8185.57 1.76794e-16
8188.96 1.78018e-16
8192.34 1.71244e-16
8195.72 1.70216e-16
8199.1 1.68833e-16
8202.48 1.71798e-16
8205.86 1.72151e-16
8209.24 1.71787e-16
8212.62 1.74613e-16
8216 1.83777e-16
8219.38 1.81073e-16
8222.76 1.72985e-16
8226.15 1.66113e-16
8229.53 1.64454e-16
8232.91 1.69107e-16
8236.29 1.68928e-16
8239.67 1.68722e-16
8243.05 1.66005e-16
8246.43 1.70217e-16
8249.81 1.74872e-16
8253.19 1.74639e-16
8256.57 1.67142e-16
8259.95 1.70929e-16
8263.34 1.73392e-16
8266.72 1.7603e-16
8270.1 1.73407e-16
8273.48 1.72686e-16
8276.86 1.76103e-16
8280.24 1.73695e-16
8283.62 1.85118e-16
8287 1.90421e-16
8290.38 1.77938e-16
8293.76 1.72828e-16
8297.14 1.7818e-16
8300.53 1.68976e-16
8303.91 1.75511e-16
8307.29 1.6777e-16
8310.67 1.64355e-16
8314.05 1.77347e-16
8317.43 1.67973e-16
8320.81 1.61e-16
8324.19 1.72147e-16
8327.57 1.64528e-16
8330.95 1.68308e-16
8334.34 1.73781e-16
8337.72 1.57511e-16
8341.1 1.60692e-16
8344.48 1.59259e-16
8347.86 1.51602e-16
8351.24 1.71332e-16
8354.62 1.70678e-16
8358 1.69164e-16
8361.38 1.76923e-16
8364.76 1.6928e-16
8368.14 1.71625e-16
8371.53 1.75941e-16
8374.91 1.72613e-16
8378.29 1.83211e-16
8381.67 1.80192e-16
8385.05 1.75056e-16
8388.43 1.70463e-16
8391.81 1.81859e-16
8395.19 1.8736e-16
8398.57 1.75608e-16
8401.95 1.68874e-16
8405.33 1.87534e-16
8408.72 1.98297e-16
8412.1 1.84992e-16
8415.48 1.77472e-16
8418.86 1.75391e-16
8422.24 1.81178e-16
8425.62 1.77597e-16
8429 1.73272e-16
8432.38 1.50886e-16
8435.76 1.49545e-16
8439.14 1.62135e-16
8442.52 1.68412e-16
8445.91 1.70076e-16
8449.29 1.69926e-16
8452.67 1.68986e-16
8456.05 1.69085e-16
8459.43 1.69238e-16
8462.81 1.714e-16
8466.19 1.74246e-16
8469.57 1.69263e-16
8472.95 1.68364e-16
8476.33 1.63985e-16
8479.71 1.63299e-16
8483.1 1.73917e-16
8486.48 1.66313e-16
8489.86 1.56969e-16
8493.24 1.68779e-16
8496.62 1.68779e-16
