      4020.00 -7.43055e-17 -7.43055e-18
      4029.20  3.05215e-17  3.05215e-18
      4038.40 -3.95549e-17 -3.95549e-18
      4047.60  2.24012e-17  2.24012e-18
      4056.80  5.70124e-18  5.70124e-19
      4066.00  1.38657e-18  1.38657e-19
      4075.20  7.17575e-17  7.17575e-18
      4084.40 -7.13197e-18 -7.13197e-19
      4093.60  8.00728e-17  8.00728e-18
      4102.80  7.11795e-17  7.11795e-18
      4112.00 -8.16113e-17 -8.16113e-18
      4121.20  1.26177e-17  1.26177e-18
      4130.40  1.54191e-19  1.54191e-20
      4139.60  6.25546e-18  6.25546e-19
      4148.80  1.95536e-18  1.95536e-19
      4158.00  2.67269e-17  2.67269e-18
      4167.20  7.30203e-17  7.30203e-18
      4176.40  7.07121e-17  7.07120e-18
      4185.60  3.92731e-18  3.92731e-19
      4194.80  9.29540e-18  9.29540e-19
      4204.00 -1.01828e-17 -1.01828e-18
      4213.20  1.39128e-17  1.39128e-18
      4222.40 -4.14558e-19 -4.14558e-20
      4231.60  7.03015e-17  7.03015e-18
      4240.80  1.26636e-17  1.26636e-18
      4250.00  9.68487e-18  9.68487e-19
      4259.20  2.01209e-17  2.01209e-18
      4268.40  4.72675e-17  4.72675e-18
      4277.60  2.16182e-17  2.16182e-18
      4286.80  1.61825e-17  1.61825e-18
      4296.00 -2.62105e-17 -2.62105e-18
      4305.20  1.09987e-17  1.09987e-18
      4314.40 -5.52930e-18 -5.52930e-19
      4323.60  2.31976e-17  2.31976e-18
      4332.80  6.16474e-18  6.16474e-19
      4342.00  1.48915e-17  1.48915e-18
      4351.20  1.80568e-17  1.80568e-18
      4360.40  2.31556e-17  2.31556e-18
      4369.60  4.38460e-17  4.38460e-18
      4378.80  4.05568e-17  4.05568e-18
      4388.00  2.36477e-17  2.36477e-18
      4397.20  2.50656e-17  2.50656e-18
      4406.40  2.16802e-17  2.16802e-18
      4415.60  1.33829e-17  1.33829e-18
      4424.80  3.12620e-17  3.12620e-18
      4434.00  2.94600e-17  2.94600e-18
      4443.20  6.69726e-18  6.69726e-19
      4452.40  5.61821e-17  5.61821e-18
      4461.60  4.93895e-17  4.93895e-18
      4470.80  2.91791e-17  2.91791e-18
      4480.00  1.56357e-17  1.56357e-18
      4489.20  2.59557e-17  2.59557e-18
      4498.40  3.59218e-17  3.59218e-18
      4507.60  4.82373e-17  4.82373e-18
      4516.80  4.94453e-17  4.94453e-18
      4526.00  4.31931e-17  4.31931e-18
      4535.20  4.99390e-17  4.99390e-18
      4544.40  3.32376e-17  3.32376e-18
      4553.60  6.10755e-17  6.10755e-18
      4562.80  3.89949e-17  3.89949e-18
      4572.00  4.37429e-17  4.37429e-18
      4581.20  3.51135e-17  3.51135e-18
      4590.40  4.87847e-17  4.87847e-18
      4599.60  3.52125e-17  3.52125e-18
      4608.80  2.54108e-17  2.54108e-18
      4618.00  4.49189e-17  4.49189e-18
      4627.20  5.14249e-17  5.14249e-18
      4636.40  7.24072e-17  7.24072e-18
      4645.60  6.25221e-17  6.25221e-18
      4654.80  6.60062e-17  6.60062e-18
      4664.00  5.94016e-17  5.94016e-18
      4673.20  5.78611e-17  5.78611e-18
      4682.40  7.90935e-17  7.90935e-18
      4691.60  7.32824e-17  7.32824e-18
      4700.80  6.52487e-17  6.52487e-18
      4710.00  6.02204e-17  6.02204e-18
      4719.20  4.51356e-17  4.51356e-18
      4728.40  5.98092e-17  5.98092e-18
      4737.60  4.64416e-17  4.64416e-18
      4746.80  4.61564e-17  4.61564e-18
      4756.00  5.76634e-17  5.76634e-18
      4765.20  4.53012e-17  4.53012e-18
      4774.40  2.45611e-17  2.45611e-18
      4783.60  5.11920e-17  5.11920e-18
      4792.80  3.17216e-17  3.17216e-18
      4802.00  3.18237e-17  3.18237e-18
      4811.20  5.39277e-17  5.39277e-18
      4820.40  4.73001e-17  4.73001e-18
      4829.60  3.52071e-17  3.52071e-18
      4838.80  4.72051e-17  4.72051e-18
      4848.00  5.34042e-17  5.34042e-18
      4857.20  3.97108e-17  3.97108e-18
      4866.40  5.79470e-17  5.79470e-18
      4875.60  3.58103e-17  3.58103e-18
      4884.80  3.41551e-17  3.41551e-18
      4894.00  3.43218e-17  3.43218e-18
      4903.20  3.06455e-17  3.06455e-18
      4912.40  3.71733e-17  3.71733e-18
      4921.60  3.00339e-17  3.00339e-18
      4930.80  2.06959e-17  2.06959e-18
      4940.00  2.56676e-17  2.56676e-18
      4949.20  3.71745e-17  3.71745e-18
      4958.40  3.62496e-17  3.62496e-18
      4967.60  3.67292e-17  3.67292e-18
      4976.80  4.37552e-17  4.37552e-18
      4986.00  2.05308e-17  2.05308e-18
      4995.20  2.55376e-17  2.55376e-18
      5004.40  2.89398e-17  2.89398e-18
      5013.60  3.23941e-17  3.23941e-18
      5022.80  3.23245e-17  3.23245e-18
      5032.00  3.76487e-17  3.76487e-18
      5041.20  2.94605e-17  2.94605e-18
      5050.40  2.97059e-17  2.97059e-18
      5059.60  3.04799e-17  3.04799e-18
      5068.80  2.35278e-17  2.35278e-18
      5078.00  3.06069e-17  3.06069e-18
      5087.20  3.27323e-17  3.27323e-18
      5096.40  3.60140e-17  3.60140e-18
      5105.60  3.56110e-17  3.56110e-18
      5114.80  2.47616e-17  2.47616e-18
      5124.00  4.23165e-17  4.23165e-18
      5133.20  3.14052e-17  3.14052e-18
      5142.40  2.56499e-17  2.56499e-18
      5151.60  3.13793e-17  3.13793e-18
      5160.80  3.84317e-17  3.84317e-18
      5170.00  3.29643e-17  3.29643e-18
      5179.20  4.76529e-17  4.76529e-18
      5188.40  6.01882e-17  6.01882e-18
      5197.60  5.48246e-17  5.48246e-18
      5206.80  6.05073e-17  6.05073e-18
      5216.00  6.53935e-17  6.53935e-18
      5225.20  5.94869e-17  5.94869e-18
      5234.40  6.15730e-17  6.15730e-18
      5243.60  7.43798e-17  7.43798e-18
      5252.80  7.24151e-17  7.24151e-18
      5262.00  6.93246e-17  6.93246e-18
      5271.20  8.02776e-17  8.02776e-18
      5280.40  8.39698e-17  8.39698e-18
      5289.60  7.75455e-17  7.75455e-18
      5298.80  9.43659e-17  9.43659e-18
      5308.00  9.18437e-17  9.18437e-18
      5317.20  1.30030e-16  1.30030e-17
      5326.40  8.89009e-17  8.89009e-18
      5335.60  9.49569e-17  9.49569e-18
      5344.80  1.01787e-16  1.01787e-17
      5354.00  1.05809e-16  1.05809e-17
      5363.20  1.04644e-16  1.04644e-17
      5372.40  1.08000e-16  1.08000e-17
      5381.60  1.04677e-16  1.04677e-17
      5390.80  1.07980e-16  1.07980e-17
      5400.00  8.92003e-17  8.92003e-18
      5409.20  8.74670e-17  8.74670e-18
      5418.40  9.33441e-17  9.33441e-18
      5427.60  8.67306e-17  8.67306e-18
      5436.80  8.42279e-17  8.42279e-18
      5446.00  9.53039e-17  9.53039e-18
      5455.20  9.31099e-17  9.31099e-18
      5464.40  9.64414e-17  9.64414e-18
      5473.60  8.33531e-17  8.33531e-18
      5482.80  9.58095e-17  9.58095e-18
      5492.00  9.86426e-17  9.86426e-18
      5501.20  1.08694e-16  1.08694e-17
      5510.40  1.08521e-16  1.08521e-17
      5519.60  1.05337e-16  1.05337e-17
      5528.80  1.10569e-16  1.10569e-17
      5538.00  1.03488e-16  1.03488e-17
      5547.20  1.10263e-16  1.10263e-17
      5556.40  1.17392e-16  1.17392e-17
      5565.60  1.02415e-16  1.02415e-17
      5574.80  9.13779e-17  9.13779e-18
      5584.00  1.10379e-16  1.10379e-17
      5593.20  1.02600e-16  1.02600e-17
      5602.40  9.05581e-17  9.05581e-18
      5611.60  9.13107e-17  9.13107e-18
      5620.80  8.69014e-17  8.69014e-18
      5630.00  8.29505e-17  8.29505e-18
      5639.20  9.37088e-17  9.37088e-18
      5648.40  9.45172e-17  9.45172e-18
      5657.60  9.57187e-17  9.57187e-18
      5666.80  1.03496e-16  1.03496e-17
      5676.00  1.12424e-16  1.12424e-17
      5685.20  1.15853e-16  1.15853e-17
      5694.40  1.24165e-16  1.24165e-17
      5703.60  1.17582e-16  1.17582e-17
      5712.80  1.16824e-16  1.16824e-17
      5722.00  1.14611e-16  1.14611e-17
      5731.20  1.00673e-16  1.00673e-17
      5740.40  9.81622e-17  9.81622e-18
      5749.60  1.03537e-16  1.03537e-17
      5758.80  8.38358e-17  8.38358e-18
      5768.00  9.19594e-17  9.19594e-18
      5777.20  9.03967e-17  9.03967e-18
      5786.40  9.41332e-17  9.41332e-18
      5795.60  8.26960e-17  8.26960e-18
      5804.80  8.39989e-17  8.39989e-18
      5814.00  8.85200e-17  8.85200e-18
      5823.20  8.48865e-17  8.48865e-18
      5832.40  8.98328e-17  8.98328e-18
      5841.60  8.31727e-17  8.31727e-18
      5850.80  8.80578e-17  8.80578e-18
      5860.00  9.79977e-17  9.79977e-18
      5869.20  9.13876e-17  9.13876e-18
      5878.40  8.92440e-17  8.92440e-18
      5887.60  8.76060e-17  8.76060e-18
      5896.80  8.86520e-17  8.86520e-18
      5906.00  8.67803e-17  8.67803e-18
      5915.20  6.83192e-17  6.83192e-18
      5924.40  7.15304e-17  7.15304e-18
      5933.60  7.70543e-17  7.70543e-18
      5942.80  9.55695e-17  9.55695e-18
      5952.00  7.47956e-17  7.47956e-18
      5961.20  7.10571e-17  7.10571e-18
      5970.40  8.62273e-17  8.62273e-18
      5979.60  8.54392e-17  8.54392e-18
      5988.80  8.78509e-17  8.78509e-18
      5998.00  8.62021e-17  8.62021e-18
      6007.20  8.62736e-17  8.62736e-18
      6016.40  8.50468e-17  8.50468e-18
      6025.60  9.05305e-17  9.05305e-18
      6034.80  8.99535e-17  8.99535e-18
      6044.00  9.09548e-17  9.09548e-18
      6053.20  7.93680e-17  7.93680e-18
      6062.40  8.42298e-17  8.42298e-18
      6071.60  8.24065e-17  8.24065e-18
      6080.80  8.70271e-17  8.70271e-18
      6090.00  8.32485e-17  8.32485e-18
      6099.20  8.68093e-17  8.68093e-18
      6108.40  8.28085e-17  8.28085e-18
      6117.60  7.92597e-17  7.92597e-18
      6126.80  8.09709e-17  8.09709e-18
      6136.00  7.21452e-17  7.21452e-18
      6145.20  7.03329e-17  7.03329e-18
      6154.40  7.57217e-17  7.57217e-18
      6163.60  6.21826e-17  6.21826e-18
      6172.80  6.08022e-17  6.08022e-18
      6182.00  5.15791e-17  5.15791e-18
      6191.20  4.88018e-17  4.88018e-18
      6200.40  3.71675e-17  3.71675e-18
      6209.60  4.10546e-17  4.10546e-18
      6218.80  3.79528e-17  3.79528e-18
      6228.00  3.46265e-17  3.46265e-18
      6237.20  3.61886e-17  3.61886e-18
      6246.40  3.11210e-17  3.11210e-18
      6255.60  3.17743e-17  3.17743e-18
      6264.80  3.45425e-17  3.45425e-18
      6274.00  3.75549e-17  3.75549e-18
      6283.20  3.86098e-17  3.86098e-18
      6292.40  4.74367e-17  4.74367e-18
      6301.60  4.56505e-17  4.56505e-18
      6310.80  4.97021e-17  4.97021e-18
      6320.00  4.68489e-17  4.68489e-18
      6329.20  5.89414e-17  5.89414e-18
      6338.40  5.32591e-17  5.32591e-18
      6347.60  6.17836e-17  6.17836e-18
      6356.80  6.51989e-17  6.51989e-18
      6366.00  6.00058e-17  6.00058e-18
      6375.20  6.76166e-17  6.76166e-18
      6384.40  6.68745e-17  6.68745e-18
      6393.60  6.72933e-17  6.72933e-18
      6402.80  6.78737e-17  6.78737e-18
      6412.00  6.99802e-17  6.99802e-18
      6421.20  7.33401e-17  7.33401e-18
      6430.40  7.26696e-17  7.26697e-18
      6439.60  7.83018e-17  7.83018e-18
      6448.80  7.71465e-17  7.71465e-18
      6458.00  4.15272e-17  4.15272e-18
      6467.20  8.53698e-17  8.53698e-18
      6476.40  8.38995e-17  8.38995e-18
      6485.60  9.80622e-17  9.80622e-18
      6494.80  9.76213e-17  9.76213e-18
      6504.00  1.04030e-16  1.04030e-17
      6513.20  1.00108e-16  1.00108e-17
      6522.40  1.00462e-16  1.00462e-17
      6531.60  9.93772e-17  9.93772e-18
      6540.80  1.04609e-16  1.04609e-17
      6550.00  1.03642e-16  1.03642e-17
      6559.20  1.01742e-16  1.01742e-17
      6568.40  1.06626e-16  1.06626e-17
      6577.60  1.01704e-16  1.01704e-17
      6586.80  1.05830e-16  1.05830e-17
      6596.00  1.04259e-16  1.04259e-17
      6605.20  1.04796e-16  1.04796e-17
      6614.40  1.05378e-16  1.05378e-17
      6623.60  9.26032e-17  9.26032e-18
      6632.80  9.32525e-17  9.32525e-18
      6642.00  9.51398e-17  9.51398e-18
      6651.20  8.77566e-17  8.77566e-18
      6660.40  7.82310e-17  7.82310e-18
      6669.60  8.55327e-17  8.55327e-18
      6678.80  8.58849e-17  8.58849e-18
      6688.00  8.80584e-17  8.80584e-18
      6697.20  7.76590e-17  7.76590e-18
      6706.40  9.08890e-17  9.08890e-18
      6715.60  9.18534e-17  9.18534e-18
      6724.80  8.70942e-17  8.70942e-18
      6734.00  8.92189e-17  8.92189e-18
      6743.20  8.78156e-17  8.78156e-18
      6752.40  9.13057e-17  9.13057e-18
      6761.60  8.75426e-17  8.75426e-18
      6770.80  8.44898e-17  8.44898e-18
      6780.00  9.14633e-17  9.14633e-18
      6789.20  8.97281e-17  8.97281e-18
      6798.40  9.84542e-17  9.84542e-18
      6807.60  9.17335e-17  9.17335e-18
      6816.80  9.66190e-17  9.66190e-18
      6826.00  9.45211e-17  9.45211e-18
      6835.20  8.98342e-17  8.98342e-18
      6844.40  9.73433e-17  9.73433e-18
      6853.60  7.92501e-17  7.92501e-18
      6862.80  7.11855e-17  7.11855e-18
      6872.00  6.83555e-17  6.83555e-18
      6881.20  7.28343e-17  7.28343e-18
      6890.40  7.07844e-17  7.07844e-18
      6899.60  6.81912e-17  6.81912e-18
      6908.80  7.09950e-17  7.09950e-18
      6918.00  6.83353e-17  6.83353e-18
      6927.20  7.10784e-17  7.10784e-18
      6936.40  6.90337e-17  6.90337e-18
      6945.60  6.42035e-17  6.42035e-18
      6954.80  6.60992e-17  6.60992e-18
      6964.00  7.86892e-17  7.86892e-18
      6973.20  7.34002e-17  7.34002e-18
      6982.40  7.10680e-17  7.10680e-18
      6991.60  7.03403e-17  7.03403e-18
      7000.80  6.67158e-17  6.67158e-18
      7010.00  7.58167e-17  7.58167e-18
      7019.20  7.06730e-17  7.06730e-18
      7028.40  7.40820e-17  7.40820e-18
      7037.60  8.31201e-17  8.31201e-18
      7046.80  7.25982e-17  7.25982e-18
      7056.00  8.20131e-17  8.20131e-18
      7065.20  7.60561e-17  7.60561e-18
      7074.40  7.72169e-17  7.72169e-18
      7083.60  6.80278e-17  6.80278e-18
      7092.80  8.24958e-17  8.24958e-18
      7102.00  7.34710e-17  7.34710e-18
      7111.20  7.73525e-17  7.73525e-18
      7120.40  7.06438e-17  7.06438e-18
      7129.60  7.66973e-17  7.66973e-18
      7138.80  6.62533e-17  6.62533e-18
      7148.00  5.98761e-17  5.98761e-18
      7157.20  6.13082e-17  6.13082e-18
      7166.40  6.19164e-17  6.19164e-18
      7175.60  5.45801e-17  5.45801e-18
      7184.80  6.08428e-17  6.08428e-18
      7194.00  6.05220e-17  6.05220e-18
      7203.20  5.40326e-17  5.40326e-18
      7212.40  6.06730e-17  6.06730e-18
      7221.60  5.52224e-17  5.52224e-18
      7230.80  5.26766e-17  5.26766e-18
      7240.00  6.94884e-17  6.94884e-18
      7249.20  4.39621e-17  4.39621e-18
      7258.40  5.64311e-17  5.64311e-18
      7267.60  4.94079e-17  4.94079e-18
      7276.80  5.22456e-17  5.22456e-18
      7286.00  5.90794e-17  5.90794e-18
      7295.20  6.65764e-17  6.65764e-18
      7304.40  5.93469e-17  5.93469e-18
      7313.60  5.98479e-17  5.98479e-18
      7322.80  6.00853e-17  6.00853e-18
      7332.00  6.44927e-17  6.44927e-18
      7341.20  5.86295e-17  5.86295e-18
      7350.40  6.70096e-17  6.70096e-18
      7359.60  6.34365e-17  6.34365e-18
      7368.80  6.24374e-17  6.24374e-18
      7378.00  6.66085e-17  6.66085e-18
      7387.20  7.02474e-17  7.02474e-18
      7396.40  5.46035e-17  5.46035e-18
      7405.60  6.45641e-17  6.45641e-18
      7414.80  7.28063e-17  7.28063e-18
      7424.00  7.08022e-17  7.08022e-18
      7433.20  7.17166e-17  7.17166e-18
      7442.40  6.43484e-17  6.43484e-18
      7451.60  6.93438e-17  6.93438e-18
      7460.80  6.46805e-17  6.46805e-18
      7470.00  7.65945e-17  7.65945e-18
      7479.20  5.79851e-17  5.79851e-18
      7488.40  5.46285e-17  5.46285e-18
      7497.60  6.06575e-17  6.06575e-18
      7506.80  5.01638e-17  5.01638e-18
      7516.00  4.17891e-17  4.17891e-18
      7525.20  4.61559e-17  4.61559e-18
      7534.40  3.01976e-17  3.01976e-18
      7543.60  2.33607e-17  2.33607e-18
      7552.80  3.01396e-17  3.01396e-18
      7562.00  1.62373e-17  1.62373e-18
      7571.20  2.25290e-17  2.25290e-18
      7580.40  2.12266e-17  2.12266e-18
      7589.60  1.80421e-17  1.80421e-18
      7598.80  5.05760e-18  5.05760e-19
      7608.00  8.38795e-18  8.38795e-19
      7617.20  6.58913e-18  6.58913e-19
      7626.40  1.12379e-17  1.12379e-18
      7635.60  1.23222e-17  1.23222e-18
      7644.80  2.64203e-17  2.64203e-18
      7654.00  3.04204e-17  3.04204e-18
      7663.20  2.81303e-17  2.81303e-18
      7672.40  3.84136e-17  3.84136e-18
      7681.60  4.74135e-17  4.74135e-18
      7690.80  5.13140e-17  5.13140e-18
      7700.00  5.94889e-17  5.94889e-18
      7709.20  7.32731e-17  7.32731e-18
      7718.40  5.49656e-17  5.49656e-18
      7727.60  6.27635e-17  6.27635e-18
      7736.80  6.95523e-17  6.95523e-18
      7746.00  7.86742e-17  7.86742e-18
      7755.20  7.12725e-17  7.12725e-18
      7764.40  7.48301e-17  7.48301e-18
      7773.60  8.07161e-17  8.07161e-18
      7782.80  9.74873e-17  9.74873e-18
      7792.00  6.85413e-17  6.85413e-18
      7801.20  7.80373e-17  7.80373e-18
      7810.40  7.72938e-17  7.72938e-18
      7819.60  5.75328e-17  5.75328e-18
      7828.80  7.66988e-17  7.66988e-18
      7838.00  8.87141e-17  8.87141e-18
      7847.20  7.78038e-17  7.78038e-18
      7856.40  6.57355e-17  6.57355e-18
      7865.60  4.06631e-17  4.06631e-18
      7874.80  7.05515e-17  7.05515e-18
      7884.00  8.60386e-17  8.60386e-18
      7893.20  8.35987e-17  8.35987e-18
      7902.40  4.95383e-17  4.95383e-18
      7911.60  5.32770e-17  5.32770e-18
      7920.80  6.34794e-17  6.34794e-18
      7930.00  7.44016e-17  7.44016e-18
      7939.20  5.77493e-17  5.77493e-18
      7948.40  6.38974e-17  6.38974e-18
      7957.60  6.06525e-17  6.06525e-18
      7966.80  4.97407e-17  4.97407e-18
      7976.00  5.57064e-17  5.57064e-18
      7985.20  9.09950e-17  9.09950e-18
      7994.40  7.63833e-17  7.63833e-18
