       3339.8667  1.75575e-17  1.42723e-17
       3343.9414  2.67534e-18  1.40675e-17
       3348.0161  2.52474e-17  1.42006e-17
       3352.0907  2.90842e-17  1.38553e-17
       3356.1654 -1.60648e-18  1.34559e-17
       3360.2401  9.79953e-18  1.33455e-17
       3364.3148 -1.15226e-17  1.29166e-17
       3368.3894  3.42580e-17  1.28576e-17
       3372.4641  8.95623e-18  1.22224e-17
       3376.5388 -5.86625e-18  1.21674e-17
       3380.6135  2.44019e-18  1.17298e-17
       3384.6882  6.38140e-18  1.16856e-17
       3388.7628  1.26844e-17  1.15762e-17
       3392.8375 -3.00515e-18  1.12966e-17
       3396.9122  3.30599e-18  1.09590e-17
       3400.9869  2.02355e-17  1.10589e-17
       3405.0615  1.62697e-17  1.07158e-17
       3409.1362  4.29925e-17  1.08560e-17
       3413.2109  3.49843e-18  1.03494e-17
       3417.2856  1.80201e-17  1.02064e-17
       3421.3603  2.75256e-17  1.01494e-17
       3425.4349  1.40540e-17  9.71553e-18
       3429.5096  9.09612e-18  9.54122e-18
       3433.5843  3.34318e-17  9.76857e-18
       3437.6590  1.21117e-18  9.30824e-18
       3441.7336  1.54885e-17  9.22104e-18
       3445.8083  9.92446e-18  8.91423e-18
       3449.8830  4.53557e-18  8.72511e-18
       3453.9577  3.65739e-17  8.83759e-18
       3458.0324  1.77426e-17  8.62520e-18
       3462.1070  2.15521e-17  8.53385e-18
       3466.1817  1.86343e-17  8.38245e-18
       3470.2564 -1.98063e-18  8.13096e-18
       3474.3311  1.97459e-17  8.27752e-18
       3478.4057  5.98903e-18  7.65087e-18
       3482.4804 -7.02290e-17  1.13398e-17
       3486.5551 -3.86028e-17  8.26200e-18
       3490.6298  2.09866e-17  7.48312e-18
       3494.7045  1.41335e-17  7.47290e-18
       3498.7791  7.73027e-18  7.22229e-18
       3502.8538  2.49302e-17  7.34389e-18
       3506.9285  2.17723e-17  7.10792e-18
       3511.0032  5.74614e-18  6.68003e-18
       3515.0779  2.32213e-17  6.91080e-18
       3519.1525  2.91935e-18  6.58159e-18
       3523.2272  1.85905e-17  6.72755e-18
       3527.3019  2.87175e-17  6.75194e-18
       3531.3766  9.84850e-18  6.48034e-18
       3535.4512  1.51158e-17  6.65095e-18
       3539.5259  8.41384e-18  6.45346e-18
       3543.6006  1.87882e-17  6.41373e-18
       3547.6753  1.54494e-17  6.36615e-18
       3551.7500  1.13897e-17  6.10052e-18
       3555.8246  1.89608e-17  6.11048e-18
       3559.8993  1.79093e-17  5.92214e-18
       3563.9740  2.31624e-17  5.90626e-18
       3568.0487  2.05282e-17  5.81669e-18
       3572.1233  3.31065e-17  5.79055e-18
       3576.1980  1.16938e-17  5.42126e-18
       3580.2727  2.25373e-17  5.49160e-18
       3584.3474  9.97833e-18  5.37603e-18
       3588.4221  2.80429e-17  5.45218e-18
       3592.4967  1.23831e-17  5.27209e-18
       3596.5714  2.48534e-17  5.33716e-18
       3600.6461  1.91858e-17  5.15874e-18
       3604.7208  2.83982e-17  5.25013e-18
       3608.7954  3.08950e-17  5.25792e-18
       3612.8701  3.56892e-17  5.26036e-18
       3616.9448  2.66227e-17  5.15443e-18
       3621.0195  2.84108e-17  5.10168e-18
       3625.0942  1.97358e-17  4.97136e-18
       3629.1688  3.47534e-17  5.13767e-18
       3633.2435  1.61600e-17  4.81621e-18
       3637.3182  2.84918e-17  4.97169e-18
       3641.3929  2.25497e-17  4.81350e-18
       3645.4675  2.83464e-17  4.79839e-18
       3649.5422  2.07708e-17  4.64434e-18
       3653.6169  2.37710e-17  4.66079e-18
       3657.6916  2.51909e-17  4.68313e-18
       3661.7663  2.05624e-17  4.52242e-18
       3665.8409  2.10205e-17  4.44523e-18
       3669.9156  2.28716e-17  4.38262e-18
       3673.9903  2.20839e-17  4.30789e-18
       3678.0650  2.12615e-17  4.34195e-18
       3682.1396  1.48133e-17  4.17996e-18
       3686.2143  1.41831e-17  4.15487e-18
       3690.2890  2.03640e-17  4.19435e-18
       3694.3637  1.90362e-17  4.06633e-18
       3698.4384  1.54713e-17  4.12606e-18
       3702.5130  1.56508e-17  4.05458e-18
       3706.5877 -2.95208e-17  6.88440e-18
       3710.6624  1.02228e-17  3.95064e-18
       3714.7371  1.65357e-17  3.87756e-18
       3718.8117  1.46996e-17  3.88751e-18
       3722.8864  1.05240e-17  3.77998e-18
       3726.9611  2.08502e-17  3.86119e-18
       3731.0358  1.28708e-17  3.81879e-18
       3735.1105  1.86328e-17  3.84283e-18
       3739.1851  2.06633e-17  3.74442e-18
       3743.2598  1.61849e-17  3.65672e-18
       3747.3345  1.64864e-17  3.67541e-18
       3751.4092  8.83192e-18  3.50807e-18
       3755.4838  1.37685e-17  3.62796e-18
       3759.5585  1.57410e-17  3.51597e-18
       3763.6332  2.16762e-17  3.58634e-18
       3767.7079  1.33661e-17  3.45974e-18
       3771.7826  1.64023e-17  3.48959e-18
       3775.8572  1.50091e-17  3.49568e-18
       3779.9319  7.61847e-18  3.32355e-18
       3784.0066  1.80665e-17  3.46555e-18
       3788.0813  1.08146e-17  3.31595e-18
       3792.1560  1.50208e-17  3.29755e-18
       3796.2306  1.70516e-17  3.33386e-18
       3800.3053  1.39178e-17  3.27704e-18
       3804.3800  1.31407e-17  3.25355e-18
       3808.4547  2.20628e-17  3.28166e-18
       3812.5293  1.29743e-17  3.16630e-18
       3816.6040  2.30981e-17  3.30321e-18
       3820.6787  1.35364e-17  3.15883e-18
       3824.7534  1.42899e-17  3.15516e-18
       3828.8281  1.81703e-17  3.20767e-18
       3832.9027  2.20305e-17  3.24453e-18
       3836.9774  2.01629e-17  3.15047e-18
       3841.0521  2.11435e-17  3.23087e-18
       3845.1268  3.11149e-17  3.32036e-18
       3849.2014  3.08186e-17  3.32112e-18
       3853.2761  3.82586e-17  3.36085e-18
       3857.3508  3.42022e-17  3.31379e-18
       3861.4255  4.02694e-17  3.33452e-18
       3865.5002  3.85196e-17  3.29950e-18
       3869.5748  3.26478e-17  3.25246e-18
       3873.6495  4.28549e-17  3.36532e-18
       3877.7242  4.59219e-17  3.36917e-18
       3881.7989  4.42048e-17  3.32560e-18
       3885.8735  5.18296e-17  3.40554e-18
       3889.9482  4.91024e-17  3.32187e-18
       3894.0229  3.34144e-17  3.39592e-18
       3898.0976  3.36703e-17  3.35979e-18
       3902.1723  5.60898e-17  3.43360e-18
       3906.2469  5.93667e-17  3.50811e-18
       3910.3216  6.12502e-17  3.53884e-18
       3914.3963  6.90747e-17  3.58808e-18
       3918.4710  6.58615e-17  3.56879e-18
       3922.5456  7.84965e-17  3.64075e-18
       3926.6203  6.87065e-17  3.48588e-18
       3930.6950  6.84949e-17  3.46678e-18
       3934.7697  7.06853e-17  3.46530e-18
       3938.8444  7.42871e-17  3.51098e-18
       3942.9190  7.72601e-17  3.54750e-18
       3946.9937  7.63494e-17  3.57140e-18
       3951.0684  6.88064e-17  3.48297e-18
       3955.1431  7.45573e-17  3.59257e-18
       3959.2177  6.95549e-17  3.48191e-18
       3963.2924  8.04806e-17  3.54518e-18
       3967.3671  7.50096e-17  3.47969e-18
       3971.4418  6.58912e-17  3.36994e-18
       3975.5165  6.99942e-17  3.43040e-18
       3979.5911  6.38131e-17  3.42210e-18
       3983.6658  7.08567e-17  3.50243e-18
       3987.7405  6.72225e-17  3.44789e-18
       3991.8152  6.07563e-17  3.36034e-18
       3995.8898  6.51572e-17  3.40582e-18
       3999.9645  6.33218e-17  3.35942e-18
       4004.0392  6.84347e-17  3.40009e-18
       4008.1139  6.08763e-17  3.38703e-18
       4012.1886  6.06629e-17  3.40453e-18
       4016.2632  6.53695e-17  3.45621e-18
       4020.3379  6.50218e-17  3.43799e-18
       4024.4126  5.53251e-17  3.29179e-18
       4028.4873  6.50341e-17  3.37109e-18
       4032.5619  6.59073e-17  3.35176e-18
       4036.6366  6.88781e-17  3.40025e-18
       4040.7113  6.58978e-17  3.38642e-18
       4044.7860  6.52855e-17  3.41636e-18
       4048.8607  6.63632e-17  3.41401e-18
       4052.9353  7.28540e-17  3.48334e-18
       4057.0100  6.73097e-17  3.41692e-18
       4061.0847  6.77086e-17  3.39926e-18
       4065.1594  6.28202e-17  3.38020e-18
       4069.2341  6.34926e-17  3.38988e-18
       4073.3087  5.58424e-17  3.29867e-18
       4077.3834  6.37583e-17  3.32847e-18
       4081.4581  5.35217e-17  3.25636e-18
       4085.5328  5.69770e-17  3.27361e-18
       4089.6074  4.66921e-17  3.16461e-18
       4093.6821  5.67798e-17  3.25411e-18
       4097.7568  4.73670e-17  3.15014e-18
       4101.8315  5.13881e-17  3.20430e-18
       4105.9062  5.34517e-17  3.16764e-18
       4109.9808  4.78576e-17  3.09704e-18
       4114.0555  4.77802e-17  3.14399e-18
       4118.1302  4.61210e-17  3.14719e-18
       4122.2049  4.84075e-17  3.16310e-18
       4126.2795  4.82371e-17  3.14231e-18
       4130.3542  5.59416e-17  3.21121e-18
       4134.4289  5.34177e-17  3.16804e-18
       4138.5036  5.13892e-17  3.17635e-18
       4142.5783  5.00684e-17  3.10567e-18
       4146.6529  5.60870e-17  3.21300e-18
       4150.7276  4.76666e-17  3.07557e-18
       4154.8023  5.46994e-17  3.18205e-18
       4158.8770  5.08432e-17  3.16374e-18
       4162.9516  5.17234e-17  3.17530e-18
       4167.0263  4.81624e-17  3.12656e-18
       4171.1010  4.36461e-17  3.10264e-18
       4175.1757  4.97297e-17  3.12027e-18
       4179.2504  4.87893e-17  3.11899e-18
       4183.3250  4.56749e-17  3.04673e-18
       4187.3997  4.56073e-17  3.07250e-18
       4191.4744  4.83079e-17  3.09131e-18
       4195.5491  5.40727e-17  3.14633e-18
       4199.6237  4.49732e-17  3.02312e-18
       4203.6984  5.21379e-17  3.11575e-18
       4207.7731  3.95838e-17  2.94323e-18
       4211.8478  4.72132e-17  3.04620e-18
       4215.9225  4.97524e-17  3.07666e-18
       4219.9971  4.60543e-17  3.03877e-18
       4224.0718  4.31488e-17  2.99148e-18
       4228.1465  4.27468e-17  2.97596e-18
       4232.2212  4.22176e-17  2.96607e-18
       4236.2958  3.97354e-17  2.93035e-18
       4240.3705  3.76875e-17  2.92198e-18
       4244.4452  4.61320e-17  2.99040e-18
       4248.5199  4.42796e-17  2.97143e-18
       4252.5946  4.47930e-17  2.98748e-18
       4256.6692  4.55659e-17  2.97531e-18
       4260.7439  4.69169e-17  3.00487e-18
       4264.8186  4.53371e-17  2.96844e-18
       4268.8933  4.33662e-17  2.95373e-18
       4272.9679  5.10955e-17  3.01861e-18
       4277.0426  4.69635e-17  2.98770e-18
       4281.1173  4.91368e-17  3.00253e-18
       4285.1920  4.71938e-17  3.00263e-18
       4289.2667  4.46040e-17  2.96740e-18
       4293.3413  4.57341e-17  2.97144e-18
       4297.4160  5.08706e-17  2.98492e-18
       4301.4907  4.84662e-17  2.95693e-18
       4305.5654  4.91533e-17  2.96499e-18
       4309.6400  4.83920e-17  2.94253e-18
       4313.7147  4.89930e-17  2.98178e-18
       4317.7894  4.97707e-17  2.99548e-18
       4321.8641  4.89517e-17  3.01241e-18
       4325.9388  4.38464e-17  2.96299e-18
       4330.0134  5.26184e-17  3.01496e-18
       4334.0881  5.31750e-17  3.04604e-18
       4338.1628  5.41386e-17  3.04062e-18
       4342.2375  4.95055e-17  2.96885e-18
       4346.3122  5.64970e-17  3.03931e-18
       4350.3868  5.95628e-17  3.09606e-18
       4354.4615  5.08383e-17  3.02285e-18
       4358.5362  5.17339e-17  3.03759e-18
       4362.6109  5.63094e-17  3.10056e-18
       4366.6855  5.81534e-17  3.11569e-18
       4370.7602  6.38981e-17  3.13674e-18
       4374.8349  6.34950e-17  3.13234e-18
       4378.9096  7.25578e-17  3.22381e-18
       4382.9843  7.03985e-17  3.20714e-18
       4387.0589  7.07988e-17  3.21070e-18
       4391.1336  7.80254e-17  3.28657e-18
       4395.2083  8.03516e-17  3.31562e-18
       4399.2830  8.50177e-17  3.37059e-18
       4403.3576  8.71851e-17  3.39885e-18
       4407.4323  8.93888e-17  3.45414e-18
       4411.5070  9.23369e-17  3.47030e-18
       4415.5817  9.39227e-17  3.48045e-18
       4419.6564  9.53420e-17  3.49490e-18
       4423.7310  9.63703e-17  3.53138e-18
       4427.8057  1.02210e-16  3.61099e-18
       4431.8804  1.05437e-16  3.61739e-18
       4435.9551  1.10336e-16  3.62699e-18
       4440.0297  1.08564e-16  3.64870e-18
       4444.1044  1.11956e-16  3.67882e-18
       4448.1791  1.10156e-16  3.64668e-18
       4452.2538  1.10483e-16  3.62976e-18
       4456.3285  1.20588e-16  3.70812e-18
       4460.4031  1.16538e-16  3.68798e-18
       4464.4778  1.22232e-16  3.73478e-18
       4468.5525  1.23955e-16  3.75622e-18
       4472.6272  1.20593e-16  3.74349e-18
       4476.7018  1.30220e-16  3.82329e-18
       4480.7765  1.23315e-16  3.77159e-18
       4484.8512  1.25844e-16  3.77515e-18
       4488.9259  1.29713e-16  3.81494e-18
       4493.0006  1.30583e-16  3.82582e-18
       4497.0752  1.40405e-16  3.92420e-18
       4501.1499  1.38151e-16  3.91011e-18
       4505.2246  1.32511e-16  3.86742e-18
       4509.2993  1.35635e-16  3.89648e-18
       4513.3739  1.40451e-16  3.92842e-18
       4517.4486  1.42346e-16  3.96448e-18
       4521.5233  1.41648e-16  3.94651e-18
       4525.5980  1.37542e-16  3.89912e-18
       4529.6727  1.35829e-16  3.87574e-18
       4533.7473  1.38086e-16  3.90934e-18
       4537.8220  1.29272e-16  3.83302e-18
       4541.8967  1.28153e-16  3.84301e-18
       4545.9714  1.24247e-16  3.79813e-18
       4550.0460  1.22709e-16  3.79043e-18
       4554.1207  1.20620e-16  3.75462e-18
       4558.1954  1.27790e-16  3.81638e-18
       4562.2701  1.26244e-16  3.81701e-18
       4566.3448  1.24528e-16  3.80447e-18
       4570.4194  1.25560e-16  3.80009e-18
       4574.4941  1.26573e-16  3.81727e-18
       4578.5688  1.29452e-16  3.85995e-18
       4582.6435  1.31338e-16  3.86891e-18
       4586.7182  1.30321e-16  3.86367e-18
       4590.7928  1.31353e-16  3.86420e-18
       4594.8675  1.37492e-16  3.91975e-18
       4598.9422  1.39245e-16  3.93454e-18
       4603.0169  1.39045e-16  3.92078e-18
       4607.0915  1.47555e-16  3.98610e-18
       4611.1662  1.45924e-16  3.98434e-18
       4615.2409  1.47658e-16  4.00444e-18
       4619.3156  1.53558e-16  4.05507e-18
       4623.3903  1.51890e-16  4.05957e-18
       4627.4649  1.55149e-16  4.07825e-18
       4631.5396  1.58371e-16  4.11177e-18
       4635.6143  1.57290e-16  4.10806e-18
       4639.6890  1.58247e-16  4.12858e-18
       4643.7636  1.68721e-16  4.18762e-18
       4647.8383  1.69571e-16  4.19710e-18
       4651.9130  1.78523e-16  4.25881e-18
       4655.9877  1.82194e-16  4.30952e-18
       4660.0624  1.97673e-16  4.43681e-18
       4664.1370  2.08942e-16  4.53594e-18
       4668.2117  2.08693e-16  4.54912e-18
       4672.2864  2.16375e-16  4.59098e-18
       4676.3611  2.21297e-16  4.62023e-18
       4680.4357  2.30613e-16  4.69185e-18
       4684.5104  2.30423e-16  4.68804e-18
       4688.5851  2.26666e-16  4.66752e-18
       4692.6598  2.24720e-16  4.64246e-18
       4696.7345  2.23709e-16  4.63679e-18
       4700.8091  2.24679e-16  4.64846e-18
       4704.8838  2.27009e-16  4.66248e-18
       4708.9585  2.15798e-16  4.59497e-18
       4713.0332  2.20566e-16  4.59565e-18
       4717.1078  2.17382e-16  4.61205e-18
       4721.1825  2.03378e-16  4.51394e-18
       4725.2572  1.91903e-16  4.40258e-18
       4729.3319  1.86020e-16  4.36343e-18
       4733.4066  1.86872e-16  4.36615e-18
       4737.4812  1.86425e-16  4.35851e-18
       4741.5559  1.76156e-16  4.29431e-18
       4745.6306  1.70191e-16  4.24809e-18
       4749.7053  1.67425e-16  4.19686e-18
       4753.7799  1.59385e-16  4.16016e-18
       4757.8546  1.57642e-16  4.12301e-18
       4761.9293  1.50188e-16  4.05771e-18
       4766.0040  1.54365e-16  4.10659e-18
       4770.0787  1.46004e-16  4.04238e-18
       4774.1533  1.41701e-16  3.99542e-18
       4778.2280  1.37649e-16  3.96435e-18
       4782.3027  1.35112e-16  3.93148e-18
       4786.3774  1.39789e-16  3.98894e-18
       4790.4520  1.36254e-16  3.96991e-18
       4794.5267  1.36843e-16  3.96450e-18
       4798.6014  1.36565e-16  3.97970e-18
       4802.6761  1.39673e-16  4.00715e-18
       4806.7508  1.47697e-16  4.07807e-18
       4810.8254  1.51082e-16  4.08923e-18
       4814.9001  1.57338e-16  4.13811e-18
       4818.9748  1.60908e-16  4.18903e-18
       4823.0495  1.54888e-16  4.14940e-18
       4827.1241  1.60799e-16  4.19690e-18
       4831.1988  1.58354e-16  4.18711e-18
       4835.2735  1.59421e-16  4.17445e-18
       4839.3482  1.56361e-16  4.14777e-18
       4843.4229  1.64481e-16  4.22337e-18
       4847.4975  1.50079e-16  4.10759e-18
       4851.5722  1.58464e-16  4.13877e-18
       4855.6469  1.53028e-16  4.11783e-18
       4859.7216  1.60602e-16  4.17086e-18
       4863.7963  1.53449e-16  4.10237e-18
       4867.8709  1.46473e-16  4.06715e-18
       4871.9456  1.55526e-16  4.11899e-18
       4876.0203  1.48518e-16  4.07903e-18
       4880.0950  1.39892e-16  4.00974e-18
       4884.1696  1.40096e-16  4.01774e-18
       4888.2443  1.36825e-16  4.00301e-18
       4892.3190  1.33717e-16  3.96757e-18
       4896.3937  1.30518e-16  3.93271e-18
       4900.4684  1.33036e-16  3.95002e-18
       4904.5430  1.37272e-16  3.99506e-18
       4908.6177  1.31330e-16  3.94310e-18
       4912.6924  1.24908e-16  3.88299e-18
       4916.7671  1.19515e-16  3.82109e-18
       4920.8417  1.15217e-16  3.77109e-18
       4924.9164  1.08582e-16  3.72448e-18
       4928.9911  1.10771e-16  3.73695e-18
       4933.0658  1.03865e-16  3.67724e-18
       4937.1405  9.55991e-17  3.60638e-18
       4941.2151  1.02945e-16  3.67223e-18
       4945.2898  1.02990e-16  3.64917e-18
       4949.3645  9.56603e-17  3.60646e-18
       4953.4392  9.69134e-17  3.62006e-18
       4957.5138  9.70221e-17  3.60670e-18
       4961.5885  9.42101e-17  3.58879e-18
       4965.6632  1.06514e-16  3.70611e-18
       4969.7379  1.01069e-16  3.68027e-18
       4973.8126  9.36389e-17  3.62242e-18
       4977.8872  1.04763e-16  3.71837e-18
       4981.9619  1.02399e-16  3.68831e-18
       4986.0366  1.04564e-16  3.70991e-18
       4990.1113  1.05870e-16  3.72567e-18
       4994.1859  1.04962e-16  3.72165e-18
       4998.2606  1.12657e-16  3.77730e-18
       5002.3353  1.08210e-16  3.77470e-18
       5006.4100  1.08082e-16  3.80083e-18
       5010.4847  1.13809e-16  3.80064e-18
       5014.5593  1.21093e-16  3.85302e-18
       5018.6340  1.18223e-16  3.83262e-18
       5022.7087  1.15177e-16  3.80957e-18
       5026.7834  1.18013e-16  3.82991e-18
       5030.8580  1.17801e-16  3.84407e-18
       5034.9327  1.25145e-16  3.89381e-18
       5039.0074  1.18742e-16  3.82105e-18
       5043.0821  1.15648e-16  3.82977e-18
       5047.1568  1.18064e-16  3.83851e-18
       5051.2314  1.17166e-16  3.81508e-18
       5055.3061  1.13133e-16  3.80598e-18
       5059.3808  1.10528e-16  3.79777e-18
       5063.4555  1.04406e-16  3.71347e-18
       5067.5301  1.07076e-16  3.75554e-18
       5071.6048  1.00334e-16  3.67010e-18
       5075.6795  1.06556e-16  3.74234e-18
       5079.7542  1.00277e-16  3.67768e-18
       5083.8289  1.02958e-16  3.69683e-18
       5087.9035  1.10228e-16  3.77660e-18
       5091.9782  9.92866e-17  3.65298e-18
       5096.0529  1.11004e-16  3.76780e-18
       5100.1276  1.06181e-16  3.71704e-18
       5104.2022  1.06168e-16  3.72768e-18
       5108.2769  1.10244e-16  3.77015e-18
       5112.3516  1.14713e-16  3.82542e-18
       5116.4263  1.18995e-16  3.84820e-18
       5120.5010  1.17648e-16  3.85892e-18
       5124.5756  1.09926e-16  3.78047e-18
       5128.6503  1.13490e-16  3.79882e-18
       5132.7250  1.12852e-16  3.82419e-18
       5136.7997  1.18665e-16  3.86978e-18
       5140.8744  1.18668e-16  3.87037e-18
       5144.9490  1.24059e-16  3.94884e-18
       5149.0237  1.30873e-16  3.99802e-18
       5153.0984  1.36602e-16  4.04654e-18
       5157.1731  1.36295e-16  4.05956e-18
       5161.2477  1.43579e-16  4.10665e-18
       5165.3224  1.46551e-16  4.09412e-18
       5169.3971  1.53094e-16  4.17733e-18
       5173.4718  1.55174e-16  4.20975e-18
       5177.5465  1.54997e-16  4.18863e-18
       5181.6211  1.65059e-16  4.32021e-18
       5185.6958  1.71595e-16  4.37729e-18
       5189.7705  1.84150e-16  4.46187e-18
       5193.8452  1.93682e-16  4.54591e-18
       5197.9198  1.94768e-16  4.58667e-18
       5201.9945  2.02994e-16  4.64234e-18
       5206.0692  2.13469e-16  4.70605e-18
       5210.1439  2.12468e-16  4.69435e-18
       5214.2186  2.16639e-16  4.73930e-18
       5218.2932  2.12601e-16  4.70033e-18
       5222.3679  2.32855e-16  4.88063e-18
       5226.4426  2.31062e-16  4.85687e-18
       5230.5173  2.26844e-16  4.82527e-18
       5234.5919  2.23444e-16  4.79932e-18
       5238.6666  2.41362e-16  4.93682e-18
       5242.7413  2.43437e-16  4.96991e-18
       5246.8160  2.40343e-16  4.94036e-18
       5250.8907  2.44357e-16  4.96467e-18
       5254.9653  2.53686e-16  5.02685e-18
       5259.0400  2.71665e-16  5.14899e-18
       5263.1147  2.63233e-16  5.08031e-18
       5267.1894  2.61715e-16  5.08068e-18
       5271.2640  2.64008e-16  5.10692e-18
       5275.3387  2.74260e-16  5.17329e-18
       5279.4134  2.87031e-16  5.28928e-18
       5283.4881  2.84655e-16  5.27956e-18
       5287.5628  2.86612e-16  5.27877e-18
       5291.6374  2.90796e-16  5.31848e-18
       5295.7121  2.94501e-16  5.34734e-18
       5299.7868  2.96219e-16  5.37152e-18
       5303.8615  2.99832e-16  5.39602e-18
       5307.9361  3.09890e-16  5.45936e-18
       5312.0108  3.06013e-16  5.44973e-18
       5316.0855  3.07118e-16  5.46200e-18
       5320.1602  3.17028e-16  5.53580e-18
       5324.2349  3.12326e-16  5.49386e-18
       5328.3095  3.18971e-16  5.53863e-18
       5332.3842  3.23929e-16  5.58447e-18
       5336.4589  3.25483e-16  5.59449e-18
       5340.5336  3.32234e-16  5.62761e-18
       5344.6082  3.33060e-16  5.64668e-18
       5348.6829  3.31541e-16  5.62653e-18
       5352.7576  3.42944e-16  5.71132e-18
       5356.8323  3.43984e-16  5.71155e-18
       5360.9070  3.35741e-16  5.66463e-18
       5364.9816  3.32650e-16  5.63777e-18
       5369.0563  3.40557e-16  5.70300e-18
       5373.1310  3.44797e-16  5.73637e-18
       5377.2057  3.44924e-16  5.73729e-18
       5381.2803  3.49426e-16  5.77837e-18
       5385.3550  3.49184e-16  5.78329e-18
       5389.4297  3.43691e-16  5.75883e-18
       5393.5044  3.44233e-16  5.78237e-18
       5397.5791  3.47923e-16  5.80393e-18
       5401.6537  3.35358e-16  5.70436e-18
       5405.7284  3.36911e-16  5.71055e-18
       5409.8031  3.39155e-16  5.73988e-18
       5413.8778  3.30816e-16  5.66804e-18
       5417.9525  3.28263e-16  5.65035e-18
       5422.0271  3.16545e-16  5.60436e-18
       5426.1018  3.16659e-16  5.58502e-18
       5430.1765  3.17309e-16  5.59152e-18
       5434.2512  3.08920e-16  5.55320e-18
       5438.3258  3.11961e-16  5.56705e-18
       5442.4005  3.08683e-16  5.55526e-18
       5446.4752  3.15900e-16  5.60277e-18
       5450.5499  3.09872e-16  5.56314e-18
       5454.6246  3.03441e-16  5.51360e-18
       5458.6992  3.12743e-16  5.60709e-18
       5462.7739  3.08198e-16  5.56947e-18
       5466.8486  3.16794e-16  5.63544e-18
       5470.9233  3.15950e-16  5.62758e-18
       5474.9979  3.16677e-16  5.64514e-18
       5479.0726  3.31137e-16  5.72595e-18
       5483.1473  3.37911e-16  5.76518e-18
       5487.2220  3.39858e-16  5.79521e-18
       5491.2967  3.44622e-16  5.83428e-18
       5495.3713  3.54017e-16  5.89352e-18
       5499.4460  3.63486e-16  5.96066e-18
       5503.5207  3.67568e-16  6.00680e-18
       5507.5954  3.75618e-16  6.04877e-18
       5511.6700  3.82999e-16  6.10070e-18
       5515.7447  3.93163e-16  6.16274e-18
       5519.8194  4.04985e-16  6.23580e-18
       5523.8941  4.18809e-16  6.34958e-18
       5527.9688  4.29049e-16  6.40054e-18
       5532.0434  4.20595e-16  6.34659e-18
       5536.1181  4.42645e-16  6.48979e-18
       5540.1928  4.46931e-16  6.52674e-18
       5544.2675  4.40357e-16  6.49995e-18
       5548.3421  4.35730e-16  6.46116e-18
       5552.4168  4.39843e-16  6.48109e-18
       5556.4915  4.38523e-16  6.47698e-18
       5560.5662  4.31879e-16  6.45991e-18
       5564.6409  4.32597e-16  6.46239e-18
       5568.7155  4.34416e-16  6.87854e-18
       5572.7902  4.38787e-16  7.18844e-18
       5576.8649  4.33426e-16  7.20629e-18
       5580.9396  4.21864e-16  7.13215e-18
       5585.0142  4.18771e-16  6.76069e-18
       5589.0889  4.21548e-16  6.43327e-18
       5593.1636  4.30479e-16  6.47189e-18
       5597.2383  4.28266e-16  6.44950e-18
       5601.3130  4.21608e-16  6.42448e-18
       5605.3876  4.22194e-16  6.41876e-18
       5609.4623  4.13410e-16  6.35915e-18
       5613.5370  4.18737e-16  6.39628e-18
       5617.6117  4.23325e-16  6.42581e-18
       5621.6863  3.99421e-16  6.30007e-18
       5625.7610  4.01080e-16  6.28168e-18
       5629.8357  4.16336e-16  6.37568e-18
       5633.9104  4.04312e-16  6.32632e-18
       5637.9851  4.10713e-16  6.36840e-18
       5642.0597  4.08224e-16  6.34356e-18
       5646.1344  4.01656e-16  6.33362e-18
       5650.2091  3.94649e-16  6.41684e-18
       5654.2838  4.22744e-16  6.96440e-18
       5658.3584  4.20708e-16  6.78924e-18
       5662.4331  4.19570e-16  6.47993e-18
       5666.5078  4.34496e-16  6.51989e-18
       5670.5825  4.27516e-16  6.50026e-18
       5674.6572  4.46801e-16  6.60433e-18
       5678.7318  4.53805e-16  6.63388e-18
       5682.8065  4.63978e-16  6.70871e-18
       5686.8812  4.81041e-16  6.80717e-18
       5690.9559  4.80959e-16  6.82125e-18
       5695.0306  4.81641e-16  6.82783e-18
       5699.1052  4.82558e-16  6.81952e-18
       5703.1799  4.91498e-16  6.88128e-18
       5707.2546  4.91118e-16  6.88395e-18
       5711.3293  5.01232e-16  6.93404e-18
       5715.4039  4.97407e-16  6.93571e-18
       5719.4786  5.03862e-16  6.94902e-18
       5723.5533  4.84072e-16  6.85183e-18
       5727.6280  4.75061e-16  6.80642e-18
       5731.7027  4.70368e-16  6.76916e-18
       5735.7773  4.62076e-16  6.72640e-18
       5739.8520  4.64815e-16  6.72827e-18
       5743.9267  4.53527e-16  6.67031e-18
       5748.0014  4.37096e-16  6.57829e-18
       5752.0760  4.33513e-16  6.55886e-18
       5756.1507  4.29307e-16  6.55292e-18
       5760.2254  4.23331e-16  6.50570e-18
       5764.3001  4.15061e-16  6.47420e-18
       5768.3748  4.19766e-16  6.48280e-18
       5772.4494  4.06864e-16  6.39069e-18
       5776.5241  4.04064e-16  6.40333e-18
       5780.5988  3.95556e-16  6.34007e-18
       5784.6735  3.95901e-16  6.35587e-18
       5788.7481  3.87250e-16  6.29741e-18
       5792.8228  3.82971e-16  6.27628e-18
       5796.8975  3.89661e-16  6.31468e-18
       5800.9722  3.91815e-16  6.32685e-18
       5805.0469  3.91249e-16  6.32579e-18
       5809.1215  3.85765e-16  6.30738e-18
       5813.1962  3.83801e-16  6.29507e-18
       5817.2709  3.87344e-16  6.30112e-18
       5821.3456  3.87795e-16  6.31335e-18
       5825.4202  3.95765e-16  6.38239e-18
       5829.4949  3.96453e-16  6.38593e-18
       5833.5696  3.85647e-16  6.29915e-18
       5837.6443  3.84699e-16  6.30351e-18
       5841.7190  3.82122e-16  6.31488e-18
       5845.7936  3.86651e-16  6.32540e-18
       5849.8683  3.79137e-16  6.28315e-18
       5853.9430  3.69361e-16  6.20833e-18
       5858.0177  3.70790e-16  6.25352e-18
       5862.0923  3.72727e-16  6.28241e-18
       5866.1670  3.79896e-16  6.34327e-18
       5870.2417  3.72369e-16  6.30972e-18
       5874.3164  3.73929e-16  6.28834e-18
       5878.3911  3.76883e-16  6.32239e-18
       5882.4657  3.73081e-16  6.37504e-18
       5886.5404  3.72416e-16  6.45635e-18
       5890.6151  3.65181e-16  6.48226e-18
       5894.6898  3.69604e-16  6.48519e-18
       5898.7644  3.68407e-16  6.38768e-18
       5902.8391  3.57366e-16  6.24298e-18
       5906.9138  3.56303e-16  6.17790e-18
       5910.9885  3.59336e-16  6.21826e-18
       5915.0632  3.56492e-16  6.20063e-18
       5919.1378  3.52397e-16  6.17856e-18
       5923.2125  3.34013e-16  6.05441e-18
       5927.2872  3.27521e-16  6.01731e-18
       5931.3619  3.19759e-16  5.96978e-18
       5935.4365  3.17993e-16  5.94122e-18
       5939.5112  3.11217e-16  5.89436e-18
       5943.5859  3.02176e-16  5.83792e-18
       5947.6606  3.07334e-16  5.85814e-18
       5951.7353  3.01328e-16  5.82921e-18
       5955.8099  2.95909e-16  5.77428e-18
       5959.8846  2.99055e-16  5.78066e-18
       5963.9593  2.91518e-16  5.73935e-18
       5968.0340  3.04234e-16  5.83961e-18
       5972.1087  3.12470e-16  5.89058e-18
       5976.1833  2.99241e-16  5.80908e-18
       5980.2580  3.08620e-16  5.87408e-18
       5984.3327  3.08447e-16  5.85485e-18
       5988.4074  3.17527e-16  5.89774e-18
       5992.4820  3.19210e-16  5.89697e-18
       5996.5567  3.12081e-16  5.87986e-18
       6000.6314  3.20464e-16  5.93866e-18
       6004.7061  3.19436e-16  5.92944e-18
       6008.7808  3.20613e-16  5.95097e-18
       6012.8554  3.34765e-16  6.03142e-18
       6016.9301  3.22129e-16  5.95769e-18
       6021.0048  3.13545e-16  5.89116e-18
       6025.0795  3.21230e-16  5.95795e-18
       6029.1541  3.17335e-16  5.91260e-18
       6033.2288  3.21797e-16  5.94464e-18
       6037.3035  3.21425e-16  5.95987e-18
       6041.3782  3.21185e-16  5.94561e-18
       6045.4529  3.19392e-16  5.93522e-18
       6049.5275  3.18812e-16  5.93003e-18
       6053.6022  3.23236e-16  5.96493e-18
       6057.6769  3.11561e-16  5.90101e-18
       6061.7516  3.15203e-16  5.91817e-18
       6065.8262  3.21269e-16  5.96011e-18
       6069.9009  3.13716e-16  5.89899e-18
       6073.9756  3.17289e-16  5.92118e-18
       6078.0503  3.16646e-16  5.93138e-18
       6082.1250  3.06317e-16  5.84307e-18
       6086.1996  3.11905e-16  5.87494e-18
       6090.2743  3.10313e-16  5.85199e-18
       6094.3490  3.10625e-16  5.85529e-18
       6098.4237  3.00904e-16  5.80988e-18
       6102.4983  3.02111e-16  5.81974e-18
       6106.5730  3.01099e-16  5.82604e-18
       6110.6477  3.03296e-16  5.82502e-18
       6114.7224  3.14169e-16  5.89870e-18
       6118.7971  3.06307e-16  5.85529e-18
       6122.8717  3.05961e-16  5.83977e-18
       6126.9464  3.02170e-16  5.80375e-18
       6131.0211  2.93882e-16  5.76160e-18
       6135.0958  2.98592e-16  5.80861e-18
       6139.1704  2.86002e-16  5.72640e-18
       6143.2451  2.76617e-16  5.68560e-18
       6147.3198  2.88014e-16  5.73828e-18
       6151.3945  2.78251e-16  5.65168e-18
       6155.4692  2.80134e-16  5.69543e-18
       6159.5438  2.64302e-16  5.55840e-18
       6163.6185  2.56505e-16  5.51487e-18
       6167.6932  2.59017e-16  5.55444e-18
       6171.7679  2.34747e-16  5.33972e-18
       6175.8425  2.29640e-16  5.32037e-18
       6179.9172  2.24213e-16  5.25573e-18
       6183.9919  2.07647e-16  5.13460e-18
       6188.0666  2.00202e-16  5.06607e-18
       6192.1413  1.96499e-16  5.01454e-18
       6196.2159  1.96616e-16  5.02882e-18
       6200.2906  1.89786e-16  4.96942e-18
       6204.3653  1.89459e-16  4.97253e-18
       6208.4400  1.76245e-16  4.87823e-18
       6212.5146  1.71041e-16  4.79438e-18
       6216.5893  1.57277e-16  4.71185e-18
       6220.6640  1.59729e-16  4.72047e-18
       6224.7387  1.52131e-16  4.64900e-18
       6228.8134  1.52066e-16  4.69110e-18
       6232.8880  1.38127e-16  4.62500e-18
       6236.9627  1.32705e-16  4.59046e-18
       6241.0374  1.36977e-16  4.59951e-18
       6245.1121  1.31187e-16  4.51038e-18
       6249.1868  1.23522e-16  4.43179e-18
       6253.2614  1.19250e-16  4.39667e-18
       6257.3361  1.18162e-16  4.39104e-18
       6261.4108  1.18720e-16  4.42723e-18
       6265.4855  1.25717e-16  4.47476e-18
       6269.5601  1.25312e-16  4.42119e-18
       6273.6348  1.31579e-16  4.45987e-18
       6277.7095  1.23152e-16  4.36988e-18
       6281.7842  1.27211e-16  4.43509e-18
       6285.8589  1.34740e-16  4.52063e-18
       6289.9335  1.45444e-16  4.71529e-18
       6294.0082  1.37904e-16  4.99685e-18
       6298.0829  1.49090e-16  5.24471e-18
       6302.1576  1.52954e-16  5.32611e-18
       6306.2322  1.42165e-16  5.17380e-18
       6310.3069  1.50573e-16  4.91552e-18
       6314.3816  1.59698e-16  4.78913e-18
       6318.4563  1.72060e-16  4.88523e-18
       6322.5310  1.78324e-16  4.94584e-18
       6326.6056  1.85193e-16  5.02043e-18
       6330.6803  1.98450e-16  5.12528e-18
       6334.7550  1.93141e-16  5.06017e-18
       6338.8297  2.05635e-16  5.14967e-18
       6342.9043  2.10080e-16  5.17624e-18
       6346.9790  2.12944e-16  5.21086e-18
       6351.0537  2.09466e-16  5.22098e-18
       6355.1284  2.25574e-16  5.40270e-18
       6359.2031  2.33383e-16  5.55096e-18
       6363.2777  2.16850e-16  5.46025e-18
       6367.3524  2.32214e-16  5.53966e-18
       6371.4271  2.49460e-16  5.62312e-18
       6375.5018  2.41743e-16  5.45999e-18
       6379.5764  2.38821e-16  5.43491e-18
       6383.6511  2.38144e-16  5.46227e-18
       6387.7258  2.51344e-16  5.53416e-18
       6391.8005  2.42080e-16  5.46206e-18
       6395.8752  2.45053e-16  5.44900e-18
       6399.9498  2.54738e-16  5.54796e-18
       6404.0245  2.57308e-16  5.54847e-18
       6408.0992  2.55162e-16  5.53600e-18
       6412.1739  2.56277e-16  5.56813e-18
       6416.2485  2.60590e-16  5.62309e-18
       6420.3232  2.68946e-16  5.68770e-18
       6424.3979  2.73835e-16  5.70716e-18
       6428.4726  2.79442e-16  5.74486e-18
       6432.5473  2.77369e-16  5.73425e-18
       6436.6219  2.80782e-16  5.75230e-18
       6440.6966  2.86767e-16  5.81409e-18
       6444.7713  3.04595e-16  5.91779e-18
       6448.8460  2.98268e-16  5.87949e-18
       6452.9206  3.08183e-16  5.96931e-18
       6456.9953  3.15553e-16  6.04110e-18
       6461.0700  3.11784e-16  6.05647e-18
       6465.1447  3.06128e-16  6.05655e-18
       6469.2194  3.10148e-16  6.09078e-18
       6473.2940  3.25297e-16  6.15744e-18
       6477.3687  3.25212e-16  6.12578e-18
       6481.4434  3.20606e-16  6.06399e-18
       6485.5181  3.21660e-16  6.07000e-18
       6489.5928  3.27191e-16  6.11352e-18
       6493.6674  3.33634e-16  6.24849e-18
       6497.7421  3.53006e-16  6.39329e-18
       6501.8168  3.47410e-16  6.36063e-18
       6505.8915  3.55932e-16  6.41272e-18
       6509.9661  3.60725e-16  6.40238e-18
       6514.0408  3.65755e-16  6.41207e-18
       6518.1155  3.80199e-16  6.50629e-18
       6522.1902  3.91952e-16  6.59898e-18
       6526.2649  4.00413e-16  6.68779e-18
       6530.3395  4.10030e-16  6.75892e-18
       6534.4142  4.12456e-16  6.78815e-18
       6538.4889  4.13748e-16  6.79339e-18
       6542.5636  4.15550e-16  6.80030e-18
       6546.6382  4.16881e-16  6.80976e-18
       6550.7129  4.22502e-16  6.85197e-18
       6554.7876  4.07736e-16  6.78362e-18
       6558.8623  4.17405e-16  6.83637e-18
       6562.9370  4.11740e-16  6.76666e-18
       6567.0116  4.03779e-16  6.72115e-18
       6571.0863  3.99513e-16  6.72038e-18
       6575.1610  3.92155e-16  6.65960e-18
       6579.2357  3.99646e-16  6.70535e-18
       6583.3103  4.06366e-16  6.74856e-18
       6587.3850  3.96435e-16  6.67076e-18
       6591.4597  4.08128e-16  6.72865e-18
       6595.5344  4.08840e-16  6.71908e-18
       6599.6091  4.10191e-16  6.78180e-18
       6603.6837  4.02906e-16  6.73202e-18
       6607.7584  4.02512e-16  6.74070e-18
       6611.8331  4.13669e-16  6.79674e-18
       6615.9078  4.13527e-16  6.77784e-18
       6619.9824  4.18220e-16  6.79054e-18
       6624.0571  4.09698e-16  6.74083e-18
       6628.1318  3.91789e-16  6.65224e-18
       6632.2065  3.94779e-16  6.66254e-18
       6636.2812  3.90431e-16  6.63404e-18
       6640.3558  3.83034e-16  6.58591e-18
       6644.4305  3.93801e-16  6.63120e-18
       6648.5052  3.89031e-16  6.63872e-18
       6652.5799  3.79068e-16  6.55586e-18
       6656.6545  3.67586e-16  6.48183e-18
       6660.7292  3.67495e-16  6.50162e-18
       6664.8039  3.64533e-16  6.49212e-18
       6668.8786  3.51624e-16  6.37207e-18
       6672.9533  3.44413e-16  6.32165e-18
       6677.0279  3.39100e-16  6.29546e-18
       6681.1026  3.47015e-16  6.34839e-18
       6685.1773  3.55493e-16  6.40822e-18
       6689.2520  3.39203e-16  6.30267e-18
       6693.3266  3.37705e-16  6.29671e-18
       6697.4013  3.43030e-16  6.33384e-18
       6701.4760  3.62922e-16  6.46007e-18
       6705.5507  3.65966e-16  6.47425e-18
       6709.6254  3.42659e-16  6.34365e-18
       6713.7000  3.54319e-16  6.40204e-18
       6717.7747  3.63424e-16  6.48094e-18
       6721.8494  3.66655e-16  6.49015e-18
       6722.3703  3.55797e-16  5.06402e-18
       6726.5781  3.56276e-16  5.05102e-18
       6730.7860  3.47661e-16  4.99018e-18
       6734.9938  3.47690e-16  4.99730e-18
       6739.2017  3.49341e-16  5.00355e-18
       6743.4095  3.45073e-16  4.97245e-18
       6747.6174  3.51743e-16  5.01885e-18
       6751.8253  3.45774e-16  4.97301e-18
       6756.0331  3.38322e-16  4.92765e-18
       6760.2410  3.42613e-16  4.94206e-18
       6764.4488  3.40459e-16  4.92807e-18
       6768.6567  3.35288e-16  4.88189e-18
       6772.8645  3.27443e-16  4.86956e-18
       6777.0724  3.29564e-16  4.87740e-18
       6781.2802  3.24203e-16  4.85330e-18
       6785.4881  3.25680e-16  4.84709e-18
       6789.6960  3.26708e-16  4.84255e-18
       6793.9038  3.30051e-16  4.86778e-18
       6798.1117  3.37156e-16  4.90501e-18
       6802.3195  3.34041e-16  4.89940e-18
       6806.5274  3.34470e-16  4.88781e-18
       6810.7352  3.39405e-16  4.90302e-18
       6814.9431  3.37096e-16  4.94093e-18
       6819.1509  3.43728e-16  5.11536e-18
       6823.3588  3.51648e-16  5.31409e-18
       6827.5667  3.48667e-16  5.40096e-18
       6831.7745  3.44519e-16  5.32428e-18
       6835.9824  3.49605e-16  5.21589e-18
       6840.1902  3.48153e-16  5.06148e-18
       6844.3981  3.37023e-16  4.91398e-18
       6848.6059  3.48048e-16  4.95566e-18
       6852.8138  3.48463e-16  5.08557e-18
       6857.0216  3.38305e-16  5.19383e-18
       6861.2295  3.20588e-16  5.08756e-18
       6865.4373  3.10581e-16  4.88262e-18
       6869.6452  2.79072e-16  4.46060e-18
       6873.8531  2.79692e-16  4.34063e-18
       6878.0609  3.11649e-16  4.55182e-18
       6882.2688  3.18458e-16  4.64250e-18
       6886.4766  2.98716e-16  4.56097e-18
       6890.6845  2.96994e-16  4.58907e-18
       6894.8923  2.92084e-16  4.54482e-18
       6899.1002  2.81534e-16  4.49781e-18
       6903.3080  2.81897e-16  4.56747e-18
       6907.5159  2.87016e-16  4.59633e-18
       6911.7238  2.82933e-16  4.67568e-18
       6915.9316  2.87574e-16  4.74687e-18
       6920.1395  2.40901e-16  4.63869e-18
       6924.3473  2.61296e-16  4.64647e-18
       6928.5552  2.68181e-16  4.55689e-18
       6932.7630  2.65287e-16  4.53633e-18
       6936.9709  2.74863e-16  4.65654e-18
       6941.1787  2.70985e-16  4.77634e-18
       6945.3866  2.62325e-16  4.71349e-18
       6949.5945  2.61291e-16  4.66784e-18
       6953.8023  2.60722e-16  4.52238e-18
       6958.0102  2.64010e-16  4.48959e-18
       6962.2180  2.67400e-16  4.52537e-18
       6966.4259  2.70284e-16  4.61055e-18
       6970.6337  2.63046e-16  4.61604e-18
       6974.8416  2.67963e-16  4.65705e-18
       6979.0494  2.71633e-16  4.62674e-18
       6983.2573  2.58305e-16  4.47463e-18
       6987.4651  2.65290e-16  4.46605e-18
       6991.6730  2.59070e-16  4.43447e-18
       6995.8809  2.72584e-16  4.52196e-18
       7000.0887  2.69571e-16  4.53899e-18
       7004.2966  2.67260e-16  4.55328e-18
       7008.5044  2.82558e-16  4.60865e-18
       7012.7123  2.78958e-16  4.58911e-18
       7016.9201  2.75053e-16  4.51188e-18
       7021.1280  2.83325e-16  4.53391e-18
       7025.3358  2.85382e-16  4.54789e-18
       7029.5437  2.85780e-16  4.55596e-18
       7033.7516  2.86489e-16  4.59531e-18
       7037.9594  2.98358e-16  4.68809e-18
       7042.1673  2.99130e-16  4.69403e-18
       7046.3751  3.00290e-16  4.71161e-18
       7050.5830  3.02051e-16  4.71612e-18
       7054.7908  3.06570e-16  4.71281e-18
       7058.9987  2.98286e-16  4.66630e-18
       7063.2065  2.90224e-16  4.62955e-18
       7067.4144  3.02937e-16  4.68847e-18
       7071.6223  3.04593e-16  4.69900e-18
       7075.8301  3.01597e-16  4.69437e-18
       7080.0380  2.93721e-16  4.67246e-18
       7084.2458  2.95598e-16  4.66865e-18
       7088.4537  2.94327e-16  4.64839e-18
       7092.6615  2.83960e-16  4.56665e-18
       7096.8694  2.93838e-16  4.60830e-18
       7101.0772  2.89318e-16  4.59024e-18
       7105.2851  2.83404e-16  4.56790e-18
       7109.4930  2.79982e-16  4.54219e-18
       7113.7008  2.66845e-16  4.48781e-18
       7117.9087  2.63352e-16  4.45074e-18
       7122.1165  2.56730e-16  4.42416e-18
       7126.3244  2.58896e-16  4.44621e-18
       7130.5322  2.54626e-16  4.42794e-18
       7134.7401  2.47749e-16  4.39607e-18
       7138.9479  2.53537e-16  4.42566e-18
       7143.1558  2.44198e-16  4.36953e-18
       7147.3636  2.36284e-16  4.33199e-18
       7151.5715  2.20580e-16  4.23259e-18
       7155.7794  2.17909e-16  4.19753e-18
       7159.9872  2.22363e-16  4.23030e-18
       7164.1951  2.21375e-16  4.21902e-18
       7168.4029  2.13751e-16  4.16014e-18
       7172.6108  2.15685e-16  4.14249e-18
       7176.8186  2.05513e-16  4.07465e-18
       7181.0265  2.13735e-16  4.10494e-18
       7185.2343  2.05159e-16  4.02181e-18
       7189.4422  2.20881e-16  4.09965e-18
       7193.6501  2.18795e-16  4.08395e-18
       7197.8579  2.14610e-16  4.06886e-18
       7202.0658  2.07866e-16  4.04808e-18
       7206.2736  2.06539e-16  4.06013e-18
       7210.4815  2.12228e-16  4.11831e-18
       7214.6893  2.13583e-16  4.14581e-18
       7218.8972  2.13668e-16  4.15574e-18
       7223.1050  2.19382e-16  4.17877e-18
       7227.3129  2.16542e-16  4.32946e-18
       7231.5208  2.07341e-16  4.68761e-18
       7235.7286  2.01528e-16  4.97493e-18
       7239.9365  1.94993e-16  5.03453e-18
       7244.1443  2.03956e-16  4.91740e-18
       7248.3522  2.08127e-16  4.56146e-18
       7252.5600  1.95417e-16  4.23482e-18
       7256.7679  1.95833e-16  4.11843e-18
       7260.9757  1.96424e-16  4.11564e-18
       7265.1836  1.92245e-16  4.47330e-18
       7269.3914  1.89058e-16  4.85421e-18
       7273.5993  2.03379e-16  5.07953e-18
       7277.8072  1.97626e-16  5.04852e-18
       7282.0150  2.12816e-16  4.70893e-18
       7286.2229  2.02579e-16  4.43751e-18
       7290.4307  2.07022e-16  4.33806e-18
       7294.6386  2.11759e-16  4.39697e-18
       7298.8464  2.05188e-16  4.37096e-18
       7303.0543  2.09048e-16  4.46430e-18
       7307.2621  2.29843e-16  4.87863e-18
       7311.4700  2.39324e-16  4.94223e-18
       7315.6779  2.41959e-16  4.95648e-18
       7319.8857  2.47144e-16  4.92656e-18
       7324.0936  2.34938e-16  4.61865e-18
       7328.3014  2.41989e-16  4.81834e-18
       7332.5093  2.42785e-16  5.13774e-18
       7336.7171  2.47943e-16  5.12076e-18
       7340.9250  2.52861e-16  5.08736e-18
       7345.1328  2.54783e-16  4.85053e-18
       7349.3407  2.42420e-16  4.57794e-18
       7353.5486  2.38104e-16  4.60707e-18
       7357.7564  2.36004e-16  4.78475e-18
       7361.9643  2.26798e-16  4.92949e-18
       7366.1721  2.34282e-16  4.89206e-18
       7370.3800  2.42890e-16  4.85296e-18
       7374.5878  2.31214e-16  4.54492e-18
       7378.7957  2.32425e-16  4.36384e-18
       7383.0035  2.15950e-16  4.36388e-18
       7387.2114  2.18918e-16  4.45158e-18
       7391.4193  2.21788e-16  4.59099e-18
       7395.6271  2.27597e-16  4.70036e-18
       7399.8350  2.32005e-16  4.66868e-18
       7404.0428  2.31364e-16  4.59129e-18
       7408.2507  2.16928e-16  4.30627e-18
       7412.4585  2.21211e-16  4.26929e-18
       7416.6664  2.13929e-16  4.25465e-18
       7420.8742  2.27040e-16  4.37007e-18
       7425.0821  2.34866e-16  5.70232e-18
       7429.2899  2.38030e-16  5.81772e-18
       7433.4978  2.22231e-16  4.50065e-18
       7437.7057  2.31553e-16  4.49989e-18
       7441.9135  2.16332e-16  4.34030e-18
       7446.1214  2.18110e-16  4.27833e-18
       7450.3292  2.19140e-16  4.27827e-18
       7454.5371  2.29653e-16  4.38786e-18
       7458.7449  2.36807e-16  4.49569e-18
       7462.9528  2.26168e-16  4.55197e-18
       7467.1606  2.19255e-16  4.61809e-18
       7471.3685  2.19981e-16  4.69869e-18
       7475.5764  2.12483e-16  4.67337e-18
       7479.7842  2.12363e-16  4.59185e-18
       7483.9921  2.15535e-16  4.52443e-18
       7488.1999  2.04902e-16  4.35254e-18
       7492.4078  1.97560e-16  4.22257e-18
       7496.6156  1.77475e-16  4.07965e-18
       7500.8235  1.66964e-16  3.97783e-18
       7505.0313  1.64321e-16  3.94525e-18
       7509.2392  1.47602e-16  3.94235e-18
       7513.4471  1.39759e-16  4.21202e-18
       7517.6549  1.35714e-16  4.43548e-18
       7521.8628  1.37356e-16  4.51505e-18
       7526.0706  1.15024e-16  4.29801e-18
       7530.2785  1.05035e-16  3.92378e-18
       7534.4863  1.00169e-16  3.67209e-18
       7538.6942  1.00451e-16  3.57168e-18
       7542.9020  9.33775e-17  3.48966e-18
       7547.1099  8.77202e-17  3.50340e-18
       7551.3177  8.60145e-17  3.53815e-18
       7555.5256  8.23401e-17  3.50839e-18
       7559.7335  7.26917e-17  3.60124e-18
       7563.9413  7.00720e-17  3.75479e-18
       7568.1492  6.55708e-17  3.74059e-18
       7572.3570  5.33910e-17  3.63368e-18
       7576.5649  5.32441e-17  3.50475e-18
       7580.7727  6.35606e-17  3.38806e-18
       7584.9806  6.65142e-17  3.38092e-18
       7589.1884  6.34388e-17  3.26766e-18
       7593.3963  5.90640e-17  3.00405e-18
       7597.6042  4.33240e-17  2.74992e-18
       7601.8120  4.23024e-17  2.58711e-18
       7606.0199  5.00008e-17  2.61433e-18
       7610.2277  5.16450e-17  2.74587e-18
       7614.4356  6.49424e-17  2.95734e-18
       7618.6434  8.36575e-17  3.16419e-18
       7622.8513  6.74504e-17  3.08489e-18
       7627.0591  6.51484e-17  2.97310e-18
       7631.2670  6.65788e-17  2.93044e-18
       7635.4749  5.77401e-17  2.82481e-18
       7639.6827  5.97904e-17  2.86702e-18
       7643.8906  6.99907e-17  3.00587e-18
       7648.0984  7.17255e-17  3.12060e-18
       7652.3063  8.03115e-17  3.33361e-18
       7656.5141  8.81536e-17  3.44129e-18
       7660.7220  8.79305e-17  3.48362e-18
       7664.9298  1.08323e-16  3.60487e-18
       7669.1377  1.17180e-16  3.61771e-18
       7673.3456  1.13983e-16  3.61690e-18
       7677.5534  1.13847e-16  3.66939e-18
       7681.7613  1.26018e-16  3.79970e-18
       7685.9691  1.36754e-16  3.90731e-18
       7690.1770  1.48176e-16  4.04524e-18
       7694.3848  1.49109e-16  4.09882e-18
       7698.5927  1.62989e-16  4.30471e-18
       7702.8005  1.83942e-16  4.84046e-18
       7707.0084  1.92005e-16  5.36338e-18
       7711.2162  1.98724e-16  5.61031e-18
       7715.4241  1.96444e-16  5.50562e-18
       7719.6320  2.00769e-16  5.14413e-18
       7723.8398  2.27610e-16  4.88119e-18
       7728.0477  2.33241e-16  4.75124e-18
       7732.2555  2.49492e-16  4.73694e-18
       7736.4634  2.46584e-16  4.90065e-18
       7740.6712  2.46128e-16  5.39907e-18
       7744.8791  2.48038e-16  5.71883e-18
       7749.0869  2.38914e-16  5.77541e-18
       7753.2948  2.40572e-16  5.67342e-18
       7757.5027  2.67589e-16  5.33978e-18
       7761.7105  2.86891e-16  5.34776e-18
       7765.9184  2.80897e-16  5.27967e-18
       7770.1262  2.79299e-16  5.33341e-18
       7774.3341  2.84730e-16  5.37766e-18
       7778.5419  2.76651e-16  5.29266e-18
       7782.7498  2.85834e-16  5.51082e-18
       7786.9576  3.02590e-16  5.77615e-18
       7791.1655  2.99805e-16  5.75657e-18
       7795.3734  2.99996e-16  5.72250e-18
       7799.5812  3.00988e-16  5.50746e-18
       7803.7891  3.02928e-16  5.38222e-18
       7807.9969  3.04659e-16  5.58643e-18
       7812.2048  3.09942e-16  5.95065e-18
       7816.4126  2.94236e-16  5.91219e-18
       7820.6205  2.87247e-16  5.81784e-18
       7824.8283  2.85676e-16  5.56384e-18
       7829.0362  2.96827e-16  5.29413e-18
       7833.2440  3.03752e-16  5.37009e-18
       7837.4519  3.05739e-16  5.46685e-18
       7841.6598  3.03661e-16  5.85143e-18
       7845.8676  2.94895e-16  6.17296e-18
       7850.0755  2.91700e-16  6.31744e-18
       7854.2833  2.98477e-16  6.37115e-18
       7858.4912  3.05004e-16  6.21229e-18
       7862.6990  3.13102e-16  6.09768e-18
       7866.9069  3.17433e-16  6.01160e-18
       7871.1147  3.02204e-16  5.96131e-18
       7875.3226  2.90918e-16  5.72737e-18
       7879.5305  3.05477e-16  5.85011e-18
       7883.7383  3.00474e-16  5.83579e-18
       7887.9462  3.24020e-16  5.79810e-18
       7892.1540  3.12207e-16  5.61756e-18
       7896.3619  2.96130e-16  5.34183e-18
       7900.5697  3.01888e-16  5.66887e-18
       7904.7776  2.96807e-16  6.35158e-18
       7908.9854  2.87431e-16  6.66196e-18
       7913.1933  2.76553e-16  6.81680e-18
       7917.4012  2.90569e-16  6.49112e-18
       7921.6090  2.73923e-16  5.94459e-18
       7925.8169  2.41186e-16  5.48808e-18
       7930.0247  2.39448e-16  5.29557e-18
       7934.2326  2.25401e-16  5.11397e-18
       7938.4404  2.14543e-16  5.04878e-18
       7942.6483  2.14782e-16  5.11397e-18
       7946.8561  2.17662e-16  5.12580e-18
       7951.0640  1.99556e-16  5.19306e-18
       7955.2719  1.85789e-16  5.54812e-18
       7959.4797  1.90671e-16  5.71565e-18
       7963.6876  1.87501e-16  5.75542e-18
       7967.8954  1.80333e-16  5.54496e-18
       7972.1033  1.72544e-16  5.16665e-18
       7976.3111  1.62261e-16  5.00970e-18
       7980.5190  1.51128e-16  5.25364e-18
       7984.7268  1.60826e-16  5.67137e-18
       7988.9347  1.58162e-16  5.73447e-18
       7993.1425  1.51183e-16  5.57048e-18
       7997.3504  1.51405e-16  5.05425e-18
       8001.5583  1.45625e-16  4.63190e-18
       8005.7661  1.38639e-16  4.61301e-18
       8009.9740  1.38394e-16  4.71783e-18
       8014.1818  1.23798e-16  5.03224e-18
       8018.3897  1.22107e-16  5.24798e-18
       8022.5975  1.15756e-16  5.16056e-18
       8026.8054  1.05208e-16  4.91186e-18
       8031.0132  9.29394e-17  4.36409e-18
       8035.2211  8.74525e-17  3.96831e-18
       8039.4290  8.69800e-17  4.02329e-18
       8043.6368  7.62314e-17  4.05282e-18
       8047.8447  7.90654e-17  4.19120e-18
       8052.0525  7.10131e-17  4.33415e-18
       8056.2604  5.27015e-17  4.26065e-18
       8060.4682  5.79008e-17  4.20481e-18
       8064.6761  6.28962e-17  4.07191e-18
       8068.8839  5.20739e-17  3.75874e-18
       8073.0918  4.51284e-17  3.58068e-18
       8077.2997  4.01219e-17  3.56498e-18
       8081.5075  3.89713e-17  3.59097e-18
       8085.7154  3.74689e-17  3.63522e-18
       8089.9232  3.01346e-17  3.63799e-18
       8094.1311  2.94310e-17  3.70105e-18
       8098.3389  2.84890e-17  3.69170e-18
       8102.5468  2.54852e-17  3.60582e-18
       8106.7546  2.50191e-17  3.51790e-18
       8110.9625  2.07886e-17  3.34994e-18
       8115.1703  2.68781e-17  3.39195e-18
       8119.3782  2.10455e-17  3.35509e-18
       8123.5861  1.87367e-17  3.32820e-18
       8127.7939  1.82620e-17  3.37507e-18
       8132.0018  1.73976e-17  3.42018e-18
       8136.2096  2.11546e-17  3.47622e-18
       8140.4175  1.91809e-17  3.47998e-18
       8144.6253  1.46765e-17  3.38861e-18
       8148.8332  1.90219e-17  3.38168e-18
       8153.0410  2.33741e-17  3.36046e-18
       8157.2489  2.53112e-17  3.35018e-18
       8161.4568  2.91263e-17  3.39018e-18
       8165.6646  2.29401e-17  3.36594e-18
       8169.8725  1.94023e-17  3.31076e-18
       8174.0803  1.99776e-17  3.36387e-18
       8178.2882  2.49672e-17  3.40054e-18
       8182.4960  2.37219e-17  3.40014e-18
       8186.7039  2.53946e-17  3.43943e-18
       8190.9117  2.56836e-17  3.44233e-18
       8195.1196  2.63014e-17  3.43825e-18
       8199.3275  2.43663e-17  3.44384e-18
       8203.5353  2.93517e-17  3.46495e-18
       8207.7432  2.49905e-17  3.44401e-18
       8211.9510  2.24066e-17  3.43806e-18
       8216.1589  2.53546e-17  3.41258e-18
       8220.3667  1.85000e-17  3.31860e-18
       8224.5746  1.73038e-17  3.31891e-18
       8228.7824  1.51136e-17  3.30278e-18
       8232.9903  1.46165e-17  3.37486e-18
       8237.1982  1.98651e-17  3.40988e-18
       8241.4060  1.45265e-17  3.39328e-18
       8245.6139  1.41707e-17  3.43836e-18
       8249.8217  1.35945e-17  3.40287e-18
       8254.0296  1.52853e-17  3.42636e-18
       8258.2374  1.57096e-17  3.41964e-18
       8262.4453  2.25468e-17  3.45297e-18
       8266.6531  2.25809e-17  3.76031e-18
       8270.8610  1.86920e-17  4.23805e-18
       8275.0688  1.57760e-17  4.78825e-18
       8279.2767  1.34324e-17  5.27594e-18
       8283.4846  1.61305e-17  5.41190e-18
       8287.6924  1.62635e-17  5.63999e-18
       8291.9003  3.23660e-17  5.61915e-18
       8296.1081  2.49699e-17  5.24755e-18
       8300.3160  2.21868e-17  4.94379e-18
       8304.5238  2.61943e-17  4.42935e-18
       8308.7317  1.65962e-17  3.98157e-18
       8312.9395  2.12585e-17  3.88451e-18
       8317.1474  2.70750e-17  3.70737e-18
       8321.3553  2.27401e-17  3.59039e-18
       8325.5631  2.92418e-17  3.59800e-18
       8329.7710  2.72139e-17  4.12869e-18
       8333.9788  1.91393e-17  5.50932e-18
       8338.1867  2.04704e-17  6.53522e-18
       8342.3945  3.78797e-17  6.94533e-18
       8346.6024  4.70238e-17  6.70832e-18
       8350.8102  3.42407e-17  5.47439e-18
       8355.0181  2.13763e-17  4.76241e-18
       8359.2260  2.65261e-17  4.39478e-18
       8363.4338  2.88023e-17  4.15489e-18
       8367.6417  3.02700e-17  4.16984e-18
       8371.8495  3.77428e-17  4.38389e-18
       8376.0574  3.17566e-17  4.52368e-18
       8380.2652  3.96063e-17  4.65986e-18
       8384.4731  3.96836e-17  4.77793e-18
       8388.6809  2.96214e-17  5.58984e-18
       8392.8888  2.30519e-17  6.02327e-18
       8397.0966  1.89174e-17  5.91534e-18
       8401.3045  4.91367e-17  5.69226e-18
       8405.5124  4.15752e-17  5.04645e-18
       8409.7202  3.35136e-17  4.80632e-18
       8413.9281  3.59676e-17  4.91738e-18
       8418.1359  4.11479e-17  5.59807e-18
       8422.3438  3.92712e-17  6.21072e-18
       8426.5516  4.29441e-17  6.34120e-18
       8430.7595  4.17534e-17  6.20262e-18
       8434.9673  4.79788e-17  5.10166e-18
       8439.1752  4.31164e-17  4.52646e-18
       8443.3831  4.99031e-17  4.86107e-18
       8447.5909  4.42950e-17  4.91142e-18
       8451.7988  6.38432e-17  5.31697e-18
       8456.0066  6.55428e-17  5.87006e-18
       8460.2145  6.02744e-17  5.95693e-18
       8464.4223  6.36204e-17  6.00405e-18
       8468.6302  6.44067e-17  5.47042e-18
       8472.8380  6.56187e-17  4.60985e-18
       8477.0459  6.44261e-17  4.33319e-18
       8481.2538  7.18068e-17  4.59829e-18
       8485.4616  7.16912e-17  4.80541e-18
       8489.6695  6.63327e-17  4.91728e-18
       8493.8773  7.64162e-17  5.39555e-18
       8498.0852  8.56914e-17  5.59665e-18
       8502.2930  9.43472e-17  5.55306e-18
       8506.5009  9.93811e-17  5.44094e-18
       8510.7087  9.92749e-17  4.94536e-18
       8514.9166  9.58443e-17  4.65862e-18
       8519.1245  1.04780e-16  4.74103e-18
       8523.3323  1.09506e-16  4.79723e-18
       8527.5402  1.02569e-16  4.82305e-18
       8531.7480  1.04073e-16  4.92557e-18
       8535.9559  1.11379e-16  5.11460e-18
       8540.1637  1.18484e-16  5.39062e-18
       8544.3716  1.19389e-16  5.36895e-18
       8548.5794  1.36545e-16  5.41079e-18
       8552.7873  1.46629e-16  5.35629e-18
       8556.9951  1.44174e-16  5.11145e-18
       8561.2030  1.37124e-16  5.06139e-18
       8565.4109  1.40862e-16  5.12733e-18
       8569.6187  1.41557e-16  5.12923e-18
       8573.8266  1.49793e-16  5.22117e-18
       8578.0344  1.64644e-16  5.36684e-18
       8582.2423  1.61088e-16  5.39793e-18
       8586.4501  1.74771e-16  5.62198e-18
       8590.6580  1.84301e-16  5.66980e-18
       8594.8658  1.77616e-16  5.62754e-18
       8599.0737  1.77930e-16  5.59189e-18
       8603.2816  1.99929e-16  5.72156e-18
       8607.4894  1.98788e-16  5.74220e-18
       8611.6973  2.02110e-16  5.93977e-18
       8615.9051  2.12680e-16  6.15899e-18
       8620.1130  2.09448e-16  6.37107e-18
       8624.3208  2.17466e-16  6.51551e-18
       8628.5287  2.22167e-16  6.60508e-18
       8632.7365  2.35593e-16  6.57073e-18
       8636.9444  2.48166e-16  6.53436e-18
       8641.1523  2.58709e-16  6.61894e-18
       8645.3601  2.58974e-16  6.75555e-18
       8649.5680  2.61134e-16  6.86574e-18
       8653.7758  2.72288e-16  6.98087e-18
       8657.9837  2.56761e-16  6.93801e-18
       8662.1915  2.64135e-16  6.87715e-18
       8666.3994  2.80575e-16  6.85290e-18
       8670.6072  2.88554e-16  6.75974e-18
       8674.8151  3.00190e-16  6.73655e-18
       8679.0229  3.03709e-16  6.68369e-18
       8683.2308  3.01441e-16  6.60734e-18
       8687.4387  3.05011e-16  6.64654e-18
       8691.6465  2.91188e-16  6.59215e-18
       8695.8544  2.86448e-16  6.54553e-18
       8700.0622  3.06859e-16  6.68145e-18
       8704.2701  3.05397e-16  6.69086e-18
       8708.4779  3.13485e-16  6.70305e-18
       8712.6858  3.21257e-16  6.72517e-18
       8716.8936  3.16808e-16  6.70106e-18
       8721.1015  3.31622e-16  6.83789e-18
       8725.3094  3.30249e-16  6.82962e-18
       8729.5172  3.22146e-16  6.77348e-18
       8733.7251  3.26625e-16  6.79979e-18
       8737.9329  3.04448e-16  6.70404e-18
       8742.1408  2.95505e-16  6.67028e-18
       8746.3486  3.08054e-16  6.89347e-18
       8750.5565  2.90720e-16  7.62261e-18
       8754.7643  2.91047e-16  8.40086e-18
       8758.9722  2.83418e-16  9.15307e-18
       8763.1801  3.06939e-16  9.30765e-18
       8767.3879  2.68544e-16  9.44061e-18
       8771.5958  2.70126e-16  9.13415e-18
       8775.8036  2.48440e-16  8.48417e-18
       8780.0115  2.59843e-16  8.30243e-18
       8784.2193  2.38878e-16  7.33147e-18
       8788.4272  2.56138e-16  7.03030e-18
       8792.6350  2.52830e-16  6.91068e-18
       8796.8429  2.37702e-16  6.50946e-18
       8801.0508  2.35891e-16  6.32774e-18
       8805.2586  2.21844e-16  6.33929e-18
       8809.4665  2.39438e-16  6.33886e-18
       8813.6743  2.44972e-16  7.52631e-18
       8817.8822  2.30843e-16  9.25872e-18
       8822.0900  2.12427e-16  1.00658e-17
       8826.2979  1.89588e-16  1.04865e-17
       8830.5057  1.86209e-16  9.64572e-18
       8834.7136  1.94127e-16  7.98192e-18
       8838.9214  1.88027e-16  7.52927e-18
       8843.1293  1.96330e-16  6.94019e-18
       8847.3372  2.17515e-16  6.82833e-18
       8851.5450  2.14202e-16  6.79903e-18
       8855.7529  2.21200e-16  6.96917e-18
       8859.9607  2.07439e-16  7.26400e-18
       8864.1686  2.05826e-16  7.33173e-18
       8868.3764  1.98718e-16  7.20064e-18
       8872.5843  2.11414e-16  7.45841e-18
       8876.7921  2.27838e-16  8.90910e-18
       8881.0000  2.23736e-16  9.16445e-18
       8885.2079  2.39213e-16  9.13722e-18
       8889.4157  2.08613e-16  8.27338e-18
       8893.6236  2.04354e-16  7.58558e-18
       8897.8314  2.27616e-16  7.69695e-18
       8902.0393  2.20897e-16  7.72157e-18
       8906.2471  2.34599e-16  8.04354e-18
       8910.4550  2.14646e-16  9.14222e-18
       8914.6628  2.37531e-16  9.52759e-18
       8918.8707  2.10244e-16  9.57417e-18
       8923.0786  2.04935e-16  8.55127e-18
       8927.2864  2.24463e-16  7.09301e-18
       8931.4943  2.21046e-16  7.08232e-18
       8935.7021  2.27453e-16  7.56407e-18
       8939.9100  2.33652e-16  7.56243e-18
       8944.1178  2.21414e-16  7.87143e-18
       8948.3257  2.22013e-16  8.64027e-18
       8952.5335  2.21430e-16  8.83453e-18
       8956.7414  2.38251e-16  8.98355e-18
       8960.9492  2.54338e-16  8.47311e-18
       8965.1571  2.35557e-16  7.13886e-18
       8969.3650  2.34057e-16  6.66767e-18
       8973.5728  2.31510e-16  6.80644e-18
       8977.7807  2.16240e-16  6.99913e-18
       8981.9885  2.18607e-16  7.23506e-18
       8986.1964  1.99733e-16  7.14443e-18
       8990.4042  2.30374e-16  8.93527e-18
       8994.6121  2.40231e-16  9.47940e-18
       8998.8199  2.10056e-16  7.80691e-18
       9003.0278  2.16625e-16  7.66105e-18
       9007.2357  2.07192e-16  6.88341e-18
       9011.4435  2.13638e-16  6.56617e-18
       9015.6514  1.96285e-16  6.42290e-18
       9019.8592  1.87893e-16  6.41154e-18
       9024.0671  1.83312e-16  6.45484e-18
       9028.2749  1.76608e-16  6.64855e-18
       9032.4828  1.85181e-16  6.81351e-18
       9036.6906  1.64063e-16  6.88295e-18
       9040.8985  1.54632e-16  7.10726e-18
       9045.1064  1.56597e-16  6.99328e-18
       9049.3142  1.33600e-16  6.81819e-18
       9053.5221  1.30627e-16  6.44012e-18
       9057.7299  1.34008e-16  6.22592e-18
       9061.9378  1.28098e-16  6.11554e-18
       9066.1456  1.19958e-16  6.03856e-18
       9070.3535  1.19688e-16  6.00564e-18
       9074.5613  1.28117e-16  6.04334e-18
       9078.7692  1.10717e-16  5.95413e-18
       9082.9771  1.03577e-16  6.00848e-18
       9087.1849  9.48642e-17  6.04716e-18
       9091.3928  9.66394e-17  6.20500e-18
       9095.6006  9.39544e-17  6.25701e-18
       9099.8085  9.37425e-17  6.14912e-18
       9104.0163  9.35089e-17  6.08664e-18
       9108.2242  8.19383e-17  5.85265e-18
       9112.4320  9.14438e-17  5.77028e-18
       9116.6399  1.03352e-16  5.92252e-18
       9120.8477  9.11390e-17  5.90583e-18
       9125.0556  9.51326e-17  5.85502e-18
       9129.2635  1.05693e-16  5.94741e-18
       9133.4713  9.92135e-17  5.99534e-18
       9137.6792  9.53467e-17  5.97189e-18
       9141.8870  9.88094e-17  6.15212e-18
       9146.0949  9.80044e-17  6.17734e-18
       9150.3027  9.62886e-17  6.26372e-18
       9154.5106  8.74027e-17  6.24652e-18
       9158.7184  1.05669e-16  6.33432e-18
       9162.9263  9.19372e-17  6.20517e-18
       9167.1342  1.13872e-16  6.21778e-18
       9171.3420  1.13720e-16  6.24237e-18
       9175.5499  1.12329e-16  6.30760e-18
       9179.7577  1.22129e-16  6.36959e-18
       9183.9656  1.09761e-16  6.29827e-18
       9188.1734  1.26773e-16  6.46007e-18
       9192.3813  1.35996e-16  6.52712e-18
       9196.5891  1.27088e-16  6.48424e-18
       9200.7970  1.16496e-16  6.48877e-18
       9205.0049  1.37531e-16  6.71067e-18
       9209.2127  1.40164e-16  6.75596e-18
       9213.4206  1.45593e-16  6.87399e-18
       9217.6284  1.54136e-16  7.08544e-18
       9221.8363  1.49731e-16  7.00640e-18
       9226.0441  1.43504e-16  6.94427e-18
       9230.2520  1.59797e-16  7.05483e-18
       9234.4598  1.80106e-16  7.03920e-18
       9238.6677  1.26894e-16  7.00062e-18
       9242.8755  1.01435e-16  6.98895e-18
       9247.0834  1.53840e-16  7.03852e-18
       9251.2913  1.71221e-16  7.26749e-18
       9255.4991  1.71039e-16  7.31592e-18
       9259.7070  1.63018e-16  7.24671e-18
       9263.9148  1.67886e-16  7.32109e-18
       9268.1227  1.68703e-16  7.31312e-18
       9272.3305  1.65831e-16  7.20865e-18
       9276.5384  1.29161e-16  7.18977e-18
       9280.7462  1.13000e-17  8.03489e-18
       9284.9541  1.47504e-16  7.36991e-18
       9289.1620  1.74814e-16  7.47546e-18
       9293.3698  1.64721e-16  7.67557e-18
       9297.5777  1.76608e-16  9.16693e-18
       9301.7855  1.50334e-16  1.06936e-17
       9305.9934  1.36322e-16  1.16749e-17
       9310.2012  1.45764e-16  1.16910e-17
       9314.4091  1.55227e-16  1.19741e-17
       9318.6169  1.62862e-16  1.07897e-17
       9322.8248  1.57759e-16  1.00496e-17
       9327.0327  1.48910e-16  9.41041e-18
       9331.2405  1.77802e-16  8.47004e-18
       9335.4484  1.62137e-16  7.94433e-18
       9339.6562  1.63373e-16  7.93392e-18
       9343.8641  1.47067e-16  7.42696e-18
       9348.0719  1.70189e-16  7.36803e-18
       9352.2798  1.83749e-16  7.57603e-18
       9356.4876  1.52032e-16  7.27602e-18
       9360.6955  1.76917e-16  8.02649e-18
       9364.9034  1.93705e-16  1.11332e-17
       9369.1112  1.45425e-16  1.32504e-17
       9373.3191  1.88746e-16  1.35752e-17
       9377.5269  2.31395e-16  1.31824e-17
       9381.7348  1.78520e-16  1.01585e-17
       9385.9426  1.60181e-16  8.14159e-18
       9390.1505  1.61292e-16  8.31266e-18
       9394.3583  1.66395e-16  8.68291e-18
       9398.5662  1.72041e-16  8.71986e-18
       9402.7740  1.75023e-16  8.61982e-18
       9406.9819  1.73292e-16  8.60656e-18
       9411.1898  1.75770e-16  9.35868e-18
       9415.3976  1.60269e-16  9.42395e-18
       9419.6055  1.64510e-16  9.49986e-18
       9423.8133  1.63794e-16  8.96730e-18
       9428.0212  1.68524e-16  1.00608e-17
       9432.2290  1.62079e-16  1.16007e-17
       9436.4369  1.57053e-16  1.20378e-17
       9440.6447  1.58859e-16  1.21047e-17
       9444.8526  1.67072e-16  1.02330e-17
       9449.0605  1.74533e-16  1.00963e-17
       9453.2683  1.58669e-16  1.02277e-17
       9457.4762  1.32259e-16  9.95069e-18
       9461.6840  1.45945e-16  9.49023e-18
       9465.8919  1.69276e-16  1.09246e-17
       9470.0997  1.83950e-16  1.22403e-17
       9474.3076  1.88385e-16  1.24721e-17
       9478.5154  1.76850e-16  1.20618e-17
       9482.7233  1.78076e-16  1.01651e-17
       9486.9312  1.93577e-16  8.75177e-18
       9491.1390  1.79544e-16  9.36812e-18
       9495.3469  1.60020e-16  1.00189e-17
       9499.5547  1.43164e-16  9.94971e-18
       9503.7626  1.34769e-16  9.94836e-18
       9507.9704  1.92292e-16  1.05806e-17
       9512.1783  1.83215e-16  1.10917e-17
       9516.3861  1.66303e-16  1.10126e-17
       9520.5940  1.55887e-16  1.08636e-17
       9524.8018  1.67044e-16  9.70346e-18
       9529.0097  1.73774e-16  9.10508e-18
       9533.2176  1.98000e-16  9.26585e-18
       9537.4254  1.76382e-16  9.16008e-18
       9541.6333  1.72382e-16  9.64613e-18
       9545.8411  1.58530e-16  9.90054e-18
       9550.0490  1.59629e-16  1.00878e-17
       9554.2568  1.59497e-16  1.06178e-17
       9558.4647  1.65071e-16  1.14268e-17
       9562.6725  1.58132e-16  1.14935e-17
       9566.8804  1.43813e-16  1.15651e-17
       9571.0883  1.83089e-16  1.08815e-17
       9575.2961  2.10690e-16  9.89483e-18
       9579.5040  1.80153e-16  9.42664e-18
       9583.7118  1.79402e-16  9.50768e-18
       9587.9197  1.90392e-16  9.62359e-18
       9592.1275  1.69834e-16  9.42189e-18
       9596.3354  1.72369e-16  9.79694e-18
       9600.5432  1.83160e-16  1.02622e-17
       9604.7511  1.71021e-16  1.03337e-17
       9608.9590  1.75701e-16  1.07411e-17
       9613.1668  1.79758e-16  1.09035e-17
       9617.3747  1.84508e-16  1.08808e-17
       9621.5825  1.75217e-16  1.09078e-17
       9625.7904  1.70852e-16  1.05150e-17
       9629.9982  1.70466e-16  1.01225e-17
       9634.2061  1.60601e-16  1.00243e-17
       9638.4139  1.78156e-16  1.01022e-17
       9642.6218  1.56253e-16  1.01119e-17
       9646.8297  1.41511e-16  1.01859e-17
       9651.0375  1.64073e-16  1.05208e-17
       9655.2454  1.77115e-16  1.09497e-17
       9659.4532  1.84465e-16  1.14856e-17
       9663.6611  1.46011e-16  1.15368e-17
       9667.8689  1.70813e-16  1.19833e-17
       9672.0768  1.69294e-16  1.27256e-17
       9676.2846  1.57060e-16  1.27052e-17
       9680.4925  1.67894e-16  1.30616e-17
       9684.7003  1.41651e-16  1.27715e-17
       9688.9082  1.54198e-16  1.34384e-17
       9693.1161  1.70190e-16  1.39388e-17
       9697.3239  1.61951e-16  1.37636e-17
       9701.5318  1.66088e-16  1.37775e-17
       9705.7396  1.69951e-16  1.35671e-17
       9709.9475  1.57282e-16  1.45000e-17
       9714.1553  1.58759e-16  1.52817e-17
       9718.3632  1.80718e-16  1.51187e-17
       9722.5710  1.77887e-16  1.45301e-17
       9726.7789  1.48937e-16  1.32221e-17
       9730.9868  1.28965e-16  1.30773e-17
       9735.1946  1.38228e-16  1.33361e-17
       9739.4025  1.47811e-16  1.33110e-17
       9743.6103  1.77592e-16  1.30264e-17
       9747.8182  1.57449e-16  1.24021e-17
       9752.0260  1.53486e-16  1.22275e-17
       9756.2339  1.67306e-16  1.23182e-17
       9760.4417  1.53891e-16  1.23206e-17
       9764.6496  1.65404e-16  1.24561e-17
       9768.8575  1.44011e-16  1.27148e-17
       9773.0653  1.54889e-16  1.27659e-17
       9777.2732  1.17655e-16  1.39813e-17
       9781.4810  1.64099e-16  1.84072e-17
       9785.6889  1.32834e-16  1.97744e-17
       9789.8967  1.32256e-16  2.09305e-17
       9794.1046  1.38895e-16  1.99823e-17
       9798.3124  1.23206e-16  1.70516e-17
       9802.5203  1.47988e-16  1.61512e-17
       9806.7281  1.47705e-16  1.55526e-17
       9810.9360  1.09805e-16  1.47831e-17
       9815.1439  1.05520e-16  1.46467e-17
       9819.3517  1.29372e-16  1.45057e-17
       9823.5596  1.31003e-16  1.43057e-17
       9827.7674  1.00772e-16  1.42696e-17
       9831.9753  9.92236e-17  1.41524e-17
       9836.1831  1.39266e-16  1.51846e-17
       9840.3910  1.29173e-16  1.63623e-17
       9844.5988  9.63722e-17  1.64182e-17
       9848.8067  1.07795e-16  1.65910e-17
       9853.0146  1.17216e-16  1.59022e-17
       9857.2224  1.24944e-16  1.59045e-17
       9861.4303  1.31576e-16  1.92345e-17
       9865.6381  1.57887e-16  2.19301e-17
       9869.8460  1.09042e-16  2.18879e-17
       9874.0538  1.24048e-16  2.15747e-17
       9878.2617  1.08207e-16  1.78540e-17
       9882.4695  1.12041e-16  1.74804e-17
       9886.6774  9.30436e-17  1.84156e-17
       9890.8853  9.19441e-17  1.86793e-17
       9895.0931  1.03896e-16  1.88542e-17
       9899.3010  1.41009e-16  1.83398e-17
       9903.5088  1.26892e-16  2.08743e-17
       9907.7167  1.43478e-16  2.32309e-17
       9911.9245  1.27779e-16  2.36976e-17
       9916.1324  1.30690e-16  2.31235e-17
       9920.3402  1.11184e-16  1.95911e-17
       9924.5481  1.10335e-16  1.75625e-17
       9928.7560  9.96116e-17  1.79983e-17
       9932.9638  1.28603e-16  2.14918e-17
       9937.1717  1.71238e-16  2.49011e-17
       9941.3795  6.53121e-17  2.59619e-17
       9945.5874  6.47479e-17  2.69001e-17
       9949.7952  1.62192e-16  2.72908e-17
       9954.0031  1.04045e-16  2.64688e-17
       9958.2109  6.72099e-17  2.58760e-17
       9962.4188  1.02974e-16  2.42277e-17
       9966.6266  9.27388e-17  2.15731e-17
       9970.8345  1.43993e-16  2.02164e-17
       9975.0424  1.34754e-16  1.97515e-17
       9979.2502  1.35404e-16  1.98320e-17
