      3497.86 -9.00952e-18 -9.00952e-19
      3500.73 -9.32915e-18 -9.32915e-19
      3503.59 -1.40259e-17 -1.40259e-18
      3506.46  3.09135e-17  3.09135e-18
      3509.32  4.83559e-17  4.83559e-18
      3512.19  8.47733e-17  8.47733e-18
      3515.05 -6.98219e-17 -6.98219e-18
      3517.92  1.10475e-16  1.10475e-17
      3520.78 -5.76384e-17 -5.76384e-18
      3523.65 -2.92764e-18 -2.92764e-19
      3526.51  8.15688e-17  8.15688e-18
      3529.38 -1.49324e-17 -1.49324e-18
      3532.24  2.69934e-17  2.69934e-18
      3535.10  3.26074e-17  3.26074e-18
      3537.97  6.86592e-17  6.86592e-18
      3540.83  3.02858e-17  3.02858e-18
      3543.70  1.09109e-16  1.09109e-17
      3546.56  5.13788e-18  5.13788e-19
      3549.43  1.22578e-16  1.22578e-17
      3552.29 -3.53717e-17 -3.53717e-18
      3555.16  1.39421e-16  1.39421e-17
      3558.02 -9.05605e-17 -9.05605e-18
      3560.89  4.70802e-17  4.70802e-18
      3563.75  1.13251e-16  1.13251e-17
      3566.62 -2.86520e-17 -2.86520e-18
      3569.48 -1.82993e-17 -1.82993e-18
      3572.35  1.63295e-18  1.63295e-19
      3575.21  1.10060e-16  1.10060e-17
      3578.08 -9.89730e-17 -9.89730e-18
      3580.94 -5.70888e-17 -5.70888e-18
      3583.81  6.02413e-17  6.02413e-18
      3586.67  5.39259e-17  5.39259e-18
      3589.54  4.67272e-17  4.67272e-18
      3592.40  3.78752e-17  3.78752e-18
      3595.27  2.02750e-16  2.02750e-17
      3598.13  8.19235e-17  8.19235e-18
      3601.00  9.27461e-17  9.27461e-18
      3603.86 -3.94546e-17 -3.94546e-18
      3606.73  1.12594e-17  1.12594e-18
      3609.59  1.02957e-16  1.02957e-17
      3612.46  2.73322e-17  2.73322e-18
      3615.32  1.31138e-17  1.31138e-18
      3618.19 -6.36489e-17 -6.36489e-18
      3621.05  1.18261e-16  1.18261e-17
      3623.92  5.33202e-17  5.33202e-18
      3626.78  4.47269e-17  4.47269e-18
      3629.65 -4.86724e-17 -4.86724e-18
      3632.51  5.89336e-17  5.89336e-18
      3635.38 -3.35472e-17 -3.35472e-18
      3638.24  2.42344e-17  2.42344e-18
      3641.11  6.89557e-17  6.89557e-18
      3643.97 -5.24421e-18 -5.24421e-19
      3646.84 -6.96840e-17 -6.96840e-18
      3649.70  1.94397e-16  1.94397e-17
      3652.57  3.63223e-17  3.63223e-18
      3655.43  5.79817e-17  5.79817e-18
      3658.30 -4.13602e-17 -4.13602e-18
      3661.16  8.60583e-17  8.60583e-18
      3664.03 -5.86060e-17 -5.86060e-18
      3666.89  1.47415e-16  1.47415e-17
      3669.76  4.47748e-17  4.47748e-18
      3672.62  8.76886e-17  8.76886e-18
      3675.48  5.62011e-17  5.62011e-18
      3678.35  9.14753e-17  9.14753e-18
      3681.21 -2.89803e-17 -2.89803e-18
      3684.08  6.64261e-17  6.64261e-18
      3686.94  1.90169e-17  1.90169e-18
      3689.81  6.24063e-17  6.24063e-18
      3692.67  6.31594e-17  6.31594e-18
      3695.54 -6.53486e-17 -6.53486e-18
      3698.40  6.86382e-17  6.86382e-18
      3701.27 -3.83532e-18 -3.83532e-19
      3704.13  5.68045e-17  5.68045e-18
      3707.00  2.60937e-17  2.60937e-18
      3709.86 -5.10521e-17 -5.10521e-18
      3712.73  5.15658e-18  5.15658e-19
      3715.59  6.45708e-17  6.45708e-18
      3718.46  6.68560e-17  6.68560e-18
      3721.32  3.74217e-17  3.74217e-18
      3724.19  4.34524e-17  4.34524e-18
      3727.05  6.92565e-17  6.92565e-18
      3729.92  9.01731e-17  9.01731e-18
      3732.78  5.70472e-17  5.70472e-18
      3735.65  3.67587e-18  3.67587e-19
      3738.51  4.41924e-17  4.41924e-18
      3741.38  1.33336e-16  1.33336e-17
      3744.24 -7.85225e-18 -7.85225e-19
      3747.11  4.46563e-17  4.46563e-18
      3749.97 -1.82646e-17 -1.82646e-18
      3752.84  4.67436e-17  4.67436e-18
      3755.70 -1.72687e-17 -1.72687e-18
      3758.57  2.13965e-17  2.13965e-18
      3761.43 -4.41445e-18 -4.41445e-19
      3764.30  3.24569e-17  3.24569e-18
      3767.16 -2.83600e-17 -2.83600e-18
      3770.03  8.21865e-17  8.21865e-18
      3772.89 -8.63351e-18 -8.63351e-19
      3775.76  9.21485e-17  9.21485e-18
      3778.62  6.22805e-17  6.22805e-18
      3781.49  4.36654e-17  4.36654e-18
      3784.35  5.17152e-17  5.17152e-18
      3787.22  2.26190e-17  2.26190e-18
      3790.08 -1.08903e-17 -1.08903e-18
      3792.95  4.41460e-17  4.41460e-18
      3795.81  2.94159e-17  2.94159e-18
      3798.68 -6.68705e-18 -6.68705e-19
      3801.54  2.19378e-17  2.19378e-18
      3804.41  7.32827e-18  7.32827e-19
      3807.27  9.68424e-17  9.68424e-18
      3810.14  4.56243e-17  4.56243e-18
      3813.00  6.00665e-17  6.00665e-18
      3815.86 -6.83469e-18 -6.83469e-19
      3818.73  6.92214e-17  6.92214e-18
      3821.59  2.17769e-18  2.17769e-19
      3824.46  8.18251e-17  8.18251e-18
      3827.32 -2.10353e-18 -2.10354e-19
      3830.19  5.67107e-17  5.67107e-18
      3833.05  3.02544e-17  3.02544e-18
      3835.92  1.20370e-16  1.20370e-17
      3838.78  9.15663e-17  9.15663e-18
      3841.65  3.71373e-17  3.71373e-18
      3844.51  3.99208e-18  3.99208e-19
      3847.38  4.75523e-17  4.75523e-18
      3850.24  9.11614e-17  9.11614e-18
      3853.11  1.13211e-16  1.13211e-17
      3855.97  6.27609e-17  6.27609e-18
      3858.84  7.71155e-17  7.71155e-18
      3861.70  1.20016e-16  1.20016e-17
      3864.57  8.90142e-17  8.90142e-18
      3867.43  9.79719e-17  9.79719e-18
      3870.30  1.18574e-16  1.18574e-17
      3873.16  6.91306e-17  6.91306e-18
      3876.03  5.05610e-17  5.05610e-18
      3878.89  1.27472e-16  1.27472e-17
      3881.76  6.74368e-17  6.74368e-18
      3884.62  9.34604e-17  9.34604e-18
      3887.49  9.49971e-17  9.49971e-18
      3890.35  1.41087e-16  1.41087e-17
      3893.22  1.00931e-16  1.00931e-17
      3896.08  9.72692e-17  9.72692e-18
      3898.95  1.35516e-16  1.35516e-17
      3901.81  7.04560e-17  7.04560e-18
      3904.68  1.61541e-16  1.61541e-17
      3907.54  1.27128e-16  1.27128e-17
      3910.41  1.00657e-16  1.00657e-17
      3913.27  1.12967e-16  1.12967e-17
      3916.14  1.07636e-16  1.07636e-17
      3919.00  1.45488e-16  1.45488e-17
      3921.87  9.44407e-17  9.44407e-18
      3924.73  1.29473e-16  1.29473e-17
      3927.60  1.23308e-16  1.23308e-17
      3930.46  1.27217e-16  1.27217e-17
      3933.33  9.16622e-17  9.16622e-18
      3936.19  9.89941e-17  9.89941e-18
      3939.06  1.26589e-16  1.26589e-17
      3941.92  1.47263e-16  1.47263e-17
      3944.79  1.10113e-16  1.10113e-17
      3947.65  1.20908e-16  1.20908e-17
      3950.52  1.09359e-16  1.09359e-17
      3953.38  8.56610e-17  8.56610e-18
      3956.24  1.13100e-16  1.13100e-17
      3959.11  1.39673e-16  1.39673e-17
      3961.97  5.34080e-17  5.34080e-18
      3964.84  1.12272e-16  1.12272e-17
      3967.70  1.07436e-16  1.07436e-17
      3970.57  1.16667e-16  1.16667e-17
      3973.43  9.69235e-17  9.69235e-18
      3976.30  1.33018e-16  1.33018e-17
      3979.16  1.09373e-16  1.09373e-17
      3982.03  1.44921e-16  1.44921e-17
      3984.89  8.63055e-17  8.63055e-18
      3987.76  7.95564e-17  7.95564e-18
      3990.62  1.04941e-16  1.04941e-17
      3993.49  7.89665e-17  7.89665e-18
      3996.35  1.31676e-16  1.31676e-17
      3999.22  7.64977e-17  7.64977e-18
      4002.08  9.17006e-17  9.17006e-18
      4004.95  8.04477e-17  8.04477e-18
      4007.81  8.68024e-17  8.68024e-18
      4010.68  1.24968e-16  1.24968e-17
      4013.54  1.22534e-16  1.22534e-17
      4016.41  8.65240e-17  8.65240e-18
      4019.27  6.74517e-17  6.74517e-18
      4022.14  9.88643e-17  9.88643e-18
      4025.00  8.82338e-17  8.82339e-18
      4027.87  1.26951e-16  1.26951e-17
      4030.73  6.48743e-17  6.48743e-18
      4033.60  1.01014e-16  1.01014e-17
      4036.46  1.09479e-16  1.09479e-17
      4039.33  9.07178e-17  9.07178e-18
      4042.19  1.10990e-16  1.10990e-17
      4045.06  9.91001e-17  9.91001e-18
      4047.92  1.15310e-16  1.15310e-17
      4050.79  1.32364e-16  1.32364e-17
      4053.65  9.84508e-17  9.84508e-18
      4056.52  8.68326e-17  8.68326e-18
      4059.38  9.58433e-17  9.58433e-18
      4062.25  7.55423e-17  7.55423e-18
      4065.11  9.39408e-17  9.39408e-18
      4067.98  1.16710e-16  1.16710e-17
      4070.84  1.17968e-16  1.17968e-17
      4073.71  1.10848e-16  1.10848e-17
      4076.57  1.39848e-16  1.39848e-17
      4079.44  8.64004e-17  8.64004e-18
      4082.30  1.10743e-16  1.10743e-17
      4085.17  9.06711e-17  9.06711e-18
      4088.03  6.43840e-17  6.43840e-18
      4090.90  1.07283e-16  1.07283e-17
      4093.76  1.43167e-16  1.43167e-17
      4096.62  9.59292e-17  9.59292e-18
      4099.49  1.03870e-16  1.03870e-17
      4102.35  6.97123e-17  6.97123e-18
      4105.22  7.20977e-17  7.20976e-18
      4108.08  8.07245e-17  8.07245e-18
      4110.95  5.98232e-17  5.98232e-18
      4113.81  6.38152e-17  6.38152e-18
      4116.68  7.79024e-17  7.79024e-18
      4119.54  8.95952e-17  8.95952e-18
      4122.41  6.25439e-17  6.25439e-18
      4125.27  6.74575e-17  6.74575e-18
      4128.14  7.09144e-17  7.09144e-18
      4131.00  5.67046e-17  5.67046e-18
      4133.87  4.73717e-17  4.73717e-18
      4136.73  6.23708e-17  6.23708e-18
      4139.60  7.55874e-17  7.55874e-18
      4142.46  6.97891e-17  6.97891e-18
      4145.33  6.15477e-17  6.15477e-18
      4148.19  3.35785e-17  3.35784e-18
      4151.06  7.92091e-17  7.92091e-18
      4153.92  5.96525e-17  5.96525e-18
      4156.79  5.71006e-17  5.71006e-18
      4159.65  5.87838e-17  5.87838e-18
      4162.52  7.00029e-17  7.00029e-18
      4165.38  6.52348e-17  6.52348e-18
      4168.25  5.84707e-17  5.84707e-18
      4171.11  4.99534e-17  4.99534e-18
      4173.98  9.63366e-17  9.63366e-18
      4176.84  7.93270e-17  7.93270e-18
      4179.71  4.28962e-17  4.28962e-18
      4182.57  5.81161e-17  5.81161e-18
      4185.44  5.75433e-17  5.75433e-18
      4188.30  6.26244e-17  6.26244e-18
      4191.17  7.37938e-17  7.37938e-18
      4194.03  7.19698e-17  7.19698e-18
      4196.90  7.38202e-17  7.38202e-18
      4199.76  9.00085e-17  9.00085e-18
      4202.63  6.80263e-17  6.80263e-18
      4205.49  7.29668e-17  7.29668e-18
      4208.36  7.70472e-17  7.70472e-18
      4211.22  4.46012e-17  4.46012e-18
      4214.09  7.87454e-17  7.87454e-18
      4216.95  7.02631e-17  7.02632e-18
      4219.82  6.83800e-17  6.83800e-18
      4222.68  6.15340e-17  6.15340e-18
      4225.55  4.67347e-17  4.67347e-18
      4228.41  9.27533e-17  9.27533e-18
      4231.27  6.84430e-17  6.84430e-18
      4234.14  7.74940e-17  7.74940e-18
      4237.00  7.72393e-17  7.72393e-18
      4239.87  6.19762e-17  6.19762e-18
      4242.73  6.70027e-17  6.70027e-18
      4245.60  9.16606e-17  9.16606e-18
      4248.46  8.42257e-17  8.42257e-18
      4251.33  7.50445e-17  7.50445e-18
      4254.19  5.75583e-17  5.75583e-18
      4257.06  4.64766e-17  4.64766e-18
      4259.92  6.33156e-17  6.33156e-18
      4262.79  5.43865e-17  5.43865e-18
      4265.65  6.77001e-17  6.77001e-18
      4268.52  8.74741e-17  8.74741e-18
      4271.38  7.87140e-17  7.87140e-18
      4274.25  4.79900e-17  4.79900e-18
      4277.11  6.81202e-17  6.81202e-18
      4279.98  6.81969e-17  6.81969e-18
      4282.84  3.76804e-17  3.76804e-18
      4285.71  5.79845e-17  5.79845e-18
      4288.57  4.22775e-17  4.22775e-18
      4291.44  4.50613e-17  4.50613e-18
      4294.30  5.68700e-17  5.68700e-18
      4297.17  6.91593e-17  6.91593e-18
      4300.03  4.57971e-17  4.57971e-18
      4302.90  7.39791e-17  7.39791e-18
      4305.76  4.96491e-17  4.96491e-18
      4308.63  6.21684e-17  6.21684e-18
      4311.49  8.55974e-17  8.55974e-18
      4314.36  6.01662e-17  6.01662e-18
      4317.22  6.75772e-17  6.75772e-18
      4320.09  4.48587e-17  4.48587e-18
      4322.95  7.19946e-17  7.19946e-18
      4325.82  1.01164e-16  1.01164e-17
      4328.68  8.93999e-17  8.93999e-18
      4331.55  7.07050e-17  7.07050e-18
      4334.41  4.64186e-17  4.64186e-18
      4337.28  6.11255e-17  6.11255e-18
      4340.14  7.33634e-17  7.33634e-18
      4343.01  5.73285e-17  5.73285e-18
      4345.87  6.45998e-17  6.45998e-18
      4348.74  5.98906e-17  5.98906e-18
      4351.60  7.34365e-17  7.34365e-18
      4354.47  7.12081e-17  7.12081e-18
      4357.33  8.43724e-17  8.43724e-18
      4360.20  7.51198e-17  7.51198e-18
      4363.06  8.99870e-17  8.99870e-18
      4365.93  9.53994e-17  9.53994e-18
      4368.79  6.66305e-17  6.66305e-18
      4371.66  1.11818e-16  1.11818e-17
      4374.52  9.65480e-17  9.65480e-18
      4377.38  9.67900e-17  9.67900e-18
      4380.25  8.69418e-17  8.69418e-18
      4383.11  1.01015e-16  1.01015e-17
      4385.98  8.90760e-17  8.90760e-18
      4388.84  1.27808e-16  1.27808e-17
      4391.71  1.19938e-16  1.19938e-17
      4394.57  1.08377e-16  1.08377e-17
      4397.44  1.19692e-16  1.19692e-17
      4400.30  1.42044e-16  1.42044e-17
      4403.17  1.27314e-16  1.27314e-17
      4406.03  1.55725e-16  1.55726e-17
      4408.90  1.58762e-16  1.58762e-17
      4411.76  1.23348e-16  1.23348e-17
      4414.63  1.38663e-16  1.38663e-17
      4417.49  1.47853e-16  1.47853e-17
      4420.36  1.49483e-16  1.49483e-17
      4423.22  1.21637e-16  1.21637e-17
      4426.09  1.53010e-16  1.53010e-17
      4428.95  1.35340e-16  1.35340e-17
      4431.82  1.72325e-16  1.72325e-17
      4434.68  1.49951e-16  1.49951e-17
      4437.55  1.56362e-16  1.56362e-17
      4440.41  1.35573e-16  1.35573e-17
      4443.28  1.51680e-16  1.51680e-17
      4446.14  1.53724e-16  1.53724e-17
      4449.01  1.45726e-16  1.45726e-17
      4451.87  1.49578e-16  1.49578e-17
      4454.74  1.29071e-16  1.29071e-17
      4457.60  1.25300e-16  1.25300e-17
      4460.47  1.33293e-16  1.33293e-17
      4463.33  1.87231e-16  1.87231e-17
      4466.20  1.52487e-16  1.52487e-17
      4469.06  1.78248e-16  1.78248e-17
      4471.93  1.81145e-16  1.81145e-17
      4474.79  1.55666e-16  1.55666e-17
      4477.66  1.49633e-16  1.49633e-17
      4480.52  1.90485e-16  1.90485e-17
      4483.39  1.71717e-16  1.71717e-17
      4486.25  1.69103e-16  1.69103e-17
      4489.12  1.79950e-16  1.79950e-17
      4491.98  1.85604e-16  1.85604e-17
      4494.85  1.55999e-16  1.55999e-17
      4497.71  1.43945e-16  1.43945e-17
      4500.58  1.70216e-16  1.70216e-17
      4503.44  1.69365e-16  1.69365e-17
      4506.31  1.82999e-16  1.82999e-17
      4509.17  1.55858e-16  1.55858e-17
      4512.04  1.54441e-16  1.54441e-17
      4514.90  1.80391e-16  1.80391e-17
      4517.76  1.67324e-16  1.67324e-17
      4520.63  2.08236e-16  2.08236e-17
      4523.49  1.51321e-16  1.51321e-17
      4526.36  1.65810e-16  1.65810e-17
      4529.22  1.45079e-16  1.45079e-17
      4532.09  1.77890e-16  1.77890e-17
      4534.95  1.49764e-16  1.49764e-17
      4537.82  1.35793e-16  1.35793e-17
      4540.68  1.72242e-16  1.72242e-17
      4543.55  1.38166e-16  1.38166e-17
      4546.41  1.35389e-16  1.35389e-17
      4549.28  1.76872e-16  1.76872e-17
      4552.14  1.53481e-16  1.53481e-17
      4555.01  1.50536e-16  1.50536e-17
      4557.87  1.59940e-16  1.59940e-17
      4560.74  1.38590e-16  1.38590e-17
      4563.60  1.56089e-16  1.56089e-17
      4566.47  1.45133e-16  1.45133e-17
      4569.33  1.52723e-16  1.52723e-17
      4572.20  1.47469e-16  1.47469e-17
      4575.06  1.79658e-16  1.79658e-17
      4577.93  1.70453e-16  1.70453e-17
      4580.79  1.47777e-16  1.47777e-17
      4583.66  1.62640e-16  1.62640e-17
      4586.52  1.55087e-16  1.55087e-17
      4589.39  1.44557e-16  1.44557e-17
      4592.25  1.82260e-16  1.82260e-17
      4595.12  1.81952e-16  1.81952e-17
      4597.98  1.76359e-16  1.76359e-17
      4600.85  1.77224e-16  1.77224e-17
      4603.71  1.84035e-16  1.84035e-17
      4606.58  1.68521e-16  1.68521e-17
      4609.44  1.95769e-16  1.95769e-17
      4612.31  1.55614e-16  1.55614e-17
      4615.17  1.69077e-16  1.69077e-17
      4618.04  1.81705e-16  1.81705e-17
      4620.90  1.82762e-16  1.82762e-17
      4623.77  1.69103e-16  1.69103e-17
      4626.63  2.08540e-16  2.08540e-17
      4629.50  1.89466e-16  1.89466e-17
      4632.36  1.89951e-16  1.89951e-17
      4635.23  1.95568e-16  1.95568e-17
      4638.09  1.95110e-16  1.95110e-17
      4640.96  1.82914e-16  1.82914e-17
      4643.82  2.24666e-16  2.24666e-17
      4646.69  1.95625e-16  1.95625e-17
      4649.55  2.04051e-16  2.04051e-17
      4652.42  1.86609e-16  1.86609e-17
      4655.28  2.14383e-16  2.14383e-17
      4658.15  1.94942e-16  1.94942e-17
      4661.01  2.28104e-16  2.28104e-17
      4663.87  2.31528e-16  2.31528e-17
      4666.74  2.41583e-16  2.41583e-17
      4669.60  2.38313e-16  2.38313e-17
      4672.47  2.52335e-16  2.52335e-17
      4675.33  2.27901e-16  2.27901e-17
      4678.20  2.51415e-16  2.51415e-17
      4681.06  2.28708e-16  2.28708e-17
      4683.93  2.37696e-16  2.37696e-17
      4686.79  2.39110e-16  2.39110e-17
      4689.66  2.55901e-16  2.55901e-17
      4692.52  2.27498e-16  2.27498e-17
      4695.39  2.60603e-16  2.60603e-17
      4698.25  2.24540e-16  2.24540e-17
      4701.12  2.16416e-16  2.16416e-17
      4703.98  2.41490e-16  2.41490e-17
      4706.85  2.54138e-16  2.54138e-17
      4709.71  2.39840e-16  2.39840e-17
      4712.58  2.35914e-16  2.35914e-17
      4715.44  2.34271e-16  2.34271e-17
      4718.31  2.28580e-16  2.28580e-17
      4721.17  1.98337e-16  1.98337e-17
      4724.04  2.04058e-16  2.04058e-17
      4726.90  1.79034e-16  1.79034e-17
      4729.77  1.81537e-16  1.81537e-17
      4732.63  1.89407e-16  1.89407e-17
      4735.50  2.08521e-16  2.08521e-17
      4738.36  1.93311e-16  1.93311e-17
      4741.23  1.85319e-16  1.85319e-17
      4744.09  1.81169e-16  1.81169e-17
      4746.96  1.72018e-16  1.72018e-17
      4749.82  1.81929e-16  1.81929e-17
      4752.69  1.72740e-16  1.72740e-17
      4755.55  1.55387e-16  1.55387e-17
      4758.42  1.66816e-16  1.66815e-17
      4761.28  1.48006e-16  1.48006e-17
      4764.15  1.70135e-16  1.70135e-17
      4767.01  1.54189e-16  1.54189e-17
      4769.88  1.61904e-16  1.61904e-17
      4772.74  1.46859e-16  1.46859e-17
      4775.61  1.70518e-16  1.70518e-17
      4778.47  1.44753e-16  1.44753e-17
      4781.34  1.54510e-16  1.54510e-17
      4784.20  1.27609e-16  1.27609e-17
      4787.07  1.51911e-16  1.51911e-17
      4789.93  1.40375e-16  1.40375e-17
      4792.79  1.45330e-16  1.45330e-17
      4795.66  1.54571e-16  1.54571e-17
      4798.52  1.46329e-16  1.46329e-17
      4801.39  1.66299e-16  1.66299e-17
      4804.25  1.85791e-16  1.85791e-17
      4807.12  1.74886e-16  1.74886e-17
      4809.98  1.65787e-16  1.65787e-17
      4812.85  1.69910e-16  1.69910e-17
      4815.71  1.67463e-16  1.67463e-17
      4818.58  1.75294e-16  1.75294e-17
      4821.44  1.72445e-16  1.72445e-17
      4824.31  1.68275e-16  1.68275e-17
      4827.17  1.83577e-16  1.83577e-17
      4830.04  1.78344e-16  1.78344e-17
      4832.90  1.42664e-16  1.42664e-17
      4835.77  1.74091e-16  1.74091e-17
      4838.63  1.73738e-16  1.73738e-17
      4841.50  1.73898e-16  1.73898e-17
      4844.36  1.64844e-16  1.64843e-17
      4847.23  1.52838e-16  1.52838e-17
      4850.09  1.70068e-16  1.70068e-17
      4852.96  1.79917e-16  1.79917e-17
      4855.82  1.66116e-16  1.66116e-17
      4858.69  1.66108e-16  1.66108e-17
      4861.55  1.72090e-16  1.72090e-17
      4864.42  1.59417e-16  1.59417e-17
      4867.28  1.72864e-16  1.72864e-17
      4870.15  1.52976e-16  1.52976e-17
      4873.01  1.35929e-16  1.35929e-17
      4875.88  1.48498e-16  1.48498e-17
      4878.74  1.60628e-16  1.60628e-17
      4881.61  1.49258e-16  1.49257e-17
      4884.47  1.65240e-16  1.65240e-17
      4887.34  1.70155e-16  1.70155e-17
      4890.20  1.34908e-16  1.34908e-17
      4893.07  1.28965e-16  1.28965e-17
      4895.93  1.31318e-16  1.31318e-17
      4898.80  1.45157e-16  1.45157e-17
      4901.66  1.37268e-16  1.37268e-17
      4904.53  1.25107e-16  1.25107e-17
      4907.39  1.30941e-16  1.30941e-17
      4910.26  1.34249e-16  1.34249e-17
      4913.12  1.27949e-16  1.27949e-17
      4915.99  1.09396e-16  1.09396e-17
      4918.85  1.03576e-16  1.03576e-17
      4921.72  1.20254e-16  1.20254e-17
      4924.58  1.04679e-16  1.04678e-17
      4927.45  1.10370e-16  1.10370e-17
      4930.31  9.55882e-17  9.55882e-18
      4933.17  1.12285e-16  1.12284e-17
      4936.04  9.70170e-17  9.70170e-18
      4938.90  1.03795e-16  1.03795e-17
      4941.77  1.14780e-16  1.14780e-17
      4944.63  1.27050e-16  1.27050e-17
      4947.50  9.44877e-17  9.44877e-18
      4950.36  1.07556e-16  1.07556e-17
      4953.23  1.01885e-16  1.01885e-17
      4956.09  1.01097e-16  1.01098e-17
      4958.96  1.13921e-16  1.13921e-17
      4961.82  1.09919e-16  1.09919e-17
      4964.69  1.01566e-16  1.01566e-17
      4967.55  1.09690e-16  1.09690e-17
      4970.42  1.14445e-16  1.14445e-17
      4973.28  1.21362e-16  1.21362e-17
      4976.15  1.05454e-16  1.05454e-17
      4979.01  8.26917e-17  8.26917e-18
      4981.88  1.09445e-16  1.09445e-17
      4984.74  1.06628e-16  1.06628e-17
      4987.61  1.14449e-16  1.14449e-17
      4990.47  1.26059e-16  1.26059e-17
      4993.34  1.08115e-16  1.08115e-17
      4996.20  1.07936e-16  1.07936e-17
      4999.07  9.69693e-17  9.69693e-18
      5001.93  1.30483e-16  1.30483e-17
      5004.80  1.16108e-16  1.16108e-17
      5007.66  1.13542e-16  1.13542e-17
      5010.53  1.22137e-16  1.22137e-17
      5013.39  1.20690e-16  1.20690e-17
      5016.26  1.35692e-16  1.35692e-17
      5019.12  1.02777e-16  1.02777e-17
      5021.99  1.11726e-16  1.11726e-17
      5024.85  1.23561e-16  1.23561e-17
      5027.72  1.07476e-16  1.07476e-17
      5030.58  1.27631e-16  1.27631e-17
      5033.45  1.15587e-16  1.15587e-17
      5036.31  1.30093e-16  1.30093e-17
      5039.18  1.36566e-16  1.36566e-17
      5042.04  1.24697e-16  1.24697e-17
      5044.91  1.10924e-16  1.10924e-17
      5047.77  1.19601e-16  1.19601e-17
      5050.64  1.20246e-16  1.20246e-17
      5053.50  1.16178e-16  1.16178e-17
      5056.37  1.14376e-16  1.14376e-17
      5059.23  1.23678e-16  1.23678e-17
      5062.10  1.09096e-16  1.09096e-17
      5064.96  1.09446e-16  1.09446e-17
      5067.83  1.26160e-16  1.26160e-17
      5070.69  1.04938e-16  1.04938e-17
      5073.56  1.18529e-16  1.18529e-17
      5076.42  1.12086e-16  1.12086e-17
      5079.28  1.20064e-16  1.20064e-17
      5082.15  1.11374e-16  1.11374e-17
      5085.01  1.08897e-16  1.08897e-17
      5087.88  1.20433e-16  1.20433e-17
      5090.74  1.06234e-16  1.06234e-17
      5093.61  1.12577e-16  1.12577e-17
      5096.47  1.04590e-16  1.04590e-17
      5099.34  1.15623e-16  1.15623e-17
      5102.20  1.05352e-16  1.05352e-17
      5105.07  1.00573e-16  1.00573e-17
      5107.93  1.05157e-16  1.05157e-17
      5110.80  1.09088e-16  1.09088e-17
      5113.66  1.16662e-16  1.16662e-17
      5116.53  1.22083e-16  1.22083e-17
      5119.39  1.13308e-16  1.13308e-17
      5122.26  1.21510e-16  1.21510e-17
      5125.12  1.26852e-16  1.26852e-17
      5127.99  1.32460e-16  1.32460e-17
      5130.85  1.27022e-16  1.27022e-17
      5133.72  1.43717e-16  1.43717e-17
      5136.58  1.25337e-16  1.25337e-17
      5139.45  1.09641e-16  1.09641e-17
      5142.31  1.15803e-16  1.15803e-17
      5145.18  1.44463e-16  1.44463e-17
      5148.04  1.33166e-16  1.33166e-17
      5150.91  1.18441e-16  1.18441e-17
      5153.77  1.33083e-16  1.33083e-17
      5156.64  1.63497e-16  1.63497e-17
      5159.50  1.61637e-16  1.61637e-17
      5162.37  1.32964e-16  1.32964e-17
      5165.23  1.62622e-16  1.62622e-17
      5168.10  1.65222e-16  1.65222e-17
      5170.96  1.45469e-16  1.45469e-17
      5173.83  1.41389e-16  1.41389e-17
      5176.69  1.74992e-16  1.74992e-17
      5179.56  1.88696e-16  1.88696e-17
      5182.42  1.75367e-16  1.75367e-17
      5185.29  1.99479e-16  1.99479e-17
      5188.15  1.87186e-16  1.87186e-17
      5191.02  1.89544e-16  1.89544e-17
      5193.88  2.05068e-16  2.05068e-17
      5196.75  1.87898e-16  1.87898e-17
      5199.61  2.07490e-16  2.07490e-17
      5202.48  1.97436e-16  1.97436e-17
      5205.34  2.08553e-16  2.08553e-17
      5208.21  2.21660e-16  2.21660e-17
      5211.07  2.17092e-16  2.17092e-17
      5213.94  2.09115e-16  2.09115e-17
      5216.80  1.97320e-16  1.97320e-17
      5219.66  2.18213e-16  2.18213e-17
      5222.53  2.16242e-16  2.16242e-17
      5225.39  2.37554e-16  2.37554e-17
      5228.26  2.42627e-16  2.42627e-17
      5231.12  2.46117e-16  2.46117e-17
      5233.99  2.24285e-16  2.24285e-17
      5236.85  2.21430e-16  2.21430e-17
      5239.72  2.27094e-16  2.27094e-17
      5242.58  2.35810e-16  2.35810e-17
      5245.45  2.50034e-16  2.50034e-17
      5248.31  2.74926e-16  2.74926e-17
      5251.18  2.42560e-16  2.42560e-17
      5254.04  2.40488e-16  2.40488e-17
      5256.91  2.62587e-16  2.62587e-17
      5259.77  2.67316e-16  2.67316e-17
      5262.64  2.65138e-16  2.65138e-17
      5265.50  2.91800e-16  2.91801e-17
      5268.37  2.72889e-16  2.72889e-17
      5271.23  2.89802e-16  2.89802e-17
      5274.10  2.74314e-16  2.74314e-17
      5276.96  2.91726e-16  2.91726e-17
      5279.83  2.91865e-16  2.91865e-17
      5282.69  2.93686e-16  2.93686e-17
      5285.56  3.18548e-16  3.18548e-17
      5288.42  3.09613e-16  3.09613e-17
      5291.29  2.99078e-16  2.99078e-17
      5294.15  2.77519e-16  2.77519e-17
      5297.02  2.94096e-16  2.94096e-17
      5299.88  3.25065e-16  3.25066e-17
      5302.75  3.31335e-16  3.31335e-17
      5305.61  3.35842e-16  3.35842e-17
      5308.48  3.09821e-16  3.09820e-17
      5311.34  3.08436e-16  3.08436e-17
      5314.21  3.02248e-16  3.02248e-17
      5317.07  3.44363e-16  3.44363e-17
      5319.94  3.31401e-16  3.31401e-17
      5322.80  3.05267e-16  3.05267e-17
      5325.67  3.45688e-16  3.45688e-17
      5328.53  3.55951e-16  3.55951e-17
      5331.40  3.49034e-16  3.49034e-17
      5334.26  3.25203e-16  3.25203e-17
      5337.13  3.47937e-16  3.47937e-17
      5339.99  3.50999e-16  3.50999e-17
      5342.86  3.76525e-16  3.76525e-17
      5345.72  3.36774e-16  3.36774e-17
      5348.58  3.39813e-16  3.39813e-17
      5351.45  3.59781e-16  3.59781e-17
      5354.31  3.39490e-16  3.39490e-17
      5357.18  3.59788e-16  3.59788e-17
      5360.04  3.48894e-16  3.48893e-17
      5362.91  3.48474e-16  3.48474e-17
      5365.77  3.46791e-16  3.46791e-17
      5368.64  3.61931e-16  3.61931e-17
      5371.50  3.70902e-16  3.70902e-17
      5374.37  3.64356e-16  3.64356e-17
      5377.23  3.44890e-16  3.44890e-17
      5380.10  3.53941e-16  3.53941e-17
      5382.96  3.55377e-16  3.55377e-17
      5385.83  3.48898e-16  3.48898e-17
      5388.69  3.25993e-16  3.25993e-17
      5391.56  3.49617e-16  3.49617e-17
      5394.42  3.43736e-16  3.43736e-17
      5397.29  3.44228e-16  3.44228e-17
      5400.15  3.55298e-16  3.55298e-17
      5403.02  3.24695e-16  3.24695e-17
      5405.88  3.44289e-16  3.44289e-17
      5408.75  3.34766e-16  3.34766e-17
      5411.61  3.16008e-16  3.16008e-17
      5414.48  3.24110e-16  3.24110e-17
      5417.34  3.25894e-16  3.25894e-17
      5420.21  3.26122e-16  3.26122e-17
      5423.07  3.22497e-16  3.22497e-17
      5425.94  3.21797e-16  3.21797e-17
      5428.80  3.08225e-16  3.08225e-17
      5431.67  3.09527e-16  3.09527e-17
      5434.53  2.92967e-16  2.92967e-17
      5437.40  3.13396e-16  3.13396e-17
      5440.26  3.08325e-16  3.08325e-17
      5443.13  3.28630e-16  3.28630e-17
      5445.99  3.18292e-16  3.18292e-17
      5448.86  2.94348e-16  2.94348e-17
      5451.72  3.09982e-16  3.09982e-17
      5454.59  3.23586e-16  3.23586e-17
      5457.45  3.10467e-16  3.10467e-17
      5460.32  3.30783e-16  3.30783e-17
      5463.18  3.49910e-16  3.49910e-17
      5466.05  3.11512e-16  3.11512e-17
      5468.91  3.01243e-16  3.01243e-17
      5471.78  3.29458e-16  3.29458e-17
      5474.64  3.32956e-16  3.32956e-17
      5477.51  3.31583e-16  3.31583e-17
      5480.37  3.52890e-16  3.52890e-17
      5483.24  3.30504e-16  3.30504e-17
      5486.10  3.36447e-16  3.36447e-17
      5488.96  3.57705e-16  3.57705e-17
      5491.83  3.68127e-16  3.68127e-17
      5494.69  3.50693e-16  3.50693e-17
      5497.56  3.70079e-16  3.70079e-17
      5500.42  3.85079e-16  3.85079e-17
      5503.29  3.87272e-16  3.87272e-17
      5506.15  3.75844e-16  3.75844e-17
      5509.02  3.92998e-16  3.92998e-17
      5511.88  4.62155e-16  4.62155e-17
      5514.75  4.65707e-16  4.65707e-17
      5517.61  4.06814e-16  4.06814e-17
      5520.48  4.09633e-16  4.09633e-17
      5523.34  4.18808e-16  4.18808e-17
      5526.21  4.13055e-16  4.13055e-17
      5529.07  4.58760e-16  4.58760e-17
      5531.94  4.46529e-16  4.46529e-17
      5534.80  4.50362e-16  4.50362e-17
      5537.67  4.27782e-16  4.27782e-17
      5540.53  4.45484e-16  4.45484e-17
      5543.40  4.39040e-16  4.39040e-17
      5546.26  4.31464e-16  4.31464e-17
      5549.13  4.65051e-16  4.65051e-17
      5551.99  4.39577e-16  4.39577e-17
      5554.86  4.35021e-16  4.35021e-17
      5557.72  4.49813e-16  4.49813e-17
      5560.59  4.54978e-16  4.54978e-17
      5563.45  4.25306e-16  4.25306e-17
      5566.32  4.30143e-16  4.30143e-17
      5569.18  4.14938e-16  4.14938e-17
      5572.05  3.83117e-16  3.83117e-17
      5574.91  4.15247e-16  4.15247e-17
      5577.78  3.92202e-16  3.92202e-17
      5580.64  4.06367e-16  4.06367e-17
      5583.51  4.18621e-16  4.18621e-17
      5586.37  4.02223e-16  4.02223e-17
      5589.24  4.02394e-16  4.02394e-17
      5592.10  4.32898e-16  4.32898e-17
      5594.97  4.44266e-16  4.44266e-17
      5597.83  4.17706e-16  4.17706e-17
      5600.70  4.36050e-16  4.36051e-17
      5603.56  4.15463e-16  4.15463e-17
      5606.43  3.93413e-16  3.93413e-17
      5609.29  4.24127e-16  4.24127e-17
      5612.16  4.04911e-16  4.04911e-17
      5615.02  3.67975e-16  3.67975e-17
      5617.89  4.24908e-16  4.24908e-17
      5620.75  4.21034e-16  4.21034e-17
      5623.62  3.83094e-16  3.83094e-17
      5626.48  3.90009e-16  3.90009e-17
      5629.35  3.91799e-16  3.91799e-17
      5632.21  3.73725e-16  3.73725e-17
      5635.07  3.74896e-16  3.74896e-17
      5637.94  4.01392e-16  4.01392e-17
      5640.80  4.11791e-16  4.11791e-17
      5643.67  3.96697e-16  3.96697e-17
      5646.53  4.03988e-16  4.03988e-17
      5649.40  3.88395e-16  3.88395e-17
      5652.26  3.98112e-16  3.98112e-17
      5655.13  3.83053e-16  3.83053e-17
      5657.99  4.01726e-16  4.01726e-17
      5660.86  4.18095e-16  4.18095e-17
      5663.72  4.28125e-16  4.28125e-17
      5666.59  4.60359e-16  4.60359e-17
      5669.45  4.37605e-16  4.37605e-17
      5672.32  4.26033e-16  4.26033e-17
      5675.18  4.27905e-16  4.27905e-17
      5678.05  4.18869e-16  4.18869e-17
      5680.91  4.51627e-16  4.51627e-17
      5683.78  4.59671e-16  4.59671e-17
      5686.64  4.59948e-16  4.59948e-17
      5689.51  4.83651e-16  4.83651e-17
      5692.37  4.93623e-16  4.93623e-17
      5695.24  4.73678e-16  4.73678e-17
      5698.10  5.07281e-16  5.07281e-17
      5700.97  4.90570e-16  4.90570e-17
      5703.83  4.78615e-16  4.78616e-17
      5706.70  4.96341e-16  4.96341e-17
      5709.56  5.19959e-16  5.19959e-17
      5712.43  4.77577e-16  4.77577e-17
      5715.29  5.20893e-16  5.20893e-17
      5718.16  5.09589e-16  5.09589e-17
      5721.02  4.66253e-16  4.66253e-17
      5723.89  4.61219e-16  4.61219e-17
      5726.75  5.04250e-16  5.04250e-17
      5729.62  4.47045e-16  4.47045e-17
      5732.48  4.65535e-16  4.65535e-17
      5735.35  4.55392e-16  4.55392e-17
      5738.21  4.72047e-16  4.72047e-17
      5741.08  4.36659e-16  4.36659e-17
      5743.94  4.38352e-16  4.38352e-17
      5746.81  4.09397e-16  4.09397e-17
      5749.67  4.07930e-16  4.07930e-17
      5752.54  4.08347e-16  4.08347e-17
      5755.40  4.12367e-16  4.12367e-17
      5758.27  4.07935e-16  4.07935e-17
      5761.13  3.90496e-16  3.90496e-17
      5764.00  3.92282e-16  3.92282e-17
      5766.86  4.19572e-16  4.19572e-17
      5769.73  4.15065e-16  4.15065e-17
      5772.59  3.92660e-16  3.92660e-17
      5775.45  3.89816e-16  3.89816e-17
      5778.32  3.87316e-16  3.87316e-17
      5781.18  3.89858e-16  3.89858e-17
      5784.05  4.02313e-16  4.02313e-17
      5786.91  3.88432e-16  3.88432e-17
      5789.78  3.74881e-16  3.74881e-17
      5792.64  3.77416e-16  3.77417e-17
      5795.51  3.72928e-16  3.72928e-17
      5798.37  3.87114e-16  3.87114e-17
      5801.24  3.84517e-16  3.84517e-17
      5804.10  3.66441e-16  3.66441e-17
      5806.97  3.77796e-16  3.77796e-17
      5809.83  3.87422e-16  3.87422e-17
      5812.70  3.66689e-16  3.66689e-17
      5815.56  3.98825e-16  3.98825e-17
      5818.43  3.94184e-16  3.94184e-17
      5821.29  3.84133e-16  3.84133e-17
      5824.16  3.84402e-16  3.84402e-17
      5827.02  3.90907e-16  3.90907e-17
      5829.89  3.66912e-16  3.66912e-17
      5832.75  3.88461e-16  3.88461e-17
      5835.62  3.66240e-16  3.66240e-17
      5838.48  3.56682e-16  3.56682e-17
      5841.35  3.82610e-16  3.82610e-17
      5844.21  3.73138e-16  3.73138e-17
      5847.08  3.62506e-16  3.62506e-17
      5849.94  3.85527e-16  3.85527e-17
      5852.81  3.85521e-16  3.85521e-17
      5855.67  3.92067e-16  3.92067e-17
      5858.54  3.54593e-16  3.54593e-17
      5861.40  3.60057e-16  3.60057e-17
      5864.27  3.82826e-16  3.82826e-17
      5867.13  3.45668e-16  3.45668e-17
      5870.00  3.72047e-16  3.72047e-17
      5872.86  3.66315e-16  3.66315e-17
      5875.73  3.52849e-16  3.52849e-17
      5878.59  3.75659e-16  3.75659e-17
      5881.46  3.49101e-16  3.49101e-17
      5884.32  3.78013e-16  3.78013e-17
      5887.19  3.37479e-16  3.37479e-17
      5890.05  3.27946e-16  3.27946e-17
      5892.92  3.37985e-16  3.37986e-17
      5895.78  3.42289e-16  3.42289e-17
      5898.65  3.67383e-16  3.67383e-17
      5901.51  3.34564e-16  3.34564e-17
      5904.38  3.37151e-16  3.37151e-17
      5907.24  3.16842e-16  3.16842e-17
      5910.10  3.32411e-16  3.32411e-17
      5912.97  3.32498e-16  3.32498e-17
      5915.83  3.40574e-16  3.40574e-17
      5918.70  3.03670e-16  3.03670e-17
      5921.56  3.20756e-16  3.20756e-17
      5924.43  2.85656e-16  2.85656e-17
      5927.29  3.25762e-16  3.25762e-17
      5930.16  2.94417e-16  2.94417e-17
      5933.02  2.68094e-16  2.68094e-17
      5935.89  3.13427e-16  3.13427e-17
      5938.75  2.63774e-16  2.63774e-17
      5941.62  2.67523e-16  2.67523e-17
      5944.48  2.82775e-16  2.82775e-17
      5947.35  2.59423e-16  2.59423e-17
      5950.21  2.79124e-16  2.79124e-17
      5953.08  2.88285e-16  2.88285e-17
      5955.94  2.64768e-16  2.64768e-17
      5958.81  2.75291e-16  2.75291e-17
      5961.67  2.76207e-16  2.76207e-17
      5964.54  2.86435e-16  2.86435e-17
      5967.40  2.83014e-16  2.83014e-17
      5970.27  3.15916e-16  3.15916e-17
      5973.13  2.85984e-16  2.85984e-17
      5976.00  3.16360e-16  3.16360e-17
      5978.86  3.05578e-16  3.05578e-17
      5981.73  2.96617e-16  2.96617e-17
      5984.59  3.26993e-16  3.26993e-17
      5987.46  2.98012e-16  2.98012e-17
      5990.32  3.14440e-16  3.14440e-17
      5993.19  3.16449e-16  3.16449e-17
      5996.05  3.29000e-16  3.29000e-17
      5998.92  3.20179e-16  3.20179e-17
      6001.78  2.96797e-16  2.96797e-17
      6004.65  3.03189e-16  3.03188e-17
      6007.51  3.07265e-16  3.07265e-17
      6010.38  3.28968e-16  3.28968e-17
      6013.24  3.01393e-16  3.01393e-17
      6016.11  3.15381e-16  3.15381e-17
      6018.97  3.19062e-16  3.19062e-17
      6021.84  3.19258e-16  3.19258e-17
      6024.70  3.10425e-16  3.10425e-17
      6027.57  3.08460e-16  3.08460e-17
      6030.43  3.33902e-16  3.33902e-17
      6033.30  3.45848e-16  3.45848e-17
      6036.16  3.27088e-16  3.27088e-17
      6039.03  3.23540e-16  3.23540e-17
      6041.89  3.24903e-16  3.24903e-17
      6044.76  2.95359e-16  2.95359e-17
      6047.62  3.21293e-16  3.21293e-17
      6050.48  3.07202e-16  3.07202e-17
      6053.35  3.19380e-16  3.19380e-17
      6056.21  3.49021e-16  3.49021e-17
      6059.08  3.30356e-16  3.30355e-17
      6061.94  3.18917e-16  3.18917e-17
      6064.81  3.01158e-16  3.01158e-17
      6067.67  3.09925e-16  3.09925e-17
      6070.54  2.97459e-16  2.97460e-17
      6073.40  3.06482e-16  3.06482e-17
      6076.27  2.98916e-16  2.98916e-17
      6079.13  3.01296e-16  3.01296e-17
      6082.00  2.76529e-16  2.76529e-17
      6084.86  3.00293e-16  3.00293e-17
      6087.73  2.96274e-16  2.96274e-17
      6090.59  2.87748e-16  2.87748e-17
      6093.46  2.90483e-16  2.90483e-17
      6096.32  2.91314e-16  2.91314e-17
      6099.19  2.87220e-16  2.87220e-17
      6102.05  2.86388e-16  2.86388e-17
      6104.92  2.97058e-16  2.97058e-17
      6107.78  2.77117e-16  2.77117e-17
      6110.65  2.95135e-16  2.95135e-17
      6113.51  3.03854e-16  3.03854e-17
      6116.38  3.09085e-16  3.09085e-17
      6119.24  3.00397e-16  3.00397e-17
      6122.11  3.05889e-16  3.05889e-17
      6124.97  2.86921e-16  2.86921e-17
      6127.84  2.72275e-16  2.72275e-17
      6130.70  2.80503e-16  2.80503e-17
      6133.57  2.98234e-16  2.98234e-17
      6136.43  2.90455e-16  2.90455e-17
      6139.30  2.80346e-16  2.80346e-17
      6142.16  2.78804e-16  2.78804e-17
      6145.03  2.69678e-16  2.69678e-17
      6147.89  2.58132e-16  2.58132e-17
      6150.76  2.65188e-16  2.65188e-17
      6153.62  2.66147e-16  2.66147e-17
      6156.49  2.74162e-16  2.74162e-17
      6159.35  2.50837e-16  2.50837e-17
      6162.22  2.30979e-16  2.30979e-17
      6165.08  2.46029e-16  2.46029e-17
      6167.95  2.14992e-16  2.14992e-17
      6170.81  2.20379e-16  2.20379e-17
      6173.68  2.19711e-16  2.19711e-17
      6176.54  2.39620e-16  2.39620e-17
      6179.41  2.18845e-16  2.18845e-17
      6182.27  1.98109e-16  1.98109e-17
      6185.14  1.98003e-16  1.98003e-17
      6188.00  1.97333e-16  1.97333e-17
      6190.86  1.89359e-16  1.89359e-17
      6193.73  1.84139e-16  1.84139e-17
      6196.59  1.75333e-16  1.75333e-17
      6199.46  1.71182e-16  1.71182e-17
      6202.32  1.75381e-16  1.75381e-17
      6205.19  1.63452e-16  1.63452e-17
      6208.05  1.68096e-16  1.68096e-17
      6210.92  1.55138e-16  1.55138e-17
      6213.78  1.43054e-16  1.43054e-17
      6216.65  1.76211e-16  1.76211e-17
      6219.51  1.44267e-16  1.44267e-17
      6222.38  1.29372e-16  1.29372e-17
      6225.24  1.33779e-16  1.33779e-17
      6228.11  1.23001e-16  1.23001e-17
      6230.97  1.25036e-16  1.25036e-17
      6233.84  1.30567e-16  1.30567e-17
      6236.70  1.16182e-16  1.16182e-17
      6239.57  1.07588e-16  1.07588e-17
      6242.43  1.13819e-16  1.13819e-17
      6245.30  1.04101e-16  1.04100e-17
      6248.16  1.27495e-16  1.27495e-17
      6251.03  1.28873e-16  1.28873e-17
      6253.89  1.13643e-16  1.13643e-17
      6256.76  1.09738e-16  1.09738e-17
      6259.62  1.16041e-16  1.16041e-17
      6262.49  1.07180e-16  1.07180e-17
      6265.35  1.12435e-16  1.12435e-17
      6268.22  1.15389e-16  1.15389e-17
      6271.08  1.04420e-16  1.04420e-17
      6273.95  1.29086e-16  1.29086e-17
      6276.81  1.11322e-16  1.11322e-17
      6279.68  1.18099e-16  1.18099e-17
      6282.54  1.14493e-16  1.14493e-17
      6285.41  1.40895e-16  1.40895e-17
      6288.27  1.25271e-16  1.25271e-17
      6291.14  1.26372e-16  1.26372e-17
      6294.00  1.35160e-16  1.35160e-17
      6296.87  1.40739e-16  1.40739e-17
      6299.73  1.66410e-16  1.66410e-17
      6302.60  1.37632e-16  1.37632e-17
      6305.46  1.65504e-16  1.65504e-17
      6308.33  1.71813e-16  1.71813e-17
      6311.19  1.69713e-16  1.69713e-17
      6314.06  1.80228e-16  1.80228e-17
      6316.92  1.54189e-16  1.54189e-17
      6319.79  1.73176e-16  1.73176e-17
      6322.65  1.71354e-16  1.71354e-17
      6325.52  1.93936e-16  1.93936e-17
      6328.38  1.70029e-16  1.70029e-17
      6331.25  1.82784e-16  1.82784e-17
      6334.11  1.92072e-16  1.92072e-17
      6336.97  1.83459e-16  1.83459e-17
      6339.84  2.05787e-16  2.05787e-17
      6342.70  2.06684e-16  2.06684e-17
      6345.57  1.98824e-16  1.98824e-17
      6348.43  1.97879e-16  1.97879e-17
      6351.30  2.09892e-16  2.09892e-17
      6354.16  2.10861e-16  2.10860e-17
      6357.03  2.15459e-16  2.15459e-17
      6359.89  2.38632e-16  2.38632e-17
      6362.76  2.38289e-16  2.38289e-17
      6365.62  2.28168e-16  2.28168e-17
      6368.49  2.34611e-16  2.34611e-17
      6371.35  2.36173e-16  2.36173e-17
      6374.22  2.27973e-16  2.27973e-17
      6377.08  2.27602e-16  2.27602e-17
      6379.95  2.36203e-16  2.36203e-17
      6382.81  2.17003e-16  2.17003e-17
      6385.68  2.24385e-16  2.24385e-17
      6388.54  2.33808e-16  2.33808e-17
      6391.41  2.33983e-16  2.33983e-17
      6394.27  2.30769e-16  2.30769e-17
      6397.14  2.50645e-16  2.50645e-17
      6400.00  2.44062e-16  2.44062e-17
      6402.87  2.44738e-16  2.44738e-17
      6405.73  2.42526e-16  2.42526e-17
      6408.60  2.41308e-16  2.41308e-17
      6411.46  2.61259e-16  2.61259e-17
      6414.33  2.58265e-16  2.58264e-17
      6417.19  2.51459e-16  2.51459e-17
      6420.06  2.67309e-16  2.67309e-17
      6422.92  2.80420e-16  2.80420e-17
      6425.79  2.62921e-16  2.62921e-17
      6428.65  2.61900e-16  2.61900e-17
      6431.52  2.73374e-16  2.73374e-17
      6434.38  2.86109e-16  2.86109e-17
      6437.25  2.88900e-16  2.88900e-17
      6440.11  2.59937e-16  2.59937e-17
      6442.98  2.79246e-16  2.79246e-17
      6445.84  2.90876e-16  2.90876e-17
      6448.71  2.89849e-16  2.89849e-17
      6451.57  2.89668e-16  2.89668e-17
      6454.44  2.84091e-16  2.84091e-17
      6457.30  2.97561e-16  2.97561e-17
      6460.17  2.97756e-16  2.97756e-17
      6463.03  2.96819e-16  2.96819e-17
      6465.90  2.94439e-16  2.94439e-17
      6468.76  3.01016e-16  3.01016e-17
      6471.62  2.96179e-16  2.96179e-17
      6474.49  2.95826e-16  2.95826e-17
      6477.35  3.10905e-16  3.10905e-17
      6480.22  3.13123e-16  3.13123e-17
      6483.08  3.11391e-16  3.11391e-17
      6485.95  3.30276e-16  3.30276e-17
      6488.81  2.99091e-16  2.99091e-17
      6491.68  3.27881e-16  3.27881e-17
      6494.54  3.13640e-16  3.13640e-17
      6497.41  3.30352e-16  3.30352e-17
      6500.27  3.66397e-16  3.66397e-17
      6503.14  3.34097e-16  3.34097e-17
      6506.00  3.68886e-16  3.68886e-17
      6508.87  3.43552e-16  3.43552e-17
      6511.73  3.67960e-16  3.67960e-17
      6514.60  3.52213e-16  3.52213e-17
      6517.46  3.75971e-16  3.75970e-17
      6520.33  3.69933e-16  3.69933e-17
      6523.19  3.72903e-16  3.72903e-17
      6526.06  3.93531e-16  3.93531e-17
      6528.92  3.95443e-16  3.95443e-17
      6531.79  3.65231e-16  3.65231e-17
      6534.65  3.83687e-16  3.83687e-17
      6537.52  3.45373e-16  3.45373e-17
      6540.38  3.67852e-16  3.67852e-17
      6543.25  3.78082e-16  3.78082e-17
      6546.11  3.76009e-16  3.76009e-17
      6548.98  3.85604e-16  3.85604e-17
      6551.84  3.85914e-16  3.85914e-17
      6554.71  3.68062e-16  3.68062e-17
      6557.57  3.74882e-16  3.74882e-17
      6560.44  3.57610e-16  3.57610e-17
      6563.30  3.88284e-16  3.88284e-17
      6566.17  3.67934e-16  3.67934e-17
      6569.03  3.49666e-16  3.49666e-17
      6571.90  3.56123e-16  3.56123e-17
      6574.76  3.65205e-16  3.65205e-17
      6577.63  3.96281e-16  3.96281e-17
      6580.49  3.56366e-16  3.56366e-17
      6583.36  3.69827e-16  3.69827e-17
      6586.22  4.10241e-16  4.10241e-17
      6589.09  3.88704e-16  3.88704e-17
      6591.95  3.85282e-16  3.85282e-17
      6594.82  3.96199e-16  3.96199e-17
      6597.68  3.90831e-16  3.90831e-17
      6600.55  3.87035e-16  3.87035e-17
      6603.41  3.76964e-16  3.76965e-17
      6606.27  3.75944e-16  3.75944e-17
      6609.14  3.82790e-16  3.82790e-17
      6612.00  3.83875e-16  3.83875e-17
      6614.87  3.71315e-16  3.71315e-17
      6617.73  3.74864e-16  3.74864e-17
      6620.60  3.79015e-16  3.79015e-17
      6623.46  3.74435e-16  3.74435e-17
      6626.33  3.87043e-16  3.87043e-17
      6629.19  3.62059e-16  3.62059e-17
      6632.06  3.59308e-16  3.59308e-17
      6634.92  3.73444e-16  3.73444e-17
      6637.79  3.43918e-16  3.43918e-17
      6640.65  3.46946e-16  3.46946e-17
      6643.52  3.52937e-16  3.52937e-17
      6646.38  3.52930e-16  3.52930e-17
      6649.25  3.40663e-16  3.40663e-17
      6652.11  3.37256e-16  3.37256e-17
      6654.98  3.34198e-16  3.34198e-17
      6657.84  3.26358e-16  3.26358e-17
      6660.71  3.27811e-16  3.27811e-17
      6663.57  3.05799e-16  3.05799e-17
      6666.44  3.30428e-16  3.30428e-17
      6669.30  3.19767e-16  3.19767e-17
      6672.17  3.04904e-16  3.04904e-17
      6675.03  3.27082e-16  3.27082e-17
      6677.90  3.25086e-16  3.25086e-17
      6680.76  3.20884e-16  3.20884e-17
      6683.63  3.11341e-16  3.11341e-17
      6686.49  3.07617e-16  3.07617e-17
      6689.36  2.94125e-16  2.94125e-17
      6692.22  3.08489e-16  3.08489e-17
      6695.09  3.25857e-16  3.25857e-17
      6697.95  3.12384e-16  3.12384e-17
      6700.82  3.33129e-16  3.33129e-17
      6703.68  3.31578e-16  3.31578e-17
      6706.55  3.44023e-16  3.44023e-17
      6709.41  3.33877e-16  3.33877e-17
      6712.28  3.25112e-16  3.25112e-17
      6715.14  3.39835e-16  3.39835e-17
      6718.01  3.26406e-16  3.26406e-17
      6720.87  3.06274e-16  3.06274e-17
      6723.74  3.29425e-16  3.29425e-17
      6726.60  3.16452e-16  3.16452e-17
      6729.47  3.24806e-16  3.24806e-17
      6732.33  3.37743e-16  3.37743e-17
      6735.20  3.24889e-16  3.24889e-17
      6738.06  3.22786e-16  3.22786e-17
      6740.93  3.24524e-16  3.24524e-17
      6743.79  3.06127e-16  3.06127e-17
      6746.66  3.26671e-16  3.26671e-17
      6749.52  3.29723e-16  3.29723e-17
      6752.38  2.95348e-16  2.95348e-17
      6755.25  2.92029e-16  2.92029e-17
      6758.11  3.05585e-16  3.05585e-17
      6760.98  2.95837e-16  2.95837e-17
      6763.84  2.90770e-16  2.90770e-17
      6766.71  2.93455e-16  2.93455e-17
      6769.57  2.93466e-16  2.93466e-17
      6772.44  3.14935e-16  3.14935e-17
      6775.30  3.09401e-16  3.09401e-17
      6778.17  2.76838e-16  2.76838e-17
      6781.03  3.10238e-16  3.10238e-17
      6783.90  2.78645e-16  2.78645e-17
      6786.76  2.80312e-16  2.80312e-17
      6789.63  2.99303e-16  2.99303e-17
      6792.49  3.04716e-16  3.04716e-17
      6795.36  3.05460e-16  3.05460e-17
      6798.22  2.85157e-16  2.85157e-17
      6801.09  3.18510e-16  3.18510e-17
      6803.95  3.03048e-16  3.03048e-17
      6806.82  3.04683e-16  3.04683e-17
      6809.68  3.04514e-16  3.04514e-17
      6812.55  3.10839e-16  3.10839e-17
      6815.41  3.01384e-16  3.01384e-17
      6818.28  3.16639e-16  3.16639e-17
      6821.14  3.16034e-16  3.16034e-17
      6824.01  3.03457e-16  3.03457e-17
      6826.87  3.22344e-16  3.22344e-17
      6829.74  3.27269e-16  3.27269e-17
      6832.60  3.16469e-16  3.16469e-17
      6835.47  3.03728e-16  3.03728e-17
      6838.33  3.21776e-16  3.21776e-17
      6841.20  2.98002e-16  2.98002e-17
      6844.06  3.08597e-16  3.08597e-17
      6846.93  3.06097e-16  3.06097e-17
      6849.79  2.79906e-16  2.79906e-17
      6852.66  2.89384e-16  2.89384e-17
      6855.52  3.05351e-16  3.05351e-17
      6858.39  2.86827e-16  2.86826e-17
      6861.25  2.87698e-16  2.87698e-17
      6864.12  2.95946e-16  2.95946e-17
      6866.98  2.91171e-16  2.91171e-17
      6869.85  3.06209e-16  3.06209e-17
      6872.71  2.89676e-16  2.89676e-17
      6875.58  2.77060e-16  2.77060e-17
      6878.44  2.91578e-16  2.91578e-17
      6881.31  2.77284e-16  2.77284e-17
      6884.17  2.89467e-16  2.89467e-17
      6887.04  2.77035e-16  2.77035e-17
      6889.90  2.41168e-16  2.41168e-17
      6892.76  2.74165e-16  2.74165e-17
      6895.63  2.48694e-16  2.48694e-17
      6898.49  2.53372e-16  2.53372e-17
      6901.36  2.56011e-16  2.56011e-17
      6904.22  2.73288e-16  2.73288e-17
      6907.09  2.49741e-16  2.49741e-17
      6909.95  2.46010e-16  2.46010e-17
      6912.82  2.46956e-16  2.46956e-17
      6915.68  2.35585e-16  2.35585e-17
      6918.55  2.58112e-16  2.58112e-17
      6921.41  2.63845e-16  2.63845e-17
      6924.28  2.35372e-16  2.35372e-17
      6927.14  2.36522e-16  2.36522e-17
      6930.01  2.36413e-16  2.36413e-17
      6932.87  2.25223e-16  2.25223e-17
      6935.74  2.43164e-16  2.43164e-17
      6938.60  2.35633e-16  2.35633e-17
      6941.47  2.60204e-16  2.60205e-17
      6944.33  2.46116e-16  2.46116e-17
      6947.20  2.36594e-16  2.36594e-17
      6950.06  2.35946e-16  2.35946e-17
      6952.93  2.43556e-16  2.43556e-17
      6955.79  2.55424e-16  2.55424e-17
      6958.66  2.38211e-16  2.38211e-17
      6961.52  2.37942e-16  2.37942e-17
      6964.39  2.38063e-16  2.38063e-17
      6967.25  2.40352e-16  2.40352e-17
      6970.12  2.71893e-16  2.71893e-17
      6972.98  2.37892e-16  2.37892e-17
      6975.85  2.23255e-16  2.23255e-17
      6978.71  2.29917e-16  2.29917e-17
      6981.58  2.27086e-16  2.27086e-17
      6984.44  2.35125e-16  2.35125e-17
      6987.31  2.46361e-16  2.46361e-17
      6990.17  2.44537e-16  2.44537e-17
      6993.04  2.54667e-16  2.54667e-17
      6995.90  2.38595e-16  2.38595e-17
      6998.77  2.45456e-16  2.45456e-17
      7001.63  2.59845e-16  2.59845e-17
      7004.50  2.43402e-16  2.43402e-17
      7007.36  2.34678e-16  2.34678e-17
      7010.23  2.54006e-16  2.54006e-17
      7013.09  2.41109e-16  2.41109e-17
      7015.96  2.42138e-16  2.42138e-17
      7018.82  2.48696e-16  2.48696e-17
      7021.69  2.55166e-16  2.55166e-17
      7024.55  2.54264e-16  2.54264e-17
      7027.42  2.56991e-16  2.56991e-17
      7030.28  2.75188e-16  2.75188e-17
      7033.15  2.58128e-16  2.58128e-17
      7036.01  2.53110e-16  2.53110e-17
      7038.87  2.66297e-16  2.66297e-17
      7041.74  2.63298e-16  2.63298e-17
      7044.60  2.69643e-16  2.69643e-17
      7047.47  2.71275e-16  2.71275e-17
      7050.33  2.68712e-16  2.68712e-17
      7053.20  2.81871e-16  2.81871e-17
      7056.06  2.54838e-16  2.54838e-17
      7058.93  2.61254e-16  2.61254e-17
      7061.79  2.65616e-16  2.65616e-17
      7064.66  2.62262e-16  2.62262e-17
      7067.52  2.58278e-16  2.58278e-17
      7070.39  2.72046e-16  2.72046e-17
      7073.25  2.80290e-16  2.80289e-17
      7076.12  2.54971e-16  2.54971e-17
      7078.98  2.44914e-16  2.44914e-17
      7081.85  2.67472e-16  2.67472e-17
      7084.71  2.52688e-16  2.52687e-17
      7087.58  2.60664e-16  2.60664e-17
      7090.44  2.44720e-16  2.44720e-17
      7093.31  2.44759e-16  2.44759e-17
      7096.17  2.51154e-16  2.51154e-17
      7099.04  2.71146e-16  2.71146e-17
      7101.90  2.67399e-16  2.67399e-17
      7104.77  2.54013e-16  2.54013e-17
      7107.63  2.38154e-16  2.38154e-17
      7110.50  2.42184e-16  2.42184e-17
      7113.36  2.31304e-16  2.31304e-17
      7116.23  2.32113e-16  2.32113e-17
      7119.09  2.43442e-16  2.43442e-17
      7121.96  2.34443e-16  2.34443e-17
      7124.82  2.24557e-16  2.24557e-17
      7127.69  2.25620e-16  2.25620e-17
      7130.55  2.23405e-16  2.23406e-17
      7133.42  2.30036e-16  2.30036e-17
      7136.28  2.35385e-16  2.35385e-17
      7139.15  2.17402e-16  2.17402e-17
      7142.01  2.02819e-16  2.02819e-17
      7144.88  2.14327e-16  2.14327e-17
      7147.74  2.17435e-16  2.17435e-17
      7150.61  2.19576e-16  2.19576e-17
      7153.47  2.24607e-16  2.24607e-17
      7156.34  2.19704e-16  2.19704e-17
      7159.20  2.12535e-16  2.12535e-17
      7162.07  2.11323e-16  2.11323e-17
      7164.93  2.13490e-16  2.13490e-17
      7167.79  2.21125e-16  2.21125e-17
      7170.66  1.90153e-16  1.90153e-17
      7173.52  2.05342e-16  2.05342e-17
      7176.39  2.01915e-16  2.01915e-17
      7179.25  2.13373e-16  2.13373e-17
      7182.12  2.16238e-16  2.16238e-17
      7184.98  2.10110e-16  2.10110e-17
      7187.85  2.11230e-16  2.11230e-17
      7190.71  2.13966e-16  2.13966e-17
      7193.58  1.88699e-16  1.88699e-17
      7196.44  1.89268e-16  1.89268e-17
      7199.31  2.00401e-16  2.00401e-17
      7202.17  1.82360e-16  1.82360e-17
      7205.04  1.88223e-16  1.88223e-17
      7207.90  2.01953e-16  2.01953e-17
      7210.77  2.02529e-16  2.02529e-17
      7213.63  1.95620e-16  1.95620e-17
      7216.50  1.88581e-16  1.88581e-17
      7219.36  1.91384e-16  1.91384e-17
      7222.23  1.86872e-16  1.86872e-17
      7225.09  1.93130e-16  1.93130e-17
      7227.96  2.12634e-16  2.12634e-17
      7230.82  1.75992e-16  1.75992e-17
      7233.69  1.97853e-16  1.97853e-17
      7236.55  1.99203e-16  1.99203e-17
      7239.42  1.87308e-16  1.87308e-17
      7242.28  2.07574e-16  2.07574e-17
      7245.15  1.79151e-16  1.79151e-17
      7248.01  1.63594e-16  1.63594e-17
      7250.88  1.59145e-16  1.59145e-17
      7253.74  1.67070e-16  1.67070e-17
      7256.61  1.74015e-16  1.74015e-17
      7259.47  1.78494e-16  1.78494e-17
      7262.34  1.83522e-16  1.83522e-17
      7265.20  2.04422e-16  2.04422e-17
      7268.07  2.14489e-16  2.14489e-17
      7270.93  2.00085e-16  2.00085e-17
      7273.80  1.74462e-16  1.74462e-17
      7276.66  1.69293e-16  1.69293e-17
      7279.53  1.93773e-16  1.93773e-17
      7282.39  1.98233e-16  1.98233e-17
      7285.26  1.94019e-16  1.94019e-17
      7288.12  1.89355e-16  1.89355e-17
      7290.99  2.16077e-16  2.16077e-17
      7293.85  2.05931e-16  2.05931e-17
      7296.72  2.12440e-16  2.12440e-17
      7299.58  1.97667e-16  1.97667e-17
      7302.45  2.22975e-16  2.22975e-17
      7305.31  2.13003e-16  2.13002e-17
      7308.17  2.08824e-16  2.08824e-17
      7311.04  1.97501e-16  1.97501e-17
      7313.90  2.33294e-16  2.33294e-17
      7316.77  2.17033e-16  2.17033e-17
      7319.63  1.92525e-16  1.92525e-17
      7322.50  2.27259e-16  2.27259e-17
      7325.36  2.41439e-16  2.41439e-17
      7328.23  2.22544e-16  2.22544e-17
      7331.09  2.22415e-16  2.22415e-17
      7333.96  2.28558e-16  2.28558e-17
      7336.82  2.18043e-16  2.18043e-17
      7339.69  2.25706e-16  2.25706e-17
      7342.55  2.19671e-16  2.19671e-17
      7345.42  2.34302e-16  2.34302e-17
      7348.28  2.00098e-16  2.00098e-17
      7351.15  2.15946e-16  2.15946e-17
      7354.01  2.09767e-16  2.09767e-17
      7356.88  2.54111e-16  2.54111e-17
      7359.74  2.23021e-16  2.23021e-17
      7362.61  2.24300e-16  2.24300e-17
      7365.47  2.43229e-16  2.43229e-17
      7368.34  2.26824e-16  2.26824e-17
      7371.20  2.16652e-16  2.16652e-17
      7374.07  2.36823e-16  2.36823e-17
      7376.93  2.39846e-16  2.39846e-17
      7379.80  2.26622e-16  2.26622e-17
      7382.66  2.22436e-16  2.22436e-17
      7385.53  2.36546e-16  2.36546e-17
      7388.39  2.36946e-16  2.36946e-17
      7391.26  2.15331e-16  2.15331e-17
      7394.12  2.18186e-16  2.18186e-17
      7396.99  2.25833e-16  2.25833e-17
      7399.85  2.26365e-16  2.26365e-17
      7402.72  2.18926e-16  2.18926e-17
      7405.58  2.58048e-16  2.58048e-17
      7408.45  2.38199e-16  2.38199e-17
      7411.31  2.31338e-16  2.31338e-17
      7414.18  1.87937e-16  1.87937e-17
      7417.04  2.07508e-16  2.07508e-17
      7419.91  2.19447e-16  2.19447e-17
      7422.77  2.25849e-16  2.25849e-17
      7425.64  2.34030e-16  2.34030e-17
      7428.50  2.04659e-16  2.04659e-17
      7431.37  2.29956e-16  2.29956e-17
      7434.23  2.13132e-16  2.13132e-17
      7437.10  2.03619e-16  2.03619e-17
      7439.96  2.24583e-16  2.24583e-17
      7442.83  2.17442e-16  2.17442e-17
      7445.69  2.04431e-16  2.04431e-17
      7448.56  2.16112e-16  2.16112e-17
      7451.42  2.14665e-16  2.14665e-17
      7454.28  2.16579e-16  2.16578e-17
      7457.15  2.01638e-16  2.01638e-17
      7460.01  2.07125e-16  2.07125e-17
      7462.88  2.10638e-16  2.10638e-17
      7465.74  2.23968e-16  2.23968e-17
      7468.61  2.10215e-16  2.10215e-17
      7471.47  2.14409e-16  2.14409e-17
      7474.34  2.17023e-16  2.17024e-17
      7477.20  2.15082e-16  2.15082e-17
      7480.07  2.00915e-16  2.00915e-17
      7482.93  2.11110e-16  2.11110e-17
      7485.80  2.15623e-16  2.15623e-17
      7488.66  1.89787e-16  1.89787e-17
      7491.53  1.99742e-16  1.99742e-17
      7494.39  2.01180e-16  2.01180e-17
      7497.26  1.71539e-16  1.71539e-17
      7500.12  1.54064e-16  1.54064e-17
      7502.99  1.61403e-16  1.61403e-17
      7505.85  1.58450e-16  1.58450e-17
      7508.72  1.63543e-16  1.63543e-17
      7511.58  1.72856e-16  1.72856e-17
      7514.45  1.48323e-16  1.48323e-17
      7517.31  1.30144e-16  1.30144e-17
      7520.18  1.23480e-16  1.23480e-17
      7523.04  1.48649e-16  1.48649e-17
      7525.91  1.30025e-16  1.30025e-17
      7528.77  1.04445e-16  1.04445e-17
      7531.64  1.46280e-16  1.46280e-17
      7534.50  1.16838e-16  1.16838e-17
      7537.37  1.02434e-16  1.02434e-17
      7540.23  9.78697e-17  9.78697e-18
      7543.10  7.84141e-17  7.84141e-18
      7545.96  9.81124e-17  9.81124e-18
      7548.83  8.51286e-17  8.51286e-18
      7551.69  7.16731e-17  7.16731e-18
      7554.56  1.06549e-16  1.06549e-17
      7557.42  8.10413e-17  8.10413e-18
      7560.29  6.51549e-17  6.51549e-18
      7563.15  6.89944e-17  6.89944e-18
      7566.02  7.82177e-17  7.82177e-18
      7568.88  7.41513e-17  7.41513e-18
      7571.75  6.63844e-17  6.63844e-18
      7574.61  7.23668e-17  7.23668e-18
      7577.48  6.38651e-17  6.38651e-18
      7580.34  6.54201e-17  6.54201e-18
      7583.21  6.51737e-17  6.51737e-18
      7586.07  6.52146e-17  6.52146e-18
      7588.94  6.57331e-17  6.57331e-18
      7591.80  4.57073e-17  4.57073e-18
      7594.66  6.76405e-17  6.76405e-18
      7597.53  4.06587e-17  4.06587e-18
      7600.39  3.81496e-17  3.81496e-18
      7603.26  9.51402e-17  9.51402e-18
      7606.12  8.26069e-17  8.26069e-18
      7608.99  3.63236e-17  3.63236e-18
      7611.85  3.47119e-17  3.47119e-18
      7614.72  1.04018e-16  1.04018e-17
      7617.58  6.66485e-17  6.66485e-18
      7620.45  6.19636e-17  6.19636e-18
      7623.31  6.91302e-17  6.91302e-18
      7626.18  8.69229e-17  8.69229e-18
      7629.04  8.59236e-17  8.59236e-18
      7631.91  4.20290e-17  4.20290e-18
      7634.77  7.99230e-17  7.99230e-18
      7637.64  9.40218e-17  9.40218e-18
      7640.50  7.39360e-17  7.39360e-18
      7643.37  5.52290e-17  5.52290e-18
      7646.23  7.18987e-17  7.18987e-18
      7649.10  1.07553e-16  1.07553e-17
      7651.96  9.35376e-17  9.35376e-18
      7654.83  6.54308e-17  6.54308e-18
      7657.69  8.89327e-17  8.89327e-18
      7660.56  1.04294e-16  1.04294e-17
      7663.42  1.02793e-16  1.02793e-17
      7666.29  1.14260e-16  1.14260e-17
      7669.15  9.98202e-17  9.98202e-18
      7672.02  1.17543e-16  1.17543e-17
      7674.88  1.31528e-16  1.31528e-17
      7677.75  1.36727e-16  1.36727e-17
      7680.61  1.36014e-16  1.36014e-17
      7683.48  1.44706e-16  1.44706e-17
      7686.34  1.52088e-16  1.52089e-17
      7689.21  1.50449e-16  1.50449e-17
      7692.07  1.53745e-16  1.53745e-17
      7694.94  1.73695e-16  1.73695e-17
      7697.80  1.98069e-16  1.98069e-17
      7700.67  1.97239e-16  1.97239e-17
      7703.53  1.65678e-16  1.65678e-17
      7706.40  1.70783e-16  1.70783e-17
      7709.26  2.11300e-16  2.11300e-17
      7712.13  1.98788e-16  1.98788e-17
      7714.99  1.94981e-16  1.94981e-17
      7717.86  1.93724e-16  1.93724e-17
      7720.72  2.23944e-16  2.23944e-17
      7723.58  2.19328e-16  2.19328e-17
      7726.45  2.34472e-16  2.34472e-17
      7729.31  2.54562e-16  2.54562e-17
      7732.18  2.14853e-16  2.14853e-17
      7735.04  2.36478e-16  2.36478e-17
      7737.91  2.68583e-16  2.68583e-17
      7740.77  2.54817e-16  2.54817e-17
      7743.64  2.50871e-16  2.50871e-17
      7746.50  2.58017e-16  2.58017e-17
      7749.37  2.65861e-16  2.65861e-17
      7752.23  2.36179e-16  2.36179e-17
      7755.10  2.59897e-16  2.59897e-17
      7757.96  3.18760e-16  3.18760e-17
      7760.83  2.86293e-16  2.86293e-17
      7763.69  2.89264e-16  2.89264e-17
      7766.56  2.95415e-16  2.95415e-17
      7769.42  3.12114e-16  3.12114e-17
      7772.29  3.34056e-16  3.34056e-17
      7775.15  3.18508e-16  3.18508e-17
      7778.02  2.89109e-16  2.89109e-17
      7780.88  2.78674e-16  2.78674e-17
      7783.75  2.74094e-16  2.74094e-17
      7786.61  2.80342e-16  2.80342e-17
      7789.48  2.95007e-16  2.95007e-17
      7792.34  2.96106e-16  2.96106e-17
      7795.21  2.84764e-16  2.84764e-17
      7798.07  3.06369e-16  3.06369e-17
      7800.94  3.13527e-16  3.13527e-17
      7803.80  3.08744e-16  3.08744e-17
      7806.67  2.75360e-16  2.75360e-17
      7809.53  3.25945e-16  3.25945e-17
      7812.40  2.98696e-16  2.98696e-17
      7815.26  3.20219e-16  3.20219e-17
      7818.13  3.13803e-16  3.13803e-17
      7820.99  3.12913e-16  3.12913e-17
      7823.86  2.91915e-16  2.91915e-17
      7826.72  3.13563e-16  3.13563e-17
      7829.59  3.20699e-16  3.20699e-17
      7832.45  2.69249e-16  2.69249e-17
      7835.32  3.06833e-16  3.06833e-17
      7838.18  3.11965e-16  3.11965e-17
      7841.05  3.01460e-16  3.01460e-17
      7843.91  3.05655e-16  3.05655e-17
      7846.78  3.31527e-16  3.31527e-17
      7849.64  2.83530e-16  2.83530e-17
      7852.51  2.76781e-16  2.76781e-17
      7855.37  2.89161e-16  2.89161e-17
      7858.24  3.18549e-16  3.18549e-17
      7861.10  3.09315e-16  3.09315e-17
      7863.97  3.05359e-16  3.05359e-17
      7866.83  3.01562e-16  3.01562e-17
      7869.69  2.89199e-16  2.89199e-17
      7872.56  3.24696e-16  3.24696e-17
      7875.42  3.37218e-16  3.37218e-17
      7878.29  2.97785e-16  2.97785e-17
      7881.15  3.16338e-16  3.16338e-17
      7884.02  3.44905e-16  3.44905e-17
      7886.88  3.40345e-16  3.40345e-17
      7889.75  2.84328e-16  2.84329e-17
      7892.61  2.96154e-16  2.96154e-17
      7895.48  2.84316e-16  2.84316e-17
      7898.34  2.92001e-16  2.92001e-17
      7901.21  3.07902e-16  3.07902e-17
      7904.07  2.92939e-16  2.92939e-17
      7906.94  3.00846e-16  3.00846e-17
      7909.80  3.15536e-16  3.15536e-17
      7912.67  2.93815e-16  2.93815e-17
      7915.53  2.83602e-16  2.83602e-17
      7918.40  2.87196e-16  2.87196e-17
      7921.26  2.85361e-16  2.85361e-17
      7924.13  2.88702e-16  2.88702e-17
      7926.99  2.69900e-16  2.69900e-17
      7929.86  2.31321e-16  2.31321e-17
      7932.72  2.32435e-16  2.32435e-17
      7935.59  2.57408e-16  2.57408e-17
      7938.45  2.21270e-16  2.21270e-17
      7941.32  2.22922e-16  2.22922e-17
      7944.18  2.20713e-16  2.20713e-17
      7947.05  2.11159e-16  2.11159e-17
      7949.91  2.35253e-16  2.35253e-17
      7952.78  2.29096e-16  2.29096e-17
      7955.64  2.31361e-16  2.31361e-17
      7958.51  2.13329e-16  2.13329e-17
      7961.37  1.83979e-16  1.83979e-17
      7964.24  2.26453e-16  2.26453e-17
      7967.10  1.73694e-16  1.73694e-17
      7969.97  1.91214e-16  1.91214e-17
      7972.83  1.71241e-16  1.71241e-17
      7975.70  1.87941e-16  1.87941e-17
      7978.56  1.76476e-16  1.76476e-17
      7981.43  1.51310e-16  1.51310e-17
      7984.29  1.56647e-16  1.56647e-17
      7987.16  1.59333e-16  1.59333e-17
      7990.02  1.43202e-16  1.43202e-17
      7992.89  1.52833e-16  1.52833e-17
      7995.75  1.65558e-16  1.65558e-17
      7998.62  1.51233e-16  1.51233e-17
      8001.48  1.43875e-16  1.43875e-17
      8004.35  1.78944e-16  1.78944e-17
      8007.21  1.14457e-16  1.14457e-17
      8010.07  1.40225e-16  1.40225e-17
      8012.94  1.23007e-16  1.23007e-17
      8015.80  1.57821e-16  1.57821e-17
      8018.67  1.26932e-16  1.26932e-17
      8021.53  1.02938e-16  1.02938e-17
      8024.40  1.23372e-16  1.23372e-17
      8027.26  9.45645e-17  9.45645e-18
      8030.13  1.02772e-16  1.02772e-17
      8032.99  1.01885e-16  1.01885e-17
      8035.86  1.08523e-16  1.08523e-17
      8038.72  8.22754e-17  8.22754e-18
      8041.59  7.93747e-17  7.93747e-18
      8044.45  1.00664e-16  1.00664e-17
      8047.32  7.48123e-17  7.48123e-18
      8050.18  6.82784e-17  6.82784e-18
      8053.05  6.95466e-17  6.95466e-18
      8055.91  6.55162e-17  6.55162e-18
      8058.78  6.73155e-17  6.73155e-18
      8061.64  6.09006e-17  6.09007e-18
      8064.51  4.02693e-17  4.02693e-18
      8067.37  4.00994e-17  4.00994e-18
      8070.24  5.93119e-17  5.93119e-18
      8073.10  6.78113e-17  6.78113e-18
      8075.97  5.05600e-17  5.05600e-18
      8078.83  4.54198e-17  4.54198e-18
      8081.70  2.97666e-17  2.97666e-18
      8084.56  3.85827e-17  3.85827e-18
      8087.43  5.96152e-17  5.96152e-18
      8090.29  5.02234e-17  5.02234e-18
      8093.16  4.94496e-17  4.94496e-18
      8096.02  5.00875e-17  5.00875e-18
      8098.89  5.10452e-17  5.10452e-18
      8101.75  2.66007e-17  2.66007e-18
      8104.62  2.08976e-17  2.08976e-18
      8107.48  4.26557e-17  4.26557e-18
      8110.35  3.44824e-17  3.44824e-18
      8113.21  3.81003e-17  3.81003e-18
      8116.08  1.10538e-17  1.10538e-18
      8118.94  2.05519e-17  2.05519e-18
      8121.81  2.48671e-17  2.48671e-18
      8124.67  2.60639e-17  2.60639e-18
      8127.54  3.89763e-17  3.89763e-18
      8130.40  4.62167e-17  4.62167e-18
      8133.27  3.18780e-17  3.18780e-18
      8136.13  1.19144e-17  1.19144e-18
      8139.00  2.26478e-17  2.26478e-18
      8141.86  5.43791e-18  5.43791e-19
      8144.73  2.32970e-17  2.32970e-18
      8147.59  3.41143e-17  3.41143e-18
      8150.46  3.54338e-17  3.54338e-18
      8153.32  3.50257e-17  3.50257e-18
      8156.18  2.17867e-17  2.17868e-18
      8159.05  2.08199e-17  2.08199e-18
      8161.91  2.68367e-17  2.68367e-18
      8164.78  2.99998e-17  2.99998e-18
      8167.64  3.37594e-17  3.37594e-18
      8170.51  2.42898e-17  2.42898e-18
      8173.37  1.27431e-17  1.27431e-18
      8176.24  3.30564e-17  3.30564e-18
      8179.10  2.71648e-17  2.71648e-18
      8181.97  3.74688e-17  3.74688e-18
      8184.83  2.73071e-17  2.73071e-18
      8187.70  4.28218e-17  4.28218e-18
      8190.56  3.11445e-17  3.11445e-18
      8193.43  2.44815e-17  2.44815e-18
      8196.29  2.24931e-17  2.24931e-18
      8199.16  2.32715e-17  2.32715e-18
      8202.02  5.14012e-17  5.14012e-18
      8204.89  4.28978e-17  4.28978e-18
      8207.75  2.49172e-17  2.49172e-18
      8210.62  4.62415e-17  4.62415e-18
      8213.48  3.02555e-17  3.02555e-18
      8216.35  3.12247e-17  3.12247e-18
      8219.21  5.48139e-17  5.48139e-18
      8222.08  4.91310e-17  4.91310e-18
      8224.94  1.83337e-17  1.83337e-18
      8227.81  4.24337e-17  4.24337e-18
      8230.67  4.99892e-17  4.99892e-18
      8233.54  2.06744e-17  2.06744e-18
      8236.40  1.10801e-17  1.10801e-18
      8239.27  1.85890e-17  1.85890e-18
      8242.13  1.18367e-18  1.18367e-19
      8245.00  3.92014e-17  3.92014e-18
      8247.86  1.50662e-17  1.50662e-18
      8250.73  4.16584e-18  4.16584e-19
      8253.59  3.13729e-17  3.13729e-18
      8256.46  1.94007e-17  1.94007e-18
      8259.32  6.67587e-18  6.67587e-19
      8262.19  2.11464e-17  2.11464e-18
      8265.05  2.38181e-17  2.38181e-18
      8267.92  2.29042e-17  2.29042e-18
      8270.78  2.55269e-17  2.55269e-18
      8273.65  1.97435e-17  1.97435e-18
      8276.51  4.41093e-17  4.41093e-18
      8279.38  8.25735e-18  8.25735e-19
      8282.24  2.80488e-17  2.80488e-18
      8285.11  4.63121e-17  4.63121e-18
      8287.97  4.18380e-17  4.18380e-18
      8290.83  1.42023e-17  1.42023e-18
      8293.70  1.82950e-17  1.82950e-18
      8296.56  2.46570e-17  2.46570e-18
      8299.43  7.76101e-18  7.76101e-19
      8302.29  2.80982e-17  2.80982e-18
      8305.16  4.27705e-17  4.27705e-18
      8308.02  2.36504e-17  2.36504e-18
      8310.89  8.32444e-18  8.32444e-19
      8313.75  3.62917e-17  3.62917e-18
      8316.62  6.07681e-17  6.07681e-18
      8319.48  4.66022e-17  4.66022e-18
      8322.35  2.33863e-17  2.33864e-18
      8325.21  2.15169e-17  2.15169e-18
      8328.08  4.24804e-17  4.24804e-18
      8330.94  3.47959e-17  3.47959e-18
      8333.81  1.94782e-17  1.94782e-18
      8336.67  2.87576e-17  2.87576e-18
      8339.54  2.55559e-17  2.55559e-18
      8342.40  3.21818e-17  3.21818e-18
      8345.27  4.62924e-17  4.62924e-18
      8348.13  7.27011e-17  7.27011e-18
      8351.00  5.41000e-17  5.41000e-18
      8353.86  2.34103e-17  2.34103e-18
      8356.73  4.47357e-17  4.47357e-18
      8359.59  3.82514e-17  3.82514e-18
      8362.46  3.58478e-17  3.58478e-18
      8365.32  1.97962e-17  1.97962e-18
      8368.19  2.47612e-17  2.47612e-18
      8371.05  3.14140e-17  3.14140e-18
      8373.92  4.56004e-17  4.56004e-18
      8376.78  4.28628e-17  4.28628e-18
      8379.65  3.63197e-17  3.63197e-18
      8382.51  4.40668e-17  4.40668e-18
      8385.38  3.97414e-17  3.97414e-18
      8388.24  3.21582e-17  3.21582e-18
      8391.11  4.69101e-17  4.69101e-18
      8393.97  9.20758e-17  9.20758e-18
      8396.84  5.80080e-17  5.80080e-18
      8399.70  1.83436e-17  1.83436e-18
      8402.57  5.57665e-17  5.57665e-18
      8405.43  9.58003e-17  9.58003e-18
      8408.30  5.82982e-17  5.82982e-18
      8411.16  2.32633e-17  2.32633e-18
      8414.03  2.65178e-17  2.65178e-18
      8416.89  4.00385e-17  4.00385e-18
      8419.75  4.20219e-17  4.20219e-18
      8422.62  5.84654e-17  5.84654e-18
      8425.49  1.74087e-17  1.74087e-18
      8428.35  4.08825e-17  4.08825e-18
      8431.21  6.75465e-18  6.75465e-19
      8434.08  6.33887e-17  6.33887e-18
      8436.94  8.56905e-17  8.56905e-18
      8439.81  6.43135e-17  6.43135e-18
      8442.67  5.32090e-17  5.32090e-18
      8445.54  2.06182e-17  2.06182e-18
      8448.40  4.13139e-17  4.13139e-18
      8451.27  2.15686e-17  2.15686e-18
      8454.13  4.34310e-17  4.34310e-18
      8457.00  6.63176e-17  6.63176e-18
      8459.86  9.92057e-17  9.92057e-18
      8462.73  9.26781e-17  9.26781e-18
      8465.59  6.45463e-17  6.45463e-18
      8468.46  6.10978e-17  6.10978e-18
      8471.32  5.57815e-17  5.57815e-18
      8474.19  6.68980e-17  6.68980e-18
      8477.05  7.15754e-17  7.15754e-18
      8479.92  4.96817e-17  4.96817e-18
      8482.78  5.90581e-17  5.90581e-18
      8485.65  8.13895e-17  8.13895e-18
      8488.51  8.03406e-17  8.03406e-18
      8491.38  6.91759e-17  6.91759e-18
      8494.24  7.54761e-17  7.54761e-18
      8497.11  9.00050e-17  9.00050e-18
      8499.97  9.59410e-17  9.59410e-18
      8502.84  1.02475e-16  1.02475e-17
      8505.70  7.80013e-17  7.80013e-18
      8508.57  6.77309e-17  6.77309e-18
      8511.43  7.23100e-17  7.23100e-18
      8514.30  1.00393e-16  1.00393e-17
      8517.16  8.19663e-17  8.19663e-18
      8520.03  7.84714e-17  7.84714e-18
      8522.89  7.97369e-17  7.97369e-18
      8525.76  7.16022e-17  7.16022e-18
      8528.62  7.70665e-17  7.70665e-18
      8531.49  1.01440e-16  1.01440e-17
      8534.35  8.82967e-17  8.82967e-18
      8537.22  9.92056e-17  9.92056e-18
      8540.08  1.02424e-16  1.02424e-17
      8542.95  8.79099e-17  8.79099e-18
      8545.81  9.53091e-17  9.53091e-18
      8548.68  8.19754e-17  8.19754e-18
      8551.54  8.16213e-17  8.16213e-18
      8554.41  1.27944e-16  1.27944e-17
      8557.27  1.13537e-16  1.13537e-17
      8560.13  1.21560e-16  1.21560e-17
      8563.00  1.03065e-16  1.03065e-17
      8565.87  1.20585e-16  1.20585e-17
      8568.73  1.23707e-16  1.23707e-17
      8571.59  1.06723e-16  1.06723e-17
      8574.46  1.20158e-16  1.20158e-17
      8577.32  1.55217e-16  1.55217e-17
      8580.19  1.45966e-16  1.45966e-17
      8583.05  1.19814e-16  1.19814e-17
      8585.92  1.41890e-16  1.41889e-17
      8588.78  1.30373e-16  1.30373e-17
      8591.65  1.38372e-16  1.38372e-17
      8594.51  1.26706e-16  1.26706e-17
      8597.38  1.15742e-16  1.15742e-17
      8600.24  1.33409e-16  1.33409e-17
      8603.11  1.44939e-16  1.44939e-17
      8605.97  1.53085e-16  1.53085e-17
      8608.84  1.71252e-16  1.71252e-17
      8611.70  1.73542e-16  1.73542e-17
      8614.57  1.82064e-16  1.82064e-17
      8617.43  1.77685e-16  1.77685e-17
      8620.30  1.76332e-16  1.76332e-17
      8623.16  2.06638e-16  2.06638e-17
      8626.03  1.89523e-16  1.89523e-17
      8628.89  1.84973e-16  1.84973e-17
      8631.76  2.22721e-16  2.22721e-17
      8634.62  1.93688e-16  1.93688e-17
      8637.49  1.74001e-16  1.74001e-17
      8640.35  2.31002e-16  2.31002e-17
      8643.22  2.17237e-16  2.17237e-17
      8646.08  2.16532e-16  2.16532e-17
      8648.95  2.24320e-16  2.24320e-17
      8651.81  2.13502e-16  2.13502e-17
      8654.68  2.26766e-16  2.26766e-17
      8657.54  2.42526e-16  2.42526e-17
      8660.41  2.11737e-16  2.11737e-17
      8663.27  1.95928e-16  1.95928e-17
      8666.14  2.19808e-16  2.19808e-17
      8669.00  2.39591e-16  2.39591e-17
      8671.87  2.31456e-16  2.31456e-17
      8674.73  2.46785e-16  2.46785e-17
      8677.60  2.39621e-16  2.39621e-17
      8680.46  2.25619e-16  2.25619e-17
      8683.33  2.75372e-16  2.75372e-17
      8686.19  2.65859e-16  2.65859e-17
      8689.06  2.29050e-16  2.29050e-17
      8691.92  2.34408e-16  2.34408e-17
      8694.79  2.53820e-16  2.53820e-17
      8697.65  2.55399e-16  2.55399e-17
      8700.52  2.71033e-16  2.71033e-17
      8703.38  2.64796e-16  2.64796e-17
      8706.25  2.43733e-16  2.43733e-17
      8709.11  2.64569e-16  2.64569e-17
      8711.97  2.67073e-16  2.67073e-17
      8714.84  2.69892e-16  2.69892e-17
      8717.70  2.68309e-16  2.68309e-17
      8720.57  2.68220e-16  2.68220e-17
      8723.43  2.59349e-16  2.59349e-17
      8726.30  2.63927e-16  2.63927e-17
      8729.16  2.73499e-16  2.73499e-17
      8732.03  2.84759e-16  2.84759e-17
      8734.89  2.99274e-16  2.99274e-17
      8737.76  2.83489e-16  2.83489e-17
      8740.62  2.71746e-16  2.71746e-17
      8743.49  2.86138e-16  2.86138e-17
      8746.35  2.82142e-16  2.82142e-17
      8749.22  2.84431e-16  2.84431e-17
      8752.08  2.83774e-16  2.83774e-17
      8754.95  2.68250e-16  2.68250e-17
      8757.81  2.70042e-16  2.70042e-17
      8760.68  2.39442e-16  2.39442e-17
      8763.54  2.41306e-16  2.41306e-17
      8766.41  2.03246e-16  2.03246e-17
      8769.27  2.65340e-16  2.65340e-17
      8772.14  2.78985e-16  2.78985e-17
      8775.00  2.52048e-16  2.52048e-17
      8777.87  2.58207e-16  2.58207e-17
      8780.73  2.28330e-16  2.28330e-17
      8783.60  2.19546e-16  2.19546e-17
      8786.46  2.22790e-16  2.22790e-17
      8789.33  2.20629e-16  2.20629e-17
      8792.19  2.33313e-16  2.33313e-17
      8795.06  2.03230e-16  2.03230e-17
      8797.92  2.16573e-16  2.16573e-17
      8800.79  2.40755e-16  2.40755e-17
      8803.65  2.33131e-16  2.33131e-17
      8806.52  2.52675e-16  2.52675e-17
      8809.38  2.40502e-16  2.40502e-17
      8812.25  2.12081e-16  2.12081e-17
      8815.11  2.13586e-16  2.13586e-17
      8817.98  2.29044e-16  2.29044e-17
      8820.84  2.37026e-16  2.37026e-17
      8823.71  2.23288e-16  2.23288e-17
      8826.57  1.88716e-16  1.88716e-17
      8829.44  1.68488e-16  1.68488e-17
      8832.30  1.97995e-16  1.97995e-17
      8835.17  1.63810e-16  1.63810e-17
      8838.03  1.85919e-16  1.85919e-17
      8840.90  1.94842e-16  1.94842e-17
      8843.76  1.68356e-16  1.68356e-17
      8846.62  1.71641e-16  1.71641e-17
      8849.49  1.98051e-16  1.98051e-17
      8852.35  1.88006e-16  1.88006e-17
      8855.22  2.08292e-16  2.08292e-17
      8858.08  1.98932e-16  1.98932e-17
      8860.95  1.86991e-16  1.86991e-17
      8863.81  2.29718e-16  2.29718e-17
      8866.68  2.58608e-16  2.58608e-17
      8869.54  2.34566e-16  2.34566e-17
      8872.41  2.08799e-16  2.08799e-17
      8875.27  2.15339e-16  2.15339e-17
      8878.14  2.24829e-16  2.24829e-17
      8881.00  2.43276e-16  2.43276e-17
      8883.87  2.58997e-16  2.58997e-17
      8886.73  2.31460e-16  2.31460e-17
      8889.60  2.30110e-16  2.30110e-17
      8892.46  2.48710e-16  2.48710e-17
      8895.33  2.28434e-16  2.28434e-17
      8898.19  2.20823e-16  2.20823e-17
      8901.06  1.87149e-16  1.87149e-17
      8903.92  2.79018e-16  2.79018e-17
      8906.79  2.78088e-16  2.78088e-17
      8909.65  2.43928e-16  2.43928e-17
      8912.52  2.66274e-16  2.66275e-17
      8915.38  2.52103e-16  2.52103e-17
      8918.25  2.28050e-16  2.28050e-17
      8921.11  2.54505e-16  2.54505e-17
      8923.98  2.06740e-16  2.06740e-17
      8926.84  2.40395e-16  2.40395e-17
      8929.71  2.69195e-16  2.69195e-17
      8932.57  2.43778e-16  2.43778e-17
      8935.44  2.60562e-16  2.60562e-17
      8938.30  2.84181e-16  2.84181e-17
      8941.17  2.37305e-16  2.37305e-17
      8944.03  2.62600e-16  2.62600e-17
      8946.90  2.31950e-16  2.31950e-17
      8949.76  2.60333e-16  2.60333e-17
      8952.63  2.95581e-16  2.95581e-17
      8955.49  2.35964e-16  2.35964e-17
      8958.36  1.96650e-16  1.96650e-17
      8961.22  2.63100e-16  2.63100e-17
      8964.09  1.87962e-16  1.87962e-17
      8966.95  1.97738e-16  1.97738e-17
      8969.82  2.14044e-16  2.14044e-17
      8972.68  2.39575e-16  2.39575e-17
      8975.54  2.60954e-16  2.60954e-17
      8978.41  2.73166e-16  2.73166e-17
      8981.28  2.47604e-16  2.47604e-17
      8984.14  1.95294e-16  1.95294e-17
      8987.00  1.97489e-16  1.97489e-17
      8989.87  2.06233e-16  2.06233e-17
      8992.73  1.75803e-16  1.75803e-17
      8995.60  1.35783e-16  1.35783e-17
      8998.46  1.51098e-16  1.51098e-17
      9001.33  2.18662e-16  2.18662e-17
      9004.19  2.44573e-16  2.44573e-17
      9007.06  1.83031e-16  1.83031e-17
      9009.92  1.98029e-16  1.98029e-17
      9012.79  1.86931e-16  1.86931e-17
      9015.65  1.73689e-16  1.73689e-17
      9018.52  2.10616e-16  2.10616e-17
      9021.38  2.39758e-16  2.39758e-17
      9024.25  2.12616e-16  2.12616e-17
      9027.11  2.28695e-16  2.28694e-17
      9029.98  1.90077e-16  1.90077e-17
      9032.84  1.93590e-16  1.93590e-17
      9035.71  2.18666e-16  2.18666e-17
      9038.57  2.08565e-16  2.08565e-17
      9041.44  1.73316e-16  1.73316e-17
      9044.30  1.71974e-16  1.71974e-17
      9047.17  1.96279e-16  1.96279e-17
      9050.03  2.12391e-16  2.12391e-17
      9052.90  1.86698e-16  1.86698e-17
      9055.76  1.39990e-16  1.39990e-17
      9058.63  1.72821e-16  1.72821e-17
      9061.49  1.95967e-16  1.95967e-17
      9064.36  1.74854e-16  1.74854e-17
      9067.22  1.78888e-16  1.78888e-17
      9070.09  1.40153e-16  1.40153e-17
      9072.95  1.41628e-16  1.41628e-17
      9075.82  1.32666e-16  1.32666e-17
      9078.68  1.18366e-16  1.18366e-17
      9081.55  1.00800e-16  1.00800e-17
      9084.41  1.34537e-16  1.34537e-17
      9087.28  1.30879e-16  1.30879e-17
      9090.14  1.09348e-16  1.09348e-17
      9093.01  1.33237e-16  1.33237e-17
      9095.87  1.62363e-16  1.62363e-17
      9098.74  1.44834e-16  1.44834e-17
      9101.60  1.10217e-16  1.10217e-17
      9104.47  1.29536e-16  1.29536e-17
      9107.33  1.54530e-16  1.54530e-17
      9110.20  1.18144e-16  1.18144e-17
      9113.06  1.65054e-16  1.65054e-17
      9115.93  1.81717e-16  1.81717e-17
      9118.79  1.40264e-16  1.40264e-17
      9121.66  1.14095e-16  1.14095e-17
      9124.52  1.04794e-16  1.04794e-17
      9127.38  1.22999e-16  1.22999e-17
      9130.25  1.68994e-16  1.68994e-17
      9133.11  1.62090e-16  1.62090e-17
      9135.98  1.42782e-16  1.42782e-17
      9138.84  1.44468e-16  1.44468e-17
      9141.71  1.47481e-16  1.47481e-17
      9144.57  1.50587e-16  1.50587e-17
      9147.44  1.53764e-16  1.53764e-17
      9150.30  1.57009e-16  1.57009e-17
      9153.17  1.60327e-16  1.60327e-17
      9156.03  1.63711e-16  1.63711e-17
      9158.90  1.67167e-16  1.67167e-17
      9161.76  1.70670e-16  1.70670e-17
      9164.63  1.74212e-16  1.74212e-17
      9167.49  1.77825e-16  1.77825e-17
      9170.36  1.81509e-16  1.81509e-17
