       3634.6365  8.34549e-18  1.80542e-17
       3640.1527  3.58814e-17  1.81365e-17
       3645.6690  3.45678e-17  1.78131e-17
       3651.1853  4.28828e-17  1.79699e-17
       3656.7016  5.99123e-17  1.76943e-17
       3662.2178 -2.48317e-18  1.65087e-17
       3667.7341  2.39298e-17  1.64697e-17
       3673.2504  6.34440e-17  1.66735e-17
       3678.7667  3.07242e-17  1.63129e-17
       3684.2829  4.64385e-17  1.62401e-17
       3689.7992  2.59606e-17  1.58488e-17
       3695.3155  2.84293e-17  1.52908e-17
       3700.8318  3.56196e-17  1.56591e-17
       3706.3480  7.25525e-18  1.49819e-17
       3711.8643  2.46555e-17  1.46908e-17
       3717.3806  4.42267e-17  1.48653e-17
       3722.8969 -1.44396e-17  1.43769e-17
       3728.4131  2.92782e-17  1.46850e-17
       3733.9294  1.27739e-17  1.43683e-17
       3739.4457  1.43780e-17  1.41256e-17
       3744.9620  6.05030e-18  1.37910e-17
       3750.4782  1.74064e-17  1.33798e-17
       3755.9945  2.16044e-17  1.33229e-17
       3761.5108  2.39751e-17  1.33770e-17
       3767.0271  1.86525e-17  1.30275e-17
       3772.5433  1.95260e-17  1.30312e-17
       3778.0596  3.09090e-17  1.29082e-17
       3783.5759  2.21979e-17  1.27199e-17
       3789.0922  1.11231e-17  1.25202e-17
       3794.6084  5.52038e-17  1.25776e-17
       3800.1247 -7.20356e-18  1.19292e-17
       3805.6410  2.45058e-17  1.19451e-17
       3811.1573  3.61224e-17  1.22745e-17
       3816.6735  6.71293e-18  1.17978e-17
       3822.1898  3.56306e-17  1.21524e-17
       3827.7061  4.76022e-17  1.21424e-17
       3833.2224  6.72770e-17  1.21117e-17
       3838.7386  4.15285e-17  1.18266e-17
       3844.2549  4.36248e-17  1.17343e-17
       3849.7712  4.65396e-17  1.16257e-17
       3855.2875  2.15516e-17  1.11134e-17
       3860.8037  6.75253e-17  1.14633e-17
       3866.3200  4.94494e-17  1.13411e-17
       3871.8363  3.69246e-17  1.10165e-17
       3877.3526  6.89113e-17  1.11514e-17
       3882.8688  8.72091e-17  1.13020e-17
       3888.3851  9.42049e-17  1.14191e-17
       3893.9014  7.59582e-17  1.10734e-17
       3899.4177  7.79422e-17  1.12382e-17
       3904.9339  1.13801e-16  1.16811e-17
       3910.4502  1.06456e-16  1.14280e-17
       3915.9665  9.57183e-17  1.14296e-17
       3921.4828  1.24464e-16  1.13010e-17
       3926.9990  1.20440e-16  1.11927e-17
       3932.5153  1.10390e-16  1.10607e-17
       3938.0316  1.06423e-16  1.10593e-17
       3943.5479  1.29899e-16  1.11892e-17
       3949.0641  1.17526e-16  1.11006e-17
       3954.5804  1.04920e-16  1.08616e-17
       3960.0967  7.91754e-17  1.05047e-17
       3965.6130  1.09237e-16  1.07182e-17
       3971.1292  1.22499e-16  1.08014e-17
       3976.6455  1.27860e-16  1.07312e-17
       3982.1618  1.04818e-16  1.06467e-17
       3987.6781  9.10809e-17  1.05163e-17
       3993.1943  6.61015e-17  1.00760e-17
       3998.7106  7.39048e-17  1.01025e-17
       4004.2269  9.27130e-17  1.03442e-17
       4009.7432  9.68037e-17  1.02347e-17
       4015.2594  8.75561e-17  1.02273e-17
       4020.7757  1.12280e-16  1.03723e-17
       4026.2920  8.64429e-17  1.01761e-17
       4031.8083  8.24773e-17  9.86848e-18
       4037.3245  8.37188e-17  9.95061e-18
       4042.8408  1.05097e-16  1.02404e-17
       4048.3571  1.05989e-16  1.00735e-17
       4053.8734  1.04887e-16  1.01331e-17
       4059.3896  1.11427e-16  1.01430e-17
       4064.9059  1.07255e-16  1.00810e-17
       4070.4222  9.20407e-17  9.88074e-18
       4075.9385  8.21859e-17  9.74839e-18
       4081.4547  8.02220e-17  9.80751e-18
       4086.9710  6.30599e-17  9.37284e-18
       4092.4873  6.20517e-17  9.45262e-18
       4098.0036  5.95692e-17  9.38647e-18
       4103.5198  7.33802e-17  9.32970e-18
       4109.0361  8.79113e-17  9.27734e-18
       4114.5524  7.78866e-17  9.20490e-18
       4120.0687  7.44553e-17  9.27588e-18
       4125.5849  8.24448e-17  9.27709e-18
       4131.1012  7.49313e-17  9.25487e-18
       4136.6175  8.04337e-17  9.29696e-18
       4142.1338  8.57338e-17  9.27111e-18
       4147.6500  8.47433e-17  9.32770e-18
       4153.1663  5.89741e-17  8.98918e-18
       4158.6826  6.93269e-17  9.15446e-18
       4164.1989  6.58501e-17  9.14053e-18
       4169.7151  7.71119e-17  9.03912e-18
       4175.2314  8.35101e-17  9.15900e-18
       4180.7477  5.64866e-17  8.78713e-18
       4186.2640  6.79578e-17  8.95391e-18
       4191.7802  6.90684e-17  8.78556e-18
       4197.2965  7.76102e-17  9.00707e-18
       4202.8128  6.23141e-17  8.59774e-18
       4208.3291  6.84960e-17  8.79250e-18
       4213.8453  7.24759e-17  8.85353e-18
       4219.3616  6.35450e-17  8.68317e-18
       4224.8779  6.03274e-17  8.60208e-18
       4230.3942  6.70697e-17  8.60380e-18
       4235.9104  7.17477e-17  8.62198e-18
       4241.4267  6.71741e-17  8.55732e-18
       4246.9430  6.30469e-17  8.56033e-18
       4252.4593  7.00477e-17  8.65133e-18
       4257.9755  7.05300e-17  8.69793e-18
       4263.4918  4.49820e-17  8.34987e-18
       4269.0081  6.65385e-17  8.51292e-18
       4274.5244  6.76252e-17  8.56930e-18
       4280.0406  7.37978e-17  8.67865e-18
       4285.5569  6.58599e-17  8.54340e-18
       4291.0732  6.08883e-17  8.38163e-18
       4296.5895  6.34013e-17  8.37384e-18
       4302.1057  8.90800e-17  8.54702e-18
       4307.6220  9.94158e-17  8.67443e-18
       4313.1383  8.26666e-17  8.54516e-18
       4318.6546  6.10166e-17  8.26945e-18
       4324.1708  6.25380e-17  8.31673e-18
       4329.6871  8.46867e-17  8.48966e-18
       4335.2034  6.83404e-17  8.29512e-18
       4340.7197  6.61127e-17  8.36619e-18
       4346.2359  7.53301e-17  8.43660e-18
       4351.7522  9.54947e-17  8.55155e-18
       4357.2685  7.19469e-17  8.31598e-18
       4362.7848  1.15368e-16  8.74782e-18
       4368.3010  9.79156e-17  8.62231e-18
       4373.8173  1.10180e-16  8.62257e-18
       4379.3336  1.26057e-16  8.80464e-18
       4384.8499  1.03356e-16  8.54692e-18
       4390.3661  1.04615e-16  8.70390e-18
       4395.8824  1.11124e-16  8.76754e-18
       4401.3987  1.20615e-16  8.78284e-18
       4406.9150  1.29164e-16  8.96875e-18
       4412.4312  1.45067e-16  9.15058e-18
       4417.9475  1.33697e-16  9.11164e-18
       4423.4638  1.32129e-16  9.12677e-18
       4428.9801  1.47083e-16  9.18828e-18
       4434.4963  1.15484e-16  8.85622e-18
       4440.0126  1.84062e-16  9.44030e-18
       4445.5289  1.64729e-16  9.36032e-18
       4451.0452  1.65842e-16  9.32584e-18
       4456.5614  1.46018e-16  9.11730e-18
       4462.0777  1.68527e-16  9.30814e-18
       4467.5940  1.77959e-16  9.40030e-18
       4473.1103  1.64141e-16  9.17575e-18
       4478.6265  1.68689e-16  9.29180e-18
       4484.1428  1.80996e-16  9.42123e-18
       4489.6591  1.94169e-16  9.49353e-18
       4495.1754  1.87350e-16  9.40235e-18
       4500.6916  1.91859e-16  9.53301e-18
       4506.2079  2.12284e-16  9.69490e-18
       4511.7242  1.93667e-16  9.58749e-18
       4517.2405  1.74093e-16  9.31487e-18
       4522.7567  1.59589e-16  9.31830e-18
       4528.2730  2.00601e-16  9.49618e-18
       4533.7893  1.86473e-16  9.48523e-18
       4539.3056  1.68122e-16  9.18648e-18
       4544.8218  1.78638e-16  9.33559e-18
       4550.3381  1.65070e-16  9.16598e-18
       4555.8544  1.55744e-16  9.10167e-18
       4561.3707  1.52426e-16  9.08576e-18
       4566.8869  1.77997e-16  9.28492e-18
       4572.4032  1.74001e-16  9.15045e-18
       4577.9195  1.48361e-16  8.99016e-18
       4583.4358  1.61030e-16  9.07968e-18
       4588.9520  1.65576e-16  9.14492e-18
       4594.4683  1.64365e-16  9.13240e-18
       4599.9846  1.94084e-16  9.40041e-18
       4605.5009  2.01991e-16  9.49919e-18
       4611.0171  1.81668e-16  9.27177e-18
       4616.5334  1.68579e-16  9.27050e-18
       4622.0497  1.92993e-16  9.32204e-18
       4627.5660  1.80928e-16  9.21290e-18
       4633.0822  1.88121e-16  9.29727e-18
       4638.5985  1.90316e-16  9.32945e-18
       4644.1148  2.14321e-16  9.50738e-18
       4649.6311  2.12215e-16  9.51417e-18
       4655.1473  2.19713e-16  9.56924e-18
       4660.6636  2.27654e-16  9.67505e-18
       4666.1799  2.50354e-16  9.78475e-18
       4671.6962  2.55999e-16  9.93495e-18
       4677.2124  2.72006e-16  1.00924e-17
       4682.7287  2.47616e-16  9.87060e-18
       4688.2450  2.65253e-16  9.97144e-18
       4693.7613  2.76966e-16  1.00242e-17
       4699.2775  2.61664e-16  9.94525e-18
       4704.7938  2.84667e-16  1.00155e-17
       4710.3101  2.94103e-16  1.01813e-17
       4715.8264  2.54646e-16  9.87079e-18
       4721.3426  2.46376e-16  9.72542e-18
       4726.8589  2.44759e-16  9.74785e-18
       4732.3752  2.34513e-16  9.66876e-18
       4737.8915  2.19895e-16  9.45530e-18
       4743.4077  2.14310e-16  9.45919e-18
       4748.9240  2.17023e-16  9.43218e-18
       4754.4403  2.03083e-16  9.27645e-18
       4759.9566  2.04081e-16  9.34576e-18
       4765.4728  1.82064e-16  9.08479e-18
       4770.9891  1.99072e-16  9.23818e-18
       4776.5054  1.81119e-16  8.94612e-18
       4782.0217  1.96456e-16  9.16158e-18
       4787.5379  1.62445e-16  8.93621e-18
       4793.0542  1.58241e-16  8.86509e-18
       4798.5705  1.70075e-16  8.93341e-18
       4804.0868  1.73943e-16  8.96055e-18
       4809.6030  1.80062e-16  9.00387e-18
       4815.1193  1.98772e-16  9.26453e-18
       4820.6356  1.96223e-16  9.17450e-18
       4826.1519  2.00031e-16  9.30060e-18
       4831.6681  2.16598e-16  9.42916e-18
       4837.1844  1.95748e-16  9.29125e-18
       4842.7007  2.08967e-16  9.27117e-18
       4848.2170  2.08018e-16  9.28084e-18
       4853.7332  2.11295e-16  9.29339e-18
       4859.2495  1.96504e-16  9.17211e-18
       4864.7658  2.04944e-16  9.20959e-18
       4870.2821  1.91785e-16  9.11429e-18
       4875.7983  1.79139e-16  9.07493e-18
       4881.3146  1.87445e-16  9.04265e-18
       4886.8309  1.82903e-16  8.93080e-18
       4892.3472  1.56443e-16  8.79400e-18
       4897.8634  1.47750e-16  8.77093e-18
       4903.3797  1.62555e-16  8.81027e-18
       4908.8960  1.59108e-16  8.79299e-18
       4914.4123  1.34578e-16  8.46844e-18
       4919.9285  1.46625e-16  8.61299e-18
       4925.4448  1.14535e-16  8.30396e-18
       4930.9611  1.33295e-16  8.50217e-18
       4936.4774  1.18775e-16  8.40790e-18
       4941.9936  1.35066e-16  8.49260e-18
       4947.5099  1.27985e-16  8.38714e-18
       4953.0262  1.24357e-16  8.23994e-18
       4958.5425  1.15205e-16  8.20599e-18
       4964.0587  1.23726e-16  8.30743e-18
       4969.5750  1.19184e-16  8.27482e-18
       4975.0913  1.14584e-16  8.33018e-18
       4980.6076  1.40501e-16  8.47020e-18
       4986.1238  1.06932e-16  8.21606e-18
       4991.6401  1.28808e-16  8.46444e-18
       4997.1564  1.28190e-16  8.49456e-18
       5002.6727  1.40052e-16  8.54546e-18
       5008.1889  1.50014e-16  8.53987e-18
       5013.7052  1.34854e-16  8.45637e-18
       5019.2215  1.35645e-16  8.48126e-18
       5024.7378  1.29427e-16  8.45699e-18
       5030.2540  1.53862e-16  8.62271e-18
       5035.7703  1.45969e-16  8.60309e-18
       5041.2866  1.54054e-16  8.71206e-18
       5046.8029  1.48161e-16  8.54220e-18
       5052.3191  1.50566e-16  8.63431e-18
       5057.8354  1.53928e-16  8.56182e-18
       5063.3517  1.35080e-16  8.41484e-18
       5068.8680  1.36515e-16  8.42133e-18
       5074.3842  1.44799e-16  8.55996e-18
       5079.9005  1.40230e-16  8.49968e-18
       5085.4168  1.27656e-16  8.30814e-18
       5090.9331  1.36556e-16  8.43065e-18
       5096.4493  1.28101e-16  8.37462e-18
       5101.9656  1.41519e-16  8.42776e-18
       5107.4819  1.45420e-16  8.53260e-18
       5112.9982  1.25311e-16  8.33882e-18
       5118.5144  1.59364e-16  8.57531e-18
       5124.0307  1.44137e-16  8.60591e-18
       5129.5470  1.33190e-16  8.44633e-18
       5135.0633  1.39869e-16  8.46686e-18
       5140.5795  1.33843e-16  8.52925e-18
       5146.0958  1.55044e-16  8.65995e-18
       5151.6121  1.74968e-16  8.82704e-18
       5157.1284  1.92388e-16  8.87744e-18
       5162.6446  1.86217e-16  8.97110e-18
       5168.1609  1.79591e-16  8.88520e-18
       5173.6772  2.06099e-16  9.08318e-18
       5179.1935  2.13015e-16  9.17396e-18
       5184.7097  2.22799e-16  9.29851e-18
       5190.2260  2.36776e-16  9.48819e-18
       5195.7423  2.37436e-16  9.54304e-18
       5201.2586  2.50051e-16  9.57196e-18
       5206.7748  2.61804e-16  9.93907e-18
       5212.2911  2.65667e-16  9.80382e-18
       5217.8074  2.63663e-16  1.02486e-17
       5223.3237  2.64596e-16  1.01740e-17
       5228.8399  2.70995e-16  9.85451e-18
       5234.3562  2.64154e-16  9.70140e-18
       5239.8725  2.73863e-16  9.84318e-18
       5245.3888  2.83825e-16  9.89897e-18
       5250.9050  3.05755e-16  1.00052e-17
       5256.4213  3.07091e-16  1.00607e-17
       5261.9376  3.28901e-16  1.03153e-17
       5267.4539  3.29187e-16  1.02249e-17
       5272.9701  3.19249e-16  1.02261e-17
       5278.4864  3.59853e-16  1.05263e-17
       5284.0027  3.56810e-16  1.05625e-17
       5289.5190  3.84524e-16  1.07367e-17
       5295.0352  3.80824e-16  1.07255e-17
       5300.5515  3.98685e-16  1.08932e-17
       5306.0678  3.85502e-16  1.09002e-17
       5311.5841  4.14898e-16  1.10308e-17
       5317.1003  4.38378e-16  1.11172e-17
       5322.6166  4.04709e-16  1.10270e-17
       5328.1329  4.53626e-16  1.13785e-17
       5333.6492  4.53429e-16  1.13452e-17
       5339.1654  4.43013e-16  1.12516e-17
       5344.6817  4.46029e-16  1.12938e-17
       5350.1980  4.44874e-16  1.12663e-17
       5355.7143  4.46792e-16  1.13591e-17
       5361.2305  4.47082e-16  1.13064e-17
       5366.7468  4.51360e-16  1.13193e-17
       5372.2631  4.46677e-16  1.13265e-17
       5377.7794  4.65243e-16  1.14043e-17
       5383.2956  4.74194e-16  1.15193e-17
       5388.8119  4.68895e-16  1.14606e-17
       5394.3282  4.68892e-16  1.14894e-17
       5399.8445  4.70560e-16  1.14449e-17
       5405.3607  4.06614e-16  1.09512e-17
       5410.8770  4.18203e-16  1.10833e-17
       5416.3933  4.13728e-16  1.10434e-17
       5421.9096  4.13777e-16  1.10187e-17
       5427.4258  4.04780e-16  1.09342e-17
       5432.9421  3.98802e-16  1.09648e-17
       5438.4584  4.05992e-16  1.10429e-17
       5443.9747  3.75548e-16  1.08498e-17
       5449.4909  3.86703e-16  1.08839e-17
       5455.0072  3.98135e-16  1.09985e-17
       5460.5235  4.28129e-16  1.11800e-17
       5466.0398  4.13736e-16  1.10179e-17
       5471.5560  4.32413e-16  1.12125e-17
       5477.0723  4.49392e-16  1.14129e-17
       5482.5886  4.65902e-16  1.15049e-17
       5488.1049  4.71267e-16  1.15541e-17
       5493.6211  4.79563e-16  1.16505e-17
       5499.1374  4.67252e-16  1.15991e-17
       5504.6537  4.89543e-16  1.18070e-17
       5510.1700  5.07247e-16  1.18924e-17
       5515.6862  5.38177e-16  1.21196e-17
       5521.2025  5.38322e-16  1.21094e-17
       5526.7188  5.25725e-16  1.19926e-17
       5532.2351  5.21588e-16  1.20462e-17
       5537.7513  5.13471e-16  1.19692e-17
       5543.2676  4.90124e-16  1.18489e-17
       5548.7839  5.01044e-16  1.18522e-17
       5554.3001  4.83481e-16  1.17402e-17
       5559.8164  4.71825e-16  1.17133e-17
       5565.3327  4.80737e-16  1.26079e-17
       5570.8490  4.86313e-16  1.41151e-17
       5576.3652  4.45377e-16  1.40239e-17
       5581.8815  4.70799e-16  1.41170e-17
       5587.3978  4.53938e-16  1.27813e-17
       5592.9141  4.28934e-16  1.14410e-17
       5598.4303  4.63153e-16  1.16568e-17
       5603.9466  4.38611e-16  1.14894e-17
       5609.4629  4.26215e-16  1.13417e-17
       5614.9792  4.27050e-16  1.14595e-17
       5620.4954  4.06622e-16  1.12868e-17
       5626.0117  4.12820e-16  1.12445e-17
       5631.5280  3.93925e-16  1.10992e-17
       5637.0443  4.11223e-16  1.12882e-17
       5642.5605  4.28489e-16  1.14323e-17
       5648.0768  4.13282e-16  1.13538e-17
       5653.5931  4.12516e-16  1.13386e-17
       5659.1094  4.46348e-16  1.15152e-17
       5664.6256  4.67638e-16  1.16697e-17
       5670.1419  4.61869e-16  1.16987e-17
       5675.6582  4.54028e-16  1.16606e-17
       5681.1745  4.97614e-16  1.19392e-17
       5686.6907  4.93408e-16  1.19973e-17
       5692.2070  5.10402e-16  1.21672e-17
       5697.7233  5.30743e-16  1.21655e-17
       5703.2396  5.62586e-16  1.24523e-17
       5708.7558  5.22569e-16  1.22186e-17
       5714.2721  5.24544e-16  1.21658e-17
       5719.7884  4.91224e-16  1.19163e-17
       5725.3047  4.91378e-16  1.19035e-17
       5730.8209  4.56503e-16  1.16551e-17
       5736.3372  4.57370e-16  1.16981e-17
       5741.8535  4.55875e-16  1.16350e-17
       5747.3698  4.18632e-16  1.13314e-17
       5752.8860  4.28481e-16  1.13981e-17
       5758.4023  4.35027e-16  1.14494e-17
       5763.9186  4.19570e-16  1.14273e-17
       5769.4349  4.14174e-16  1.13866e-17
       5774.9511  4.10769e-16  1.13875e-17
       5780.4674  4.19170e-16  1.13758e-17
       5785.9837  3.98231e-16  1.11782e-17
       5791.5000  4.00984e-16  1.12305e-17
       5797.0162  3.94605e-16  1.11942e-17
       5802.5325  3.90814e-16  1.12168e-17
       5808.0488  3.94534e-16  1.12123e-17
       5813.5651  3.82157e-16  1.11615e-17
       5819.0813  3.90615e-16  1.12052e-17
       5824.5976  4.17123e-16  1.13180e-17
       5830.1139  4.26651e-16  1.14945e-17
       5835.6302  4.12482e-16  1.14058e-17
       5841.1464  4.07125e-16  1.13414e-17
       5846.6627  3.91865e-16  1.12503e-17
       5852.1790  4.10984e-16  1.13485e-17
       5857.6953  4.21772e-16  1.16156e-17
       5863.2115  4.34329e-16  1.16514e-17
       5868.7278  4.36978e-16  1.17467e-17
       5874.2441  4.00571e-16  1.15494e-17
       5879.7604  4.21099e-16  1.19753e-17
       5885.2766  4.14991e-16  1.22676e-17
       5890.7929  3.99759e-16  1.23143e-17
       5896.3092  3.74235e-16  1.19555e-17
       5901.8255  3.51337e-16  1.14106e-17
       5907.3417  3.36408e-16  1.09666e-17
       5912.8580  3.39718e-16  1.09762e-17
       5918.3743  3.04934e-16  1.06888e-17
       5923.8906  3.21228e-16  1.08281e-17
       5929.4068  3.17258e-16  1.07833e-17
       5934.9231  3.31266e-16  1.08420e-17
       5940.4394  3.22980e-16  1.07585e-17
       5945.9557  3.16276e-16  1.07030e-17
       5951.4719  3.12811e-16  1.06855e-17
       5956.9882  3.35349e-16  1.08340e-17
       5962.5045  3.31890e-16  1.08723e-17
       5968.0208  3.50558e-16  1.09943e-17
       5973.5370  3.45000e-16  1.09533e-17
       5979.0533  3.65059e-16  1.10973e-17
       5984.5696  3.76560e-16  1.11174e-17
       5990.0859  3.74375e-16  1.10726e-17
       5995.6021  3.89863e-16  1.12596e-17
       6001.1184  3.76719e-16  1.12426e-17
       6006.6347  3.76083e-16  1.12209e-17
       6012.1510  3.98206e-16  1.13018e-17
       6017.6672  4.03884e-16  1.13600e-17
       6023.1835  4.12082e-16  1.14146e-17
       6028.6998  4.23604e-16  1.14605e-17
       6034.2161  3.98489e-16  1.13180e-17
       6039.7323  3.88983e-16  1.12024e-17
       6045.2486  3.92934e-16  1.11226e-17
       6050.7649  3.77237e-16  1.10565e-17
       6056.2812  3.97976e-16  1.12324e-17
       6061.7974  3.78252e-16  1.10954e-17
       6067.3137  3.64033e-16  1.09789e-17
       6072.8300  3.93556e-16  1.11397e-17
       6078.3463  3.82568e-16  1.11035e-17
       6083.8625  3.73649e-16  1.10538e-17
       6089.3788  3.67413e-16  1.09149e-17
       6094.8951  3.88053e-16  1.10998e-17
       6100.4114  3.75715e-16  1.10863e-17
       6105.9276  3.84970e-16  1.11680e-17
       6111.4439  3.52454e-16  1.09325e-17
       6116.9602  3.61889e-16  1.10153e-17
       6122.4765  3.72809e-16  1.09848e-17
       6127.9927  3.66675e-16  1.09583e-17
       6133.5090  3.54812e-16  1.09589e-17
       6139.0253  3.25793e-16  1.08306e-17
       6144.5416  3.30401e-16  1.07703e-17
       6150.0578  3.05090e-16  1.05147e-17
       6155.5741  2.91013e-16  1.03104e-17
       6161.0904  2.81284e-16  1.03294e-17
       6166.6067  2.59571e-16  1.01679e-17
       6172.1229  2.34272e-16  9.89716e-18
       6177.6392  2.25392e-16  9.78877e-18
       6183.1555  2.20494e-16  9.65948e-18
       6188.6718  1.91607e-16  9.43898e-18
       6194.1880  1.76890e-16  9.38440e-18
       6199.7043  1.79611e-16  9.38049e-18
       6205.2206  1.78648e-16  9.41672e-18
       6210.7369  1.69101e-16  9.30382e-18
       6216.2531  1.49007e-16  9.03066e-18
       6221.7694  1.66955e-16  9.35498e-18
       6227.2857  1.53485e-16  9.40802e-18
       6232.8020  1.38403e-16  9.36119e-18
       6238.3182  1.35920e-16  9.37461e-18
       6243.8345  1.21441e-16  9.11189e-18
       6249.3508  1.32471e-16  9.22241e-18
       6254.8671  1.52185e-16  9.39466e-18
       6260.3833  1.43159e-16  9.27814e-18
       6265.8996  1.47580e-16  9.21159e-18
       6271.4159  1.38623e-16  9.07859e-18
       6276.9322  1.53146e-16  9.28393e-18
       6282.4484  1.73129e-16  9.47784e-18
       6287.9647  1.67103e-16  9.65424e-18
       6293.4810  1.74441e-16  9.94843e-18
       6298.9973  1.97505e-16  1.00999e-17
       6304.5135  2.11999e-16  1.01818e-17
       6310.0298  2.09231e-16  1.00057e-17
       6315.5461  2.24742e-16  1.00172e-17
       6321.0624  2.40729e-16  1.01111e-17
       6326.5786  2.41847e-16  1.01346e-17
       6332.0949  2.63331e-16  1.02773e-17
       6337.6112  2.58886e-16  1.02310e-17
       6343.1275  2.53843e-16  1.01621e-17
       6348.6437  2.56914e-16  1.02512e-17
       6354.1600  2.67960e-16  1.04169e-17
       6359.6763  2.73014e-16  1.04270e-17
       6365.1926  2.71710e-16  1.04426e-17
       6370.7088  2.71241e-16  1.03194e-17
       6376.2251  2.89943e-16  1.04734e-17
       6381.7414  2.94586e-16  1.05000e-17
       6387.2577  2.92209e-16  1.04476e-17
       6392.7739  2.89151e-16  1.04179e-17
       6398.2902  3.07723e-16  1.05686e-17
       6403.8065  2.98863e-16  1.04731e-17
       6409.3228  3.21458e-16  1.06373e-17
       6414.8390  3.26856e-16  1.06534e-17
       6420.3553  3.46380e-16  1.09298e-17
       6425.8716  3.45152e-16  1.09040e-17
       6431.3879  3.27640e-16  1.07328e-17
       6436.9041  3.45443e-16  1.08697e-17
       6442.4204  3.57610e-16  1.09345e-17
       6447.9367  3.75166e-16  1.11123e-17
       6453.4530  4.16253e-16  1.15529e-17
       6458.9692  3.73846e-16  1.14824e-17
       6464.4855  3.98753e-16  1.15654e-17
       6470.0018  4.07535e-16  1.16125e-17
       6475.5181  4.28706e-16  1.17236e-17
       6481.0343  4.26221e-16  1.15534e-17
       6486.5506  4.19085e-16  1.15909e-17
       6492.0669  4.50042e-16  1.19127e-17
       6497.5832  4.65985e-16  1.21957e-17
       6503.0994  4.82371e-16  1.22042e-17
       6508.6157  4.71083e-16  1.20037e-17
       6514.1320  4.51701e-16  1.17662e-17
       6519.6483  4.62418e-16  1.19679e-17
       6525.1645  4.59551e-16  1.20349e-17
       6530.6808  4.37802e-16  1.19154e-17
       6536.1971  4.45920e-16  1.19867e-17
       6541.7134  4.70837e-16  1.21093e-17
       6547.2296  4.67197e-16  1.21095e-17
       6552.7459  4.65245e-16  1.20550e-17
       6558.2622  4.62027e-16  1.20309e-17
       6563.7785  4.40583e-16  1.18536e-17
       6569.2947  4.56541e-16  1.20218e-17
       6574.8110  4.77124e-16  1.21420e-17
       6580.3273  4.73197e-16  1.21410e-17
       6585.8436  4.51345e-16  1.19297e-17
       6591.3598  4.74628e-16  1.20235e-17
       6596.8761  4.77120e-16  1.21333e-17
       6602.3924  4.52003e-16  1.19185e-17
       6607.9087  4.18464e-16  1.16445e-17
       6613.4249  4.58089e-16  1.18655e-17
       6618.9412  4.65424e-16  1.18934e-17
       6624.4575  4.54999e-16  1.18831e-17
       6629.9738  4.40131e-16  1.16850e-17
       6635.4900  4.12302e-16  1.15504e-17
       6641.0063  3.94219e-16  1.14342e-17
       6646.5226  3.96297e-16  1.13344e-17
       6652.0389  3.63740e-16  1.10830e-17
       6657.5551  3.62722e-16  1.11395e-17
       6663.0714  3.48605e-16  1.10305e-17
       6668.5877  3.47826e-16  1.09966e-17
       6674.1040  3.43126e-16  1.08645e-17
       6679.6202  3.40953e-16  1.09387e-17
       6685.1365  3.74450e-16  1.12565e-17
       6690.6528  3.66781e-16  1.12201e-17
       6696.1691  3.52882e-16  1.11096e-17
       6701.6853  3.45713e-16  1.09600e-17
       6707.2016  3.65068e-16  1.11053e-17
       6712.7179  3.52740e-16  1.11009e-17
       6718.2342  3.39544e-16  1.09461e-17
       6723.7504  3.54440e-16  1.10697e-17
       6729.2667  3.57967e-16  1.10652e-17
       6734.7830  3.45636e-16  1.09989e-17
       6740.2993  3.44239e-16  1.10158e-17
       6745.8155  3.52805e-16  1.10251e-17
       6751.3318  3.54361e-16  1.11277e-17
       6756.8481  3.69904e-16  1.12347e-17
       6762.3644  3.73927e-16  1.12188e-17
       6767.8806  3.64400e-16  1.12038e-17
       6773.3969  3.94122e-16  1.13964e-17
       6778.9132  3.88198e-16  1.13173e-17
       6784.4295  3.84087e-16  1.14066e-17
       6789.9457  3.78021e-16  1.14342e-17
       6795.4620  3.91980e-16  1.15130e-17
       6800.9783  3.66471e-16  1.13154e-17
       6806.4946  3.90378e-16  1.14452e-17
       6812.0108  3.81796e-16  1.14081e-17
       6817.5271  3.91847e-16  1.16796e-17
       6823.0434  3.88561e-16  1.20077e-17
       6828.5597  3.88166e-16  1.22530e-17
       6834.0759  3.82360e-16  1.21802e-17
       6839.5922  3.64778e-16  1.18314e-17
       6845.1085  3.71009e-16  1.14898e-17
       6850.6248  3.67505e-16  1.14673e-17
       6856.1410  3.56943e-16  1.15834e-17
       6861.6573  3.50318e-16  1.15150e-17
       6867.1736  3.26932e-16  1.11278e-17
       6872.6899  2.85061e-16  1.05567e-17
       6878.2061  3.11146e-16  1.05942e-17
       6883.7224  2.99539e-16  1.05551e-17
       6889.2387  2.84636e-16  1.04333e-17
       6894.7550  2.91245e-16  1.05779e-17
       6900.2712  3.01183e-16  1.07379e-17
       6905.7875  3.01009e-16  1.07907e-17
       6911.3038  2.95081e-16  1.09552e-17
       6916.8201  3.17994e-16  1.11657e-17
       6922.3363  2.98848e-16  1.09463e-17
       6927.8526  2.83027e-16  1.09061e-17
       6933.3689  3.13989e-16  1.11443e-17
       6938.8852  3.08369e-16  1.11242e-17
       6944.4014  3.05185e-16  1.11754e-17
       6949.9177  3.02426e-16  1.11237e-17
       6955.4340  2.83404e-16  1.08739e-17
       6960.9503  3.32306e-16  1.10789e-17
       6966.4665  2.83793e-16  1.07990e-17
       6971.9828  2.77672e-16  1.08191e-17
       6977.4991  2.89442e-16  1.10323e-17
       6983.0154  2.69383e-16  1.07259e-17
       6988.5316  2.84741e-16  1.07184e-17
       6994.0479  2.87013e-16  1.07236e-17
       6999.5642  2.93798e-16  1.08795e-17
       7005.0805  2.96333e-16  1.08838e-17
       7010.5967  2.70517e-16  1.06698e-17
       7016.1130  3.00146e-16  1.08657e-17
       7021.6293  2.90169e-16  1.07546e-17
       7027.1456  3.17550e-16  1.09061e-17
       7032.6618  3.20863e-16  1.09710e-17
       7038.1781  2.96081e-16  1.08798e-17
       7043.6944  3.25198e-16  1.10906e-17
       7049.2107  3.23421e-16  1.10461e-17
       7054.7269  3.03662e-16  1.09620e-17
       7060.2432  2.97447e-16  1.09501e-17
       7065.7595  2.93803e-16  1.08582e-17
       7071.2758  3.14307e-16  1.09851e-17
       7076.7920  3.09429e-16  1.10014e-17
       7082.3083  3.20128e-16  1.11092e-17
       7087.8246  3.25180e-16  1.11129e-17
       7093.3409  3.06031e-16  1.09329e-17
       7098.8571  3.00796e-16  1.08545e-17
       7104.3734  2.85782e-16  1.07076e-17
       7109.8897  2.75223e-16  1.07135e-17
       7115.4060  3.06105e-16  1.08580e-17
       7120.9222  2.84471e-16  1.07069e-17
       7126.4385  2.86857e-16  1.08213e-17
       7131.9548  2.66969e-16  1.07180e-17
       7137.4711  2.67313e-16  1.07534e-17
       7142.9873  2.74919e-16  1.07228e-17
       7148.5036  2.76305e-16  1.07876e-17
       7154.0199  2.62990e-16  1.07044e-17
       7159.5362  2.59085e-16  1.05729e-17
       7165.0524  2.60778e-16  1.05821e-17
       7170.5687  2.59703e-16  1.05209e-17
       7176.0850  2.52886e-16  1.04287e-17
       7181.6013  2.45988e-16  1.03795e-17
       7187.1175  2.57310e-16  1.03610e-17
       7192.6338  2.79558e-16  1.04406e-17
       7198.1501  2.54580e-16  1.02973e-17
       7203.6664  2.57296e-16  1.03408e-17
       7209.1826  2.52786e-16  1.04034e-17
       7214.6989  2.19662e-16  1.02047e-17
       7220.2152  2.26184e-16  1.02344e-17
       7225.7315  2.30604e-16  1.05272e-17
       7231.2477  2.22191e-16  1.11270e-17
       7236.7640  2.23587e-16  1.18221e-17
       7242.2803  2.35700e-16  1.21742e-17
       7247.7966  2.32324e-16  1.21345e-17
       7253.3128  2.49185e-16  1.14380e-17
       7258.8291  2.25547e-16  1.06851e-17
       7264.3454  2.50181e-16  1.10634e-17
       7269.8617  2.67991e-16  1.19246e-17
       7275.3779  2.67595e-16  1.23069e-17
       7280.8942  2.66548e-16  1.24040e-17
       7286.4105  2.59384e-16  1.18417e-17
       7291.9268  2.66022e-16  1.14265e-17
       7297.4430  2.67407e-16  1.13963e-17
       7302.9593  2.80592e-16  1.15829e-17
       7308.4756  2.75251e-16  1.20041e-17
       7313.9919  2.51408e-16  1.17965e-17
       7319.5081  2.90098e-16  1.22670e-17
       7325.0244  2.93788e-16  1.21336e-17
       7330.5407  2.96987e-16  1.23567e-17
       7336.0570  2.89191e-16  1.25779e-17
       7341.5732  2.76265e-16  1.22909e-17
       7347.0895  2.82808e-16  1.23016e-17
       7352.6058  2.78577e-16  1.20111e-17
       7358.1221  2.84539e-16  1.19394e-17
       7363.6383  2.84327e-16  1.23113e-17
       7369.1546  2.60725e-16  1.20534e-17
       7374.6709  2.48500e-16  1.17228e-17
       7380.1872  2.44243e-16  1.14407e-17
       7385.7034  2.47037e-16  1.12140e-17
       7391.2197  2.55358e-16  1.15553e-17
       7396.7360  2.56993e-16  1.18655e-17
       7402.2523  2.49417e-16  1.16559e-17
       7407.7685  2.49890e-16  1.15662e-17
       7413.2848  2.60732e-16  1.12884e-17
       7418.8011  2.75614e-16  1.12910e-17
       7424.3174  2.57608e-16  1.12777e-17
       7429.8336  2.60810e-16  1.15105e-17
       7435.3499  2.39382e-16  1.13601e-17
       7440.8662  2.69976e-16  1.14890e-17
       7446.3825  2.90562e-16  1.16737e-17
       7451.8987  2.71650e-16  1.13601e-17
       7457.4150  2.45916e-16  1.12693e-17
       7462.9313  2.46945e-16  1.14132e-17
       7468.4476  2.38031e-16  1.14954e-17
       7473.9638  2.38521e-16  1.17556e-17
       7479.4801  2.57000e-16  1.19018e-17
       7484.9964  2.42755e-16  1.16435e-17
       7490.5127  2.18184e-16  1.12399e-17
       7496.0289  2.07869e-16  1.09150e-17
       7501.5452  1.80175e-16  1.06698e-17
       7507.0615  1.68045e-16  1.04490e-17
       7512.5777  1.69499e-16  1.07061e-17
       7518.0940  1.49711e-16  1.11516e-17
       7523.6103  1.34467e-16  1.12246e-17
       7529.1266  1.31783e-16  1.12384e-17
       7534.6428  1.12430e-16  1.06279e-17
       7540.1591  1.07128e-16  9.98388e-18
       7545.6754  1.10689e-16  9.98898e-18
       7551.1917  9.69360e-17  9.99294e-18
       7556.7079  8.67132e-17  9.98645e-18
       7562.2242  7.66208e-17  1.00778e-17
       7567.7405  7.39396e-17  1.02314e-17
       7573.2568  6.46695e-17  1.01130e-17
       7578.7730  9.03092e-17  1.05374e-17
       7584.2893  9.48182e-17  1.00664e-17
       7589.8056  7.49451e-17  9.67407e-18
       7595.3219  3.69525e-17  9.21129e-18
       7600.8381  5.06371e-17  8.95870e-18
       7606.3544  5.31566e-17  8.83322e-18
       7611.8707  6.70574e-17  8.91615e-18
       7617.3870  4.78223e-17  9.13026e-18
       7622.9032  9.61275e-17  9.70373e-18
       7628.4195  1.19079e-16  9.75379e-18
       7633.9358  7.84949e-17  9.49700e-18
       7639.4521  7.56541e-17  9.37900e-18
       7644.9683  7.87322e-17  9.29224e-18
       7650.4846  1.06902e-16  9.75344e-18
       7656.0009  1.31736e-16  1.03626e-17
       7661.5172  1.12931e-16  1.04281e-17
       7667.0334  1.08510e-16  1.03767e-17
       7672.5497  1.19373e-16  1.03934e-17
       7678.0660  1.53183e-16  1.05053e-17
       7683.5823  1.92483e-16  1.12016e-17
       7689.0985  1.97602e-16  1.12955e-17
       7694.6148  1.82677e-16  1.14513e-17
       7700.1311  1.98040e-16  1.18149e-17
       7705.6474  1.95690e-16  1.29298e-17
       7711.1636  2.08809e-16  1.39074e-17
       7716.6799  2.52533e-16  1.46093e-17
       7722.1962  2.76065e-16  1.45129e-17
       7727.7125  2.47368e-16  1.33477e-17
       7733.2287  2.51946e-16  1.26416e-17
       7738.7450  2.45232e-16  1.28440e-17
       7744.2613  2.81343e-16  1.39423e-17
       7749.7776  2.82331e-16  1.45845e-17
       7755.2938  2.94983e-16  1.48992e-17
       7760.8101  2.82324e-16  1.41821e-17
       7766.3264  2.60256e-16  1.34037e-17
       7771.8427  2.87429e-16  1.33704e-17
       7777.3589  2.97375e-16  1.34327e-17
       7782.8752  3.06131e-16  1.39580e-17
       7788.3915  3.20468e-16  1.45339e-17
       7793.9078  3.21366e-16  1.46293e-17
       7799.4240  3.11951e-16  1.45214e-17
       7804.9403  2.93235e-16  1.40909e-17
       7810.4566  2.97574e-16  1.39673e-17
       7815.9729  2.73934e-16  1.46641e-17
       7821.4891  2.90291e-16  1.45923e-17
       7827.0054  3.64257e-16  1.50534e-17
       7832.5217  3.02469e-16  1.43751e-17
       7838.0380  3.16591e-16  1.39976e-17
       7843.5542  3.16424e-16  1.45925e-17
       7849.0705  3.02211e-16  1.54634e-17
       7854.5868  2.96018e-16  1.59195e-17
       7860.1031  3.56110e-16  1.65417e-17
       7865.6193  3.31788e-16  1.58433e-17
       7871.1356  3.32268e-16  1.54324e-17
       7876.6519  3.35850e-16  1.53653e-17
       7882.1682  3.01048e-16  1.50863e-17
       7887.6844  3.37531e-16  1.52112e-17
       7893.2007  3.27863e-16  1.48395e-17
       7898.7170  3.18589e-16  1.44581e-17
       7904.2333  2.81329e-16  1.47440e-17
       7909.7495  2.67519e-16  1.55594e-17
       7915.2658  2.42934e-16  1.59265e-17
       7920.7821  2.48720e-16  1.61430e-17
       7926.2984  2.99467e-16  1.59745e-17
       7931.8146  2.65234e-16  1.47046e-17
       7937.3309  2.47818e-16  1.40954e-17
       7942.8472  2.42718e-16  1.39622e-17
       7948.3635  2.22950e-16  1.34756e-17
       7953.8797  2.38343e-16  1.41136e-17
       7959.3960  2.37723e-16  1.49176e-17
       7964.9123  2.14088e-16  1.47942e-17
       7970.4286  2.06290e-16  1.51079e-17
       7975.9448  1.88329e-16  1.44712e-17
       7981.4611  1.63637e-16  1.38381e-17
       7986.9774  1.59843e-16  1.46592e-17
       7992.4937  1.87184e-16  1.46875e-17
       7998.0099  1.42915e-16  1.44710e-17
       8003.5262  1.75891e-16  1.42013e-17
       8009.0425  1.62046e-16  1.33835e-17
       8014.5588  1.33816e-16  1.33580e-17
       8020.0750  1.05800e-16  1.37722e-17
       8025.5913  1.29842e-16  1.39395e-17
       8031.1076  1.25207e-16  1.39276e-17
       8036.6239  1.04371e-16  1.31789e-17
       8042.1401  8.88204e-17  1.23979e-17
       8047.6564  7.15667e-17  1.21229e-17
       8053.1727  7.51176e-17  1.25346e-17
       8058.6890  8.95270e-17  1.30503e-17
       8064.2052  5.62218e-17  1.26555e-17
       8069.7215  4.93074e-17  1.21838e-17
       8075.2378  4.78077e-17  1.19270e-17
       8080.7541  3.96032e-17  1.14804e-17
       8086.2703  3.04520e-17  1.15466e-17
       8091.7866  3.59035e-17  1.17266e-17
       8097.3029  1.45441e-17  1.17288e-17
       8102.8192  5.47384e-17  1.21048e-17
       8108.3354  3.80426e-17  1.20171e-17
       8113.8517  1.79232e-17  1.18335e-17
       8119.3680  5.35462e-18  1.14753e-17
       8124.8843  8.03486e-18  1.13379e-17
       8130.4005  4.82817e-17  1.17424e-17
       8135.9168  1.28629e-17  1.17790e-17
       8141.4331  1.76241e-17  1.18889e-17
       8146.9494  3.45856e-17  1.20148e-17
       8152.4656  3.22981e-17  1.18883e-17
       8157.9819  1.29251e-17  1.15990e-17
       8163.4982  2.99101e-17  1.18320e-17
       8169.0145  5.20930e-17  1.20765e-17
       8174.5307  2.79306e-17  1.16363e-17
       8180.0470  1.43541e-17  1.16980e-17
       8185.5633  2.30688e-17  1.21676e-17
       8191.0796  1.38388e-17  1.20259e-17
       8196.5958 -7.97502e-19  1.18252e-17
       8202.1121  1.52497e-17  1.19995e-17
       8207.6284  1.65125e-17  1.20925e-17
       8213.1447  3.40603e-17  1.22875e-17
       8218.6609  4.93448e-17  1.24789e-17
       8224.1772  5.22054e-18  1.20260e-17
       8229.6935  9.81632e-19  1.20064e-17
       8235.2098  1.18142e-17  1.20130e-17
       8240.7260  4.94291e-17  1.24468e-17
       8246.2423  2.42178e-18  1.23287e-17
       8251.7586  1.88939e-17  1.29015e-17
       8257.2749  3.02612e-17  1.46509e-17
       8262.7911  5.99930e-17  1.67355e-17
       8268.3074  3.56125e-17  1.31165e-17
       8273.8237  9.27315e-18  1.38279e-17
       8279.3400  1.23241e-17  1.54624e-17
       8284.8562  6.24517e-17  1.68433e-17
       8290.3725  2.48253e-17  1.76773e-17
       8295.8888  1.12940e-17  1.74583e-17
       8301.4051  4.05848e-17  1.68519e-17
       8306.9213  2.22278e-17  1.58179e-17
       8312.4376  2.64001e-18  1.44223e-17
       8317.9539  3.76641e-17  1.39803e-17
       8323.4702  4.95412e-17  1.38326e-17
       8328.9864  2.47924e-17  1.35172e-17
       8334.5027  6.43631e-17  1.57268e-17
       8340.0190  5.13443e-17  1.79652e-17
       8345.5353 -6.86496e-18  1.86697e-17
       8351.0515  1.62309e-17  1.90008e-17
       8356.5678  5.47874e-17  1.80597e-17
       8362.0841  4.49889e-17  1.59121e-17
       8367.6004  3.48636e-17  1.50793e-17
       8373.1166  2.50330e-17  1.51294e-17
       8378.6329  4.11819e-17  1.50706e-17
       8384.1492  6.88426e-17  1.53985e-17
       8389.6655  4.59009e-17  1.66158e-17
       8395.1817  9.02832e-17  1.81338e-17
       8400.6980  8.56845e-17  1.83082e-17
       8406.2143  7.87403e-17  1.84727e-17
       8411.7306  1.52750e-17  1.68356e-17
       8417.2468  6.07337e-17  1.63802e-17
       8422.7631  2.50135e-17  1.80628e-17
       8428.2794  4.54089e-17  1.85605e-17
       8433.7957  8.99625e-17  1.90530e-17
       8439.3119  5.72110e-17  1.79008e-17
       8444.8282  8.75016e-17  1.67645e-17
       8450.3445  5.71175e-17  1.60305e-17
       8455.8608  5.51085e-17  1.70556e-17
       8461.3770  6.59638e-17  1.78979e-17
       8466.8933  7.41166e-17  1.82017e-17
       8472.4096  8.69456e-17  1.79149e-17
       8477.9259  7.96619e-17  1.61830e-17
       8483.4421  6.99741e-17  1.54328e-17
       8488.9584  9.49644e-17  1.60882e-17
       8494.4747  7.22485e-17  1.64150e-17
       8499.9910  1.00914e-16  1.74815e-17
       8505.5072  1.42317e-16  1.80393e-17
       8511.0235  1.09779e-16  1.72985e-17
       8516.5398  1.29783e-16  1.68051e-17
       8522.0561  1.19714e-16  1.59461e-17
       8527.5723  1.08145e-16  1.58056e-17
       8533.0886  1.01886e-16  1.59889e-17
       8538.6049  1.29342e-16  1.66139e-17
       8544.1212  1.32689e-16  1.70250e-17
       8549.6374  1.87717e-16  1.77240e-17
       8555.1537  1.55885e-16  1.73032e-17
       8560.6700  1.50319e-16  1.69700e-17
       8566.1863  1.48489e-16  1.65121e-17
       8571.7025  1.38713e-16  1.60671e-17
       8577.2188  1.97937e-16  1.69182e-17
       8582.7351  1.54996e-16  1.68613e-17
       8588.2514  2.07340e-16  1.74893e-17
       8593.7676  2.11969e-16  1.77935e-17
       8599.2839  2.14813e-16  1.78239e-17
       8604.8002  1.87342e-16  1.75342e-17
       8610.3165  1.80281e-16  1.74000e-17
       8615.8327  1.88491e-16  1.80908e-17
       8621.3490  2.23123e-16  1.93471e-17
       8626.8653  2.63505e-16  2.04134e-17
       8632.3816  2.68854e-16  2.04730e-17
       8637.8978  2.45128e-16  1.99902e-17
       8643.4141  2.54605e-16  1.96988e-17
       8648.9304  2.49337e-16  1.96076e-17
       8654.4467  2.59830e-16  2.03460e-17
       8659.9629  2.97489e-16  2.11354e-17
       8665.4792  3.26417e-16  2.12115e-17
       8670.9955  2.89805e-16  2.05491e-17
       8676.5118  2.55499e-16  2.22016e-17
       8682.0280  2.70037e-16  1.82126e-17
       8687.5443  2.80605e-16  2.78444e-17
       8693.0606  3.28541e-16  4.55987e-17
       8698.5769  3.10935e-16  1.77657e-17
       8704.0931  3.53316e-16  2.19675e-17
       8709.6094  3.22601e-16  1.96239e-17
       8715.1257  3.58707e-16  1.98760e-17
       8720.6420  3.04887e-16  2.20625e-17
       8726.1582  3.28646e-16  2.27464e-17
       8731.6745  3.06211e-16  2.23330e-17
       8737.1908  3.49954e-16  2.00125e-17
       8742.7071  3.42662e-16  1.99813e-17
       8748.2233  3.40667e-16  2.07616e-17
       8753.7396  3.20128e-16  2.20171e-17
       8759.2559  2.52465e-16  2.33554e-17
       8764.7722  1.75246e-16  2.47486e-17
       8770.2884  2.64135e-16  2.61189e-17
       8775.8047  3.00806e-16  2.56034e-17
       8781.3210  2.60170e-16  2.43427e-17
       8786.8373  2.58750e-16  2.28625e-17
       8792.3535  2.24493e-16  2.08280e-17
       8797.8698  2.35015e-16  2.02527e-17
       8803.3861  2.51890e-16  2.00813e-17
       8808.9024  2.39426e-16  1.99891e-17
       8814.4186  2.69714e-16  2.24052e-17
       8819.9349  2.85365e-16  2.53990e-17
       8825.4512  2.86044e-16  2.71275e-17
       8830.9675  2.53986e-16  2.73053e-17
       8836.4837  2.44556e-16  2.56862e-17
       8842.0000  2.03976e-16  2.31038e-17
       8847.5163  2.31862e-16  2.19096e-17
       8853.0326  2.53585e-16  2.16777e-17
       8858.5488  1.94691e-16  2.12840e-17
       8864.0651  2.38273e-16  2.14649e-17
       8869.5814  2.40032e-16  2.21281e-17
       8875.0977  1.74094e-16  2.31747e-17
       8880.6139  2.70878e-16  2.52649e-17
       8886.1302  2.76547e-16  2.58559e-17
       8891.6465  2.97697e-16  2.57541e-17
       8897.1628  2.84436e-16  2.43200e-17
       8902.6790  2.53074e-16  2.31918e-17
       8908.1953  1.96811e-16  2.44050e-17
       8913.7116  2.84552e-16  2.66358e-17
       8919.2279  2.78817e-16  2.68379e-17
       8924.7441  2.56984e-16  2.57132e-17
       8930.2604  2.39869e-16  2.37376e-17
       8935.7767  2.50168e-16  2.27070e-17
       8941.2930  2.19969e-16  2.27646e-17
       8946.8092  2.42727e-16  2.46781e-17
       8952.3255  3.01496e-16  2.59992e-17
       8957.8418  3.13096e-16  2.60618e-17
       8963.3581  2.62171e-16  2.45737e-17
       8968.8743  1.92306e-16  2.22919e-17
       8974.3906  2.09697e-16  2.13259e-17
       8979.9069  1.79948e-16  2.14120e-17
       8985.4232  1.74850e-16  2.22225e-17
       8990.9394  2.31290e-16  2.35016e-17
       8996.4557  2.07872e-16  2.34673e-17
       9001.9720  1.59509e-16  2.25509e-17
       9007.4883  1.87765e-16  2.21778e-17
       9013.0045  1.50929e-16  2.10711e-17
       9018.5208  1.94073e-16  2.04223e-17
       9024.0371  1.66334e-16  2.04518e-17
       9029.5534  1.81150e-16  2.09768e-17
       9035.0696  1.59747e-16  2.13954e-17
       9040.5859  1.33578e-16  2.14845e-17
       9046.1022  1.50494e-16  2.17030e-17
       9051.6185  1.15941e-16  2.15935e-17
       9057.1347  1.08649e-16  2.11144e-17
       9062.6510  1.53937e-16  2.10148e-17
       9068.1673  8.65146e-17  1.97744e-17
       9073.6836  1.46520e-16  2.02798e-17
       9079.1998  1.23249e-16  2.03364e-17
       9084.7161  9.74842e-17  2.05643e-17
       9090.2324  1.33269e-16  2.14230e-17
       9095.7487  7.85757e-17  2.08232e-17
       9101.2649  1.00736e-16  2.12869e-17
       9106.7812  1.31916e-16  2.12255e-17
       9112.2975  1.04285e-16  2.08743e-17
       9117.8138  1.12622e-16  2.10267e-17
       9123.3300  1.35668e-16  2.13096e-17
       9128.8463  1.20625e-16  2.09327e-17
       9134.3626  7.51858e-17  2.08798e-17
       9139.8789  9.97792e-17  2.14113e-17
       9145.3951  1.84573e-16  2.23928e-17
       9150.9114  1.90551e-16  2.27089e-17
       9156.4277  1.38015e-16  2.25354e-17
       9161.9440  1.65102e-16  2.28006e-17
       9167.4602  1.47803e-16  2.25746e-17
       9172.9765  1.43770e-16  2.26771e-17
       9178.4928  1.47013e-16  2.27926e-17
       9184.0091  1.52472e-16  2.31658e-17
       9189.5253  1.63096e-16  2.36611e-17
       9195.0416  1.25489e-16  2.33231e-17
       9200.5579  2.09092e-16  2.42817e-17
       9206.0742  2.02751e-16  2.49436e-17
       9211.5904  2.08359e-16  2.53117e-17
       9217.1067  2.51663e-16  2.58173e-17
       9222.6230  2.28772e-16  2.55057e-17
       9228.1393  2.16302e-16  2.55938e-17
