       3634.8579  1.60605e-17  1.08109e-17
       3640.3739  1.49581e-17  1.12072e-17
       3645.8898  1.50017e-17  1.15725e-17
       3651.4057  1.65670e-18  1.16446e-17
       3656.9217  1.54749e-17  1.15466e-17
       3662.4376  3.39302e-18  1.11885e-17
       3667.9536 -7.58383e-19  1.07165e-17
       3673.4695  1.96750e-19  1.02621e-17
       3678.9855  2.96619e-17  1.03331e-17
       3684.5014  6.74146e-18  9.97364e-18
       3690.0174  1.39895e-17  9.92271e-18
       3695.5333  1.29309e-17  9.72894e-18
       3701.0493  1.38927e-17  9.52282e-18
       3706.5652  1.17360e-17  9.25869e-18
       3712.0811  6.21622e-18  8.97021e-18
       3717.5971  1.53099e-17  8.85435e-18
       3723.1130  9.21779e-18  8.56839e-18
       3728.6290  1.12810e-18  8.35521e-18
       3734.1449  4.74919e-18  8.15547e-18
       3739.6609  3.55982e-19  8.05248e-18
       3745.1768  8.63777e-18  8.07760e-18
       3750.6928 -8.14329e-19  7.95283e-18
       3756.2087 -7.40508e-19  8.07379e-18
       3761.7247  6.64898e-18  8.16315e-18
       3767.2406  1.48548e-17  8.30970e-18
       3772.7565 -1.06961e-18  8.25932e-18
       3778.2725  6.57928e-18  8.17426e-18
       3783.7884  3.21931e-18  7.96778e-18
       3789.3044 -1.12956e-18  7.69064e-18
       3794.8203  1.01432e-18  7.59141e-18
       3800.3363  6.72208e-19  7.56845e-18
       3805.8522  2.20646e-18  7.48747e-18
       3811.3682 -1.45334e-17  8.17289e-18
       3816.8841 -2.32800e-17  7.19241e-18
       3822.4001  1.01866e-17  6.72887e-18
       3827.9160  1.08447e-17  6.60944e-18
       3833.4319  6.77019e-18  6.62772e-18
       3838.9479  6.70297e-18  6.77989e-18
       3844.4638  1.07479e-17  6.99563e-18
       3849.9798 -1.20940e-18  6.98826e-18
       3855.4957  1.03069e-17  6.96186e-18
       3861.0117  1.21098e-17  6.88022e-18
       3866.5276  1.18962e-17  6.86201e-18
       3872.0436  1.22314e-17  6.86467e-18
       3877.5595  1.34662e-17  6.78877e-18
       3883.0755  4.03619e-18  6.74780e-18
       3888.5914  1.44476e-17  6.91105e-18
       3894.1073  1.92869e-17  7.06737e-18
       3899.6233  1.02402e-17  7.16896e-18
       3905.1392  1.84242e-17  7.30592e-18
       3910.6552  6.91648e-18  7.26398e-18
       3916.1711  1.92169e-17  7.14316e-18
       3921.6871  1.47502e-17  6.66996e-18
       3927.2030  1.64400e-17  6.16393e-18
       3932.7190  2.06709e-17  5.95674e-18
       3938.2349  1.82723e-17  6.09115e-18
       3943.7509  2.38551e-17  6.52024e-18
       3949.2668  2.77554e-17  6.82093e-18
       3954.7827  2.22780e-17  6.75074e-18
       3960.2987  1.96648e-17  6.37408e-18
       3965.8146  2.74400e-17  6.12112e-18
       3971.3306  2.07005e-17  6.10810e-18
       3976.8465  2.44752e-17  6.50700e-18
       3982.3625  3.25582e-17  7.00899e-18
       3987.8784  2.27459e-17  7.12585e-18
       3993.3944  2.68199e-17  7.20745e-18
       3998.9103  3.87186e-17  7.26571e-18
       4004.4263  3.30823e-17  7.24189e-18
       4009.9422  3.12204e-17  7.28062e-18
       4015.4581  3.29788e-17  7.29363e-18
       4020.9741  4.08820e-17  7.28033e-18
       4026.4900  3.62791e-17  7.15809e-18
       4032.0060  3.46875e-17  7.06823e-18
       4037.5219  4.08266e-17  7.04892e-18
       4043.0379  4.79194e-17  7.02096e-18
       4048.5538  4.87573e-17  6.98760e-18
       4054.0698  4.89987e-17  6.88581e-18
       4059.5857  4.57459e-17  6.81421e-18
       4065.1017  4.32537e-17  6.72233e-18
       4070.6176  3.80604e-17  6.64585e-18
       4076.1335  3.57993e-17  6.60224e-18
       4081.6495  3.98183e-17  6.62887e-18
       4087.1654  3.54268e-17  6.62758e-18
       4092.6814  3.54171e-17  6.54857e-18
       4098.1973  2.79213e-17  6.35643e-18
       4103.7133  2.69299e-17  6.22822e-18
       4109.2292  2.21801e-17  6.24539e-18
       4114.7452  2.04836e-17  6.29452e-18
       4120.2611  2.41881e-17  6.35491e-18
       4125.7771  1.99178e-17  6.30291e-18
       4131.2930  1.92915e-17  6.28758e-18
       4136.8089  2.16535e-17  6.24612e-18
       4142.3249  2.72880e-17  6.25602e-18
       4147.8408  2.49962e-17  6.22799e-18
       4153.3568  2.10009e-17  6.18597e-18
       4158.8727  2.29373e-17  6.23620e-18
       4164.3887  2.09784e-17  6.20963e-18
       4169.9046  1.95799e-17  6.20069e-18
       4175.4206  2.10170e-17  6.12023e-18
       4180.9365  1.76664e-17  6.04633e-18
       4186.4525  1.68579e-17  6.05310e-18
       4191.9684  1.43012e-17  6.06369e-18
       4197.4843  2.80086e-17  6.05069e-18
       4203.0003  1.44480e-17  5.98565e-18
       4208.5162  1.99180e-17  6.08445e-18
       4214.0322  1.79849e-17  6.10572e-18
       4219.5481  1.27599e-17  6.03234e-18
       4225.0641  1.58245e-17  5.95639e-18
       4230.5800  2.46764e-17  5.95685e-18
       4236.0960  2.09715e-17  5.93789e-18
       4241.6119  1.47834e-17  5.91755e-18
       4247.1279  1.39242e-17  5.89671e-18
       4252.6438  1.79624e-17  6.40251e-18
       4258.1597  2.59281e-17  7.51782e-18
       4263.6757  2.54906e-17  5.89977e-18
       4269.1916  1.85765e-17  5.80686e-18
       4274.7076  1.81082e-17  5.75666e-18
       4280.2235  1.88235e-17  5.72068e-18
       4285.7395  1.68683e-17  5.64957e-18
       4291.2554  1.12243e-17  5.54051e-18
       4296.7714  2.02178e-17  5.69626e-18
       4302.2873  2.27629e-17  5.55145e-18
       4307.8033  1.11876e-17  5.13459e-18
       4313.3192  1.88725e-17  5.30241e-18
       4318.8351  1.14419e-17  5.41732e-18
       4324.3511  1.66304e-17  5.56626e-18
       4329.8670  1.91410e-17  5.56819e-18
       4335.3830  1.17378e-17  5.47245e-18
       4340.8989  1.52085e-17  5.43761e-18
       4346.4149 -9.02819e-19  5.46062e-18
       4351.9308  6.84294e-18  5.33543e-18
       4357.4468  1.55112e-17  5.52130e-18
       4362.9627  1.83884e-17  5.54832e-18
       4368.4787  2.08393e-17  5.54777e-18
       4373.9946  1.81406e-17  5.46374e-18
       4379.5105  1.77868e-17  5.31233e-18
       4385.0265  1.84364e-17  5.22363e-18
       4390.5424  2.07608e-17  5.23608e-18
       4396.0584  2.83058e-17  5.30403e-18
       4401.5743  2.63025e-17  5.31282e-18
       4407.0903  2.46422e-17  5.35310e-18
       4412.6062  2.47834e-17  5.36933e-18
       4418.1222  2.45788e-17  5.41946e-18
       4423.6381  2.60725e-17  5.44246e-18
       4429.1541  2.81087e-17  5.42132e-18
       4434.6700  2.75659e-17  5.41401e-18
       4440.1859  3.52925e-17  5.42839e-18
       4445.7019  3.09011e-17  5.39284e-18
       4451.2178  3.08586e-17  5.35317e-18
       4456.7338  3.12815e-17  5.28874e-18
       4462.2497  3.15358e-17  5.25252e-18
       4467.7657  3.20000e-17  5.26400e-18
       4473.2816  2.59100e-17  5.26336e-18
       4478.7976  2.75642e-17  5.29707e-18
       4484.3135  2.73226e-17  5.28320e-18
       4489.8295  3.05650e-17  5.28709e-18
       4495.3454  2.60973e-17  5.26090e-18
       4500.8613  2.46490e-17  5.27447e-18
       4506.3773  2.88103e-17  5.32768e-18
       4511.8932  2.75452e-17  5.32188e-18
       4517.4092  2.87289e-17  5.27247e-18
       4522.9251  2.94471e-17  5.21598e-18
       4528.4411  2.83308e-17  5.12347e-18
       4533.9570  2.89347e-17  5.11238e-18
       4539.4730  2.58109e-17  5.07927e-18
       4544.9889  2.87166e-17  5.10729e-18
       4550.5049  2.94990e-17  5.09285e-18
       4556.0208  2.96640e-17  5.08911e-18
       4561.5367  2.87871e-17  5.09209e-18
       4567.0527  3.54666e-17  5.10682e-18
       4572.5686  4.46715e-17  5.12265e-18
       4578.0846  3.34578e-17  5.06775e-18
       4583.6005  3.30005e-17  5.05110e-18
       4589.1165  3.69153e-17  5.04327e-18
       4594.6324  3.29017e-17  4.98582e-18
       4600.1484  3.57602e-17  4.97822e-18
       4605.6643  4.25746e-17  5.01965e-18
       4611.1803  4.50475e-17  5.05110e-18
       4616.6962  4.50737e-17  5.04100e-18
       4622.2121  4.83939e-17  5.06160e-18
       4627.7281  4.49804e-17  5.05208e-18
       4633.2440  5.06186e-17  5.06734e-18
       4638.7600  5.55521e-17  5.05351e-18
       4644.2759  5.75102e-17  5.02340e-18
       4649.7919  6.21724e-17  5.02994e-18
       4655.3078  6.09227e-17  5.04385e-18
       4660.8238  5.97931e-17  5.02257e-18
       4666.3397  6.70097e-17  5.06306e-18
       4671.8557  6.42358e-17  5.03435e-18
       4677.3716  7.05139e-17  5.02839e-18
       4682.8875  7.37763e-17  5.10289e-18
       4688.4035  5.73033e-17  5.13048e-18
       4693.9194  5.81280e-17  5.11074e-18
       4699.4354  7.95455e-17  5.05705e-18
       4704.9513  8.09596e-17  5.06488e-18
       4710.4673  7.61967e-17  5.01686e-18
       4715.9832  7.40676e-17  5.02593e-18
       4721.4992  7.33448e-17  5.04109e-18
       4727.0151  7.60688e-17  5.02195e-18
       4732.5311  7.63090e-17  5.00821e-18
       4738.0470  7.30011e-17  4.96624e-18
       4743.5629  6.57455e-17  4.93890e-18
       4749.0789  6.78017e-17  4.94362e-18
       4754.5948  6.43710e-17  4.90631e-18
       4760.1108  6.33785e-17  4.84573e-18
       4765.6267  5.66618e-17  4.79773e-18
       4771.1427  5.22725e-17  4.78971e-18
       4776.6586  5.69892e-17  4.80956e-18
       4782.1746  5.48242e-17  4.80094e-18
       4787.6905  4.82997e-17  4.75186e-18
       4793.2065  5.03520e-17  4.73981e-18
       4798.7224  4.38681e-17  4.68888e-18
       4804.2383  4.31451e-17  4.68896e-18
       4809.7543  3.68844e-17  4.64097e-18
       4815.2702  3.70556e-17  4.65211e-18
       4820.7862  3.70069e-17  4.65178e-18
       4826.3021  3.98677e-17  4.64189e-18
       4831.8181  3.45911e-17  4.60387e-18
       4837.3340  3.63976e-17  4.59482e-18
       4842.8500  3.66856e-17  4.55333e-18
       4848.3659  3.09835e-17  4.47669e-18
       4853.8819  3.56252e-17  4.42186e-18
       4859.3978  3.35048e-17  4.32746e-18
       4864.9137  3.31657e-17  4.30347e-18
       4870.4297  3.38416e-17  4.29772e-18
       4875.9456  2.76320e-17  4.32533e-18
       4881.4616  2.78293e-17  4.37287e-18
       4886.9775  3.12833e-17  4.38518e-18
       4892.4935  3.73931e-17  4.43727e-18
       4898.0094  3.68799e-17  4.44650e-18
       4903.5254  3.61888e-17  4.46572e-18
       4909.0413  3.70244e-17  4.46650e-18
       4914.5573  3.37256e-17  4.38893e-18
       4920.0732  3.75568e-17  4.38684e-18
       4925.5891  3.85937e-17  4.38678e-18
       4931.1051  3.61858e-17  4.38857e-18
       4936.6210  3.93475e-17  4.40777e-18
       4942.1370  3.55061e-17  4.40153e-18
       4947.6529  2.94431e-17  4.36857e-18
       4953.1689  3.38948e-17  4.37635e-18
       4958.6848  3.44517e-17  4.37157e-18
       4964.2008  3.53639e-17  4.36848e-18
       4969.7167  3.61226e-17  4.39097e-18
       4975.2327  3.66746e-17  4.37443e-18
       4980.7486  3.28197e-17  4.34568e-18
       4986.2645  4.19880e-17  4.36554e-18
       4991.7805  4.27220e-17  4.39643e-18
       4997.2964  3.96991e-17  4.36303e-18
       5002.8124  4.69924e-17  4.39227e-18
       5008.3283  4.74378e-17  4.38295e-18
       5013.8443  5.23827e-17  4.37707e-18
       5019.3602  5.15838e-17  4.37312e-18
       5024.8762  6.23982e-17  4.41966e-18
       5030.3921  6.10221e-17  4.43202e-18
       5035.9081  6.58705e-17  4.45412e-18
       5041.4240  6.58159e-17  4.45704e-18
       5046.9399  7.19806e-17  4.48721e-18
       5052.4559  7.14407e-17  4.51643e-18
       5057.9718  7.20064e-17  4.52347e-18
       5063.4878  6.85600e-17  4.49264e-18
       5069.0037  7.01400e-17  4.47427e-18
       5074.5197  6.24660e-17  4.40167e-18
       5080.0356  5.29856e-17  4.32999e-18
       5085.5516  4.56202e-17  4.27202e-18
       5091.0675  4.50668e-17  4.26264e-18
       5096.5835  4.15565e-17  4.23327e-18
       5102.0994  3.34273e-17  4.15046e-18
       5107.6153  3.57502e-17  4.15255e-18
       5113.1313  3.55746e-17  4.17589e-18
       5118.6472  3.14145e-17  4.12287e-18
       5124.1632  3.04720e-17  4.11002e-18
       5129.6791  3.35568e-17  4.13679e-18
       5135.1951  3.11450e-17  4.10160e-18
       5140.7110  3.05358e-17  4.10363e-18
       5146.2270  3.56009e-17  4.14177e-18
       5151.7429  3.87922e-17  4.16963e-18
       5157.2589  3.87124e-17  4.16127e-18
       5162.7748  3.99718e-17  4.09420e-18
       5168.2907  4.41001e-17  4.10380e-18
       5173.8067  4.65491e-17  4.31730e-18
       5179.3226  3.88694e-17  5.25364e-18
       5184.8386  4.32922e-17  6.04355e-18
       5190.3545  3.38512e-17  4.28249e-18
       5195.8705  4.10551e-17  4.13636e-18
       5201.3864  4.21378e-17  4.16432e-18
       5206.9024  4.47322e-17  4.18556e-18
       5212.4183  4.04290e-17  4.15998e-18
       5217.9342  4.06350e-17  4.16165e-18
       5223.4502  4.47420e-17  4.18028e-18
       5228.9661  4.58598e-17  4.24494e-18
       5234.4821  4.46815e-17  4.18276e-18
       5239.9980  4.62633e-17  4.18643e-18
       5245.5140  4.45694e-17  4.19021e-18
       5251.0299  4.42680e-17  4.15854e-18
       5256.5459  4.72965e-17  4.14687e-18
       5262.0618  4.10306e-17  4.04582e-18
       5267.5778  4.56958e-17  4.15781e-18
       5273.0937  4.64202e-17  4.08954e-18
       5278.6096  4.55056e-17  4.05030e-18
       5284.1256  4.74262e-17  4.12067e-18
       5289.6415  5.05997e-17  4.13543e-18
       5295.1575  5.10471e-17  4.13172e-18
       5300.6734  4.85459e-17  4.13107e-18
       5306.1894  5.70121e-17  4.17789e-18
       5311.7053  4.92494e-17  4.13942e-18
       5317.2213  5.37943e-17  4.13503e-18
       5322.7372  5.54769e-17  4.13399e-18
       5328.2532  5.35225e-17  4.09898e-18
       5333.7691  5.66510e-17  4.10241e-18
       5339.2850  6.02787e-17  4.12936e-18
       5344.8010  5.79187e-17  4.12742e-18
       5350.3169  5.93964e-17  4.12896e-18
       5355.8329  6.15212e-17  4.17548e-18
       5361.3488  6.51832e-17  4.16640e-18
       5366.8648  6.09264e-17  4.11030e-18
       5372.3807  6.25808e-17  4.11318e-18
       5377.8967  6.19128e-17  4.10554e-18
       5383.4126  6.26884e-17  4.11497e-18
       5388.9286  6.78026e-17  4.12696e-18
       5394.4445  6.84426e-17  4.11553e-18
       5399.9604  6.36372e-17  4.06229e-18
       5405.4764  6.63859e-17  4.06761e-18
       5410.9923  6.94560e-17  4.08518e-18
       5416.5083  7.03575e-17  4.09142e-18
       5422.0242  7.23445e-17  4.12641e-18
       5427.5402  7.33445e-17  4.11548e-18
       5433.0561  7.42421e-17  4.12308e-18
       5438.5721  7.70019e-17  4.14327e-18
       5444.0880  7.52063e-17  4.14848e-18
       5449.6040  7.35153e-17  4.14411e-18
       5455.1199  7.46333e-17  4.14503e-18
       5460.6358  7.41431e-17  4.13209e-18
       5466.1518  7.04142e-17  4.11137e-18
       5471.6677  7.23970e-17  4.10107e-18
       5477.1837  7.05746e-17  4.07973e-18
       5482.6996  7.15212e-17  4.08276e-18
       5488.2156  6.77166e-17  4.06427e-18
       5493.7315  7.02074e-17  4.07825e-18
       5499.2475  6.89230e-17  4.06038e-18
       5504.7634  7.09435e-17  4.08337e-18
       5510.2794  6.98035e-17  4.08135e-18
       5515.7953  7.12029e-17  4.07307e-18
       5521.3112  6.73056e-17  4.05343e-18
       5526.8272  6.80109e-17  4.07587e-18
       5532.3431  7.43765e-17  4.11577e-18
       5537.8591  7.86214e-17  4.14392e-18
       5543.3750  7.88086e-17  4.15906e-18
       5548.8910  7.91997e-17  4.17624e-18
       5554.4069  8.18934e-17  4.19269e-18
       5559.9229  8.65446e-17  4.23144e-18
       5565.4388  9.37022e-17  4.82971e-18
       5570.9548  9.71749e-17  5.68115e-18
       5576.4707  9.79962e-17  5.72635e-18
       5581.9866  1.08125e-16  5.70931e-18
       5587.5026  1.12479e-16  5.04649e-18
       5593.0185  1.10701e-16  4.34709e-18
       5598.5345  1.07147e-16  4.34803e-18
       5604.0504  1.08851e-16  4.35868e-18
       5609.5664  1.17384e-16  4.41244e-18
       5615.0823  1.12736e-16  4.39191e-18
       5620.5983  1.16947e-16  4.40490e-18
       5626.1142  1.16343e-16  4.39188e-18
       5631.6302  1.15306e-16  4.39405e-18
       5637.1461  1.16384e-16  4.38365e-18
       5642.6620  1.13172e-16  4.62401e-18
       5648.1780  1.19500e-16  4.74816e-18
       5653.6939  1.11504e-16  4.33372e-18
       5659.2099  1.13721e-16  4.33935e-18
       5664.7258  1.04301e-16  4.28971e-18
       5670.2418  1.06568e-16  4.30960e-18
       5675.7577  9.96819e-17  4.27990e-18
       5681.2737  1.01639e-16  4.28480e-18
       5686.7896  1.01022e-16  4.28019e-18
       5692.3056  9.17086e-17  4.21389e-18
       5697.8215  8.91852e-17  4.17072e-18
       5703.3374  8.51597e-17  4.12022e-18
       5708.8534  8.58337e-17  4.09838e-18
       5714.3693  8.45015e-17  4.08768e-18
       5719.8853  8.21466e-17  4.08211e-18
       5725.4012  8.09611e-17  4.07977e-18
       5730.9172  8.31610e-17  4.08387e-18
       5736.4331  8.18062e-17  4.06026e-18
       5741.9491  8.02351e-17  4.04906e-18
       5747.4650  7.95995e-17  4.03449e-18
       5752.9810  7.98544e-17  4.03361e-18
       5758.4969  8.50768e-17  4.07068e-18
       5764.0128  8.09459e-17  4.04015e-18
       5769.5288  7.93725e-17  4.02264e-18
       5775.0447  7.81597e-17  4.01925e-18
       5780.5607  7.51439e-17  3.98424e-18
       5786.0766  7.31880e-17  3.98131e-18
       5791.5926  7.57828e-17  4.00266e-18
       5797.1085  6.85079e-17  3.94955e-18
       5802.6245  6.65046e-17  3.94271e-18
       5808.1404  6.92251e-17  3.94130e-18
       5813.6564  7.08604e-17  3.98347e-18
       5819.1723  6.44093e-17  3.94504e-18
       5824.6882  6.42893e-17  3.94385e-18
       5830.2042  6.40593e-17  3.93434e-18
       5835.7201  6.64675e-17  3.94219e-18
       5841.2361  6.41399e-17  3.93391e-18
       5846.7520  5.64696e-17  3.87923e-18
       5852.2680  5.82190e-17  3.90239e-18
       5857.7839  5.77977e-17  3.91310e-18
       5863.2999  5.84938e-17  3.97395e-18
       5868.8158  5.90342e-17  4.21800e-18
       5874.3318  6.23357e-17  4.24610e-18
       5879.8477  6.34371e-17  4.02115e-18
       5885.3636  5.94875e-17  4.03522e-18
       5890.8796  6.37212e-17  4.06888e-18
       5896.3955  6.29349e-17  4.03196e-18
       5901.9115  6.34518e-17  3.96093e-18
       5907.4274  6.19506e-17  3.91840e-18
       5912.9434  6.35802e-17  3.94369e-18
       5918.4593  6.44711e-17  3.96497e-18
       5923.9753  6.57993e-17  3.96094e-18
       5929.4912  6.63915e-17  3.97866e-18
       5935.0072  6.62677e-17  3.97763e-18
       5940.5231  6.80417e-17  3.97585e-18
       5946.0390  6.79285e-17  3.96956e-18
       5951.5550  6.71782e-17  3.93831e-18
       5957.0709  7.21775e-17  3.97794e-18
       5962.5869  6.76057e-17  3.93798e-18
       5968.1028  7.31792e-17  4.93004e-18
       5973.6188  7.35454e-17  4.99146e-18
       5979.1347  7.62160e-17  4.40386e-18
       5984.6507  6.93576e-17  3.90972e-18
       5990.1666  7.28227e-17  3.93756e-18
       5995.6826  7.72955e-17  3.96800e-18
       6001.1985  7.11944e-17  3.91606e-18
       6006.7144  6.80496e-17  3.87780e-18
       6012.2304  6.81157e-17  3.86169e-18
       6017.7463  6.39968e-17  3.82840e-18
       6023.2623  6.70070e-17  3.85290e-18
       6028.7782  6.65214e-17  3.86093e-18
       6034.2942  6.38559e-17  3.83783e-18
       6039.8101  6.37417e-17  3.82587e-18
       6045.3261  6.55809e-17  3.83237e-18
       6050.8420  6.67906e-17  3.82631e-18
       6056.3580  6.60228e-17  3.80586e-18
       6061.8739  6.38252e-17  3.80064e-18
       6067.3898  6.12103e-17  3.76608e-18
       6072.9058  6.06487e-17  3.75656e-18
       6078.4217  5.96485e-17  3.75867e-18
       6083.9377  6.08781e-17  3.74038e-18
       6089.4536  6.37794e-17  3.75295e-18
       6094.9696  6.39520e-17  3.74013e-18
       6100.4855  6.03340e-17  3.70738e-18
       6106.0015  5.97475e-17  3.71203e-18
       6111.5174  5.66812e-17  3.67462e-18
       6117.0334  5.89286e-17  3.67901e-18
       6122.5493  5.71791e-17  3.66749e-18
       6128.0652  5.25513e-17  3.63371e-18
       6133.5812  5.36128e-17  3.66942e-18
       6139.0971  5.26612e-17  3.65788e-18
       6144.6131  5.19389e-17  3.65175e-18
       6150.1290  5.52814e-17  3.64441e-18
       6155.6450  5.06689e-17  3.60281e-18
       6161.1609  5.56567e-17  3.64218e-18
       6166.6769  5.56036e-17  3.64522e-18
       6172.1928  5.66843e-17  3.66496e-18
       6177.7088  5.49062e-17  3.63542e-18
       6183.2247  5.27488e-17  3.60233e-18
       6188.7406  5.51999e-17  3.61345e-18
       6194.2566  5.86669e-17  3.65364e-18
       6199.7725  5.42972e-17  3.61601e-18
       6205.2885  5.60703e-17  3.63518e-18
       6210.8044  5.13045e-17  3.58640e-18
       6216.3204  5.20575e-17  3.57107e-18
       6221.8363  5.10794e-17  3.59320e-18
       6227.3523  5.01380e-17  3.61997e-18
       6232.8682  4.54018e-17  3.67384e-18
       6238.3842  5.14653e-17  3.65867e-18
       6243.9001  5.33358e-17  3.62271e-18
       6249.4160  5.10260e-17  3.60870e-18
       6254.9320  4.94504e-17  3.58452e-18
       6260.4479  4.99687e-17  3.60825e-18
       6265.9639  5.14972e-17  3.56668e-18
       6271.4798  4.97590e-17  3.50770e-18
       6276.9958  5.06781e-17  3.51802e-18
       6282.5117  4.82397e-17  3.52135e-18
       6288.0277  4.96198e-17  3.63831e-18
       6293.5436  4.95813e-17  3.74277e-18
       6299.0596  4.62815e-17  3.73501e-18
       6304.5755  4.78592e-17  3.70459e-18
       6310.0914  4.68279e-17  3.56985e-18
       6315.6074  4.31599e-17  3.45016e-18
       6321.1233  4.62164e-17  3.47819e-18
       6326.6393  4.49713e-17  3.46484e-18
       6332.1552  4.28123e-17  3.43806e-18
       6337.6712  4.70846e-17  3.43689e-18
       6343.1871  4.46405e-17  3.39799e-18
       6348.7031  4.30714e-17  3.44452e-18
       6354.2190  4.40142e-17  3.48293e-18
       6359.7350  4.40571e-17  3.46583e-18
       6365.2509  4.78085e-17  3.49332e-18
       6370.7668  4.59615e-17  3.44778e-18
       6376.2828  4.59759e-17  3.41324e-18
       6381.7987  4.96453e-17  3.43731e-18
       6387.3147  4.68165e-17  3.40547e-18
       6392.8306  5.17223e-17  3.42842e-18
       6398.3466  5.49041e-17  3.44752e-18
       6403.8625  5.46421e-17  3.42951e-18
       6409.3785  5.33353e-17  3.42460e-18
       6414.8944  5.62276e-17  3.44311e-18
       6420.4104  5.52861e-17  3.43089e-18
       6425.9263  5.70838e-17  3.44302e-18
       6431.4422  5.71501e-17  3.45194e-18
       6436.9582  4.35032e-17  3.40256e-18
       6442.4741  4.96177e-17  3.40691e-18
       6447.9901  5.28376e-17  3.41421e-18
       6453.5060  5.83063e-17  3.47878e-18
       6459.0220  5.86933e-17  3.50155e-18
       6464.5379  6.02083e-17  3.53258e-18
       6470.0539  6.00309e-17  3.52119e-18
       6475.5698  6.31135e-17  3.51492e-18
       6481.0858  6.28609e-17  3.47010e-18
       6486.6017  6.19093e-17  3.48414e-18
       6492.1176  5.99252e-17  3.50850e-18
       6497.6336  6.31422e-17  3.53274e-18
       6503.1495  6.59637e-17  3.55257e-18
       6508.6655  6.45800e-17  3.50353e-18
       6514.1814  6.86196e-17  3.49997e-18
       6519.6974  6.74475e-17  3.51130e-18
       6525.2133  6.69015e-17  3.53155e-18
       6530.7293  6.76286e-17  3.54893e-18
       6536.2452  6.93248e-17  3.57422e-18
       6541.7612  7.32879e-17  3.60838e-18
       6547.2771  7.02661e-17  3.59318e-18
       6552.7930  7.14295e-17  3.57575e-18
       6558.3090  7.59663e-17  3.58287e-18
       6563.8249  7.79868e-17  3.58825e-18
       6569.3409  7.54508e-17  3.57815e-18
       6574.8568  7.83564e-17  3.59285e-18
       6580.3728  8.40373e-17  3.63609e-18
       6585.8887  8.17973e-17  3.62010e-18
       6591.4047  8.21209e-17  3.59739e-18
       6596.9206  8.46810e-17  3.62702e-18
       6602.4366  8.47660e-17  3.61882e-18
       6607.9525  7.86773e-17  3.56070e-18
       6613.4684  8.43194e-17  3.59734e-18
       6618.9844  8.71132e-17  3.61479e-18
       6624.5003  8.56951e-17  3.59566e-18
       6630.0163  8.26281e-17  3.56582e-18
       6635.5322  8.00274e-17  3.54385e-18
       6641.0482  7.95164e-17  3.53961e-18
       6646.5641  7.62264e-17  3.50321e-18
       6652.0801  7.28718e-17  3.47409e-18
       6657.5960  7.65001e-17  3.52539e-18
       6663.1120  7.05974e-17  3.48433e-18
       6668.6279  7.03725e-17  3.47793e-18
       6674.1438  7.06526e-17  3.48500e-18
       6679.6598  7.02390e-17  3.45808e-18
       6685.1757  6.52765e-17  3.40239e-18
       6690.6917  6.73552e-17  3.43518e-18
       6696.2076  6.46690e-17  3.40155e-18
       6701.7236  6.18577e-17  3.34898e-18
       6707.2395  6.03531e-17  3.33828e-18
       6712.7555  5.78247e-17  3.31366e-18
       6718.2714  5.96294e-17  3.30987e-18
       6723.7874  5.74929e-17  3.27939e-18
       6729.3033  5.64378e-17  3.26156e-18
       6734.8192  5.37557e-17  3.25475e-18
       6740.3352  5.50075e-17  3.22087e-18
       6745.8511  3.48019e-17  3.19363e-18
       6751.3671  2.15852e-17  3.27320e-18
       6756.8830  4.44231e-17  3.13073e-18
       6762.3990  4.25351e-17  3.12542e-18
       6767.9149  4.24249e-17  3.10023e-18
       6773.4309  4.21783e-17  3.10171e-18
       6778.9468  4.08926e-17  3.08350e-18
       6784.4628  3.98946e-17  3.08883e-18
       6789.9787  4.02673e-17  3.08500e-18
       6795.4946  4.06204e-17  3.07667e-18
       6801.0106  3.69933e-17  3.05973e-18
       6806.5265  4.01717e-17  3.07497e-18
       6812.0425  3.44277e-17  3.02612e-18
       6817.5584  3.46565e-17  3.11063e-18
       6823.0744  3.54721e-17  3.23794e-18
       6828.5903  3.55065e-17  3.27676e-18
       6834.1063  3.44205e-17  3.26914e-18
       6839.6222  3.47252e-17  3.18352e-18
       6845.1382  3.42733e-17  3.05933e-18
       6850.6541  3.48037e-17  3.09255e-18
       6856.1700  3.37865e-17  3.13422e-18
       6861.6860  3.01672e-17  3.03497e-18
       6867.2019  3.28896e-17  2.98849e-18
       6872.7179  3.10816e-17  2.85064e-18
       6878.2338  3.07262e-17  2.78675e-18
       6883.7498  3.22796e-17  2.84813e-18
       6889.2657  3.01775e-17  2.85511e-18
       6894.7817  3.28333e-17  2.86676e-18
       6900.2976  3.37729e-17  2.91462e-18
       6905.8136  3.36268e-17  2.93898e-18
       6911.3295  2.93038e-17  2.98808e-18
       6916.8454  2.63051e-17  3.04954e-18
       6922.3614  3.03923e-17  3.02342e-18
       6927.8773  3.28085e-17  3.01929e-18
       6933.3933  3.41731e-17  3.02540e-18
       6938.9092  3.52558e-17  3.06849e-18
       6944.4252  3.50714e-17  3.09490e-18
       6949.9411  3.43814e-17  3.07365e-18
       6955.4571  3.78876e-17  3.08891e-18
       6960.9730  3.37403e-17  2.99610e-18
       6966.4890  3.38707e-17  3.01577e-18
       6972.0049  3.49994e-17  3.06040e-18
       6977.5208  3.32064e-17  3.05303e-18
       6983.0368  3.53466e-17  3.03636e-18
       6988.5527  2.80618e-17  2.92423e-18
       6994.0687  2.99734e-17  2.91801e-18
       6999.5846  3.03016e-17  2.93355e-18
       7005.1006  3.09746e-17  2.94873e-18
       7010.6165  3.20133e-17  2.94949e-18
       7016.1325  2.79335e-17  2.92987e-18
       7021.6484  2.98250e-17  3.01268e-18
       7027.1644  2.86797e-17  2.98788e-18
       7032.6803  2.94796e-17  2.95308e-18
       7038.1962  3.08007e-17  2.97048e-18
       7043.7122  2.85572e-17  2.98202e-18
       7049.2281  2.82933e-17  2.98069e-18
       7054.7441  3.23946e-17  3.01531e-18
       7060.2600  3.24791e-17  3.01913e-18
       7065.7760  2.89140e-17  2.98105e-18
       7071.2919  3.01582e-17  2.98370e-18
       7076.8079  3.03927e-17  2.99073e-18
       7082.3238  3.46730e-17  3.03585e-18
       7087.8398  3.74815e-17  3.05762e-18
       7093.3557  3.50561e-17  3.01095e-18
       7098.8716  3.28443e-17  2.99065e-18
       7104.3876  3.75601e-17  3.01976e-18
       7109.9035  3.74283e-17  3.03115e-18
       7115.4195  3.74717e-17  3.02513e-18
       7120.9354  3.58973e-17  3.03232e-18
       7126.4514  4.13306e-17  3.08177e-18
       7131.9673  4.14305e-17  3.08661e-18
       7137.4833  4.42031e-17  3.11680e-18
       7142.9992  4.01403e-17  3.08141e-18
       7148.5152  4.27016e-17  3.11133e-18
       7154.0311  4.08629e-17  3.08275e-18
       7159.5470  4.09106e-17  3.06002e-18
       7165.0630  4.53159e-17  3.06431e-18
       7170.5789  4.29664e-17  3.01463e-18
       7176.0949  4.18173e-17  2.94893e-18
       7181.6108  4.38945e-17  2.95080e-18
       7187.1268  4.60689e-17  2.95223e-18
       7192.6427  4.86049e-17  2.95057e-18
       7198.1587  4.55510e-17  2.94483e-18
       7203.6746  3.62218e-17  2.94653e-18
       7209.1906  4.31858e-17  3.00388e-18
       7214.7065  5.02527e-17  3.06184e-18
       7220.2224  4.77641e-17  3.04744e-18
       7225.7384  4.42258e-17  3.05184e-18
       7231.2543  4.09450e-17  3.23676e-18
       7236.7703  4.60792e-17  3.48374e-18
       7242.2862  4.87683e-17  3.56371e-18
       7247.8022  4.91458e-17  3.52426e-18
       7253.3181  4.45615e-17  3.25678e-18
       7258.8341  4.31057e-17  3.06329e-18
       7264.3500  4.75273e-17  3.20178e-18
       7269.8660  5.15404e-17  3.46352e-18
       7275.3819  5.05220e-17  3.57487e-18
       7280.8978  4.49770e-17  3.53821e-18
       7286.4138  5.16583e-17  3.40871e-18
       7291.9297  4.76752e-17  3.25409e-18
       7297.4457  5.44687e-17  3.24122e-18
       7302.9616  5.15574e-17  3.28101e-18
       7308.4776  5.37078e-17  3.42684e-18
       7313.9935  5.38817e-17  3.43674e-18
       7319.5095  5.74871e-17  3.52785e-18
       7325.0254  6.31314e-17  3.52054e-18
       7330.5414  6.32029e-17  3.58184e-18
       7336.0573  6.21721e-17  3.65947e-18
       7341.5732  6.28200e-17  3.62486e-18
       7347.0892  6.59580e-17  3.61601e-18
       7352.6051  7.10390e-17  3.56004e-18
       7358.1211  7.29593e-17  3.58108e-18
       7363.6370  7.23550e-17  3.68322e-18
       7369.1530  7.12017e-17  3.62752e-18
       7374.6689  7.13764e-17  3.55092e-18
       7380.1849  7.52957e-17  3.50176e-18
       7385.7008  7.88519e-17  3.46820e-18
       7391.2168  8.04678e-17  3.56013e-18
       7396.7327  7.58780e-17  3.58776e-18
       7402.2486  7.08003e-17  3.51675e-18
       7407.7646  7.22606e-17  3.46697e-18
       7413.2805  7.71117e-17  3.42748e-18
       7418.7965  6.54001e-17  3.36422e-18
       7424.3124  3.21809e-17  3.59053e-18
       7429.8284  5.62704e-17  3.35230e-18
       7435.3443  6.41426e-17  3.36359e-18
       7440.8603  6.51522e-17  3.36225e-18
       7446.3762  6.85600e-17  3.38168e-18
       7451.8922  7.16000e-17  3.36988e-18
       7457.4081  6.27997e-17  3.29008e-18
       7462.9240  5.69312e-17  3.27837e-18
       7468.4400  5.54427e-17  3.30557e-18
       7473.9559  6.04391e-17  3.42131e-18
       7479.4719  6.16044e-17  3.44721e-18
       7484.9878  5.53669e-17  3.35391e-18
       7490.5038  4.99011e-17  3.25038e-18
       7496.0197  4.63822e-17  3.14158e-18
       7501.5357  4.53361e-17  3.07918e-18
       7507.0516  4.65324e-17  3.08844e-18
       7512.5676  4.41579e-17  3.16933e-18
       7518.0835  4.06925e-17  3.28858e-18
       7523.5994  3.93926e-17  3.29492e-18
       7529.1154  3.14657e-17  3.21353e-18
       7534.6313  3.19900e-17  3.13187e-18
       7540.1473  3.32130e-17  3.00976e-18
       7545.6632  3.93835e-17  3.03853e-18
       7551.1792  3.69023e-17  3.03014e-18
       7556.6951  3.62835e-17  3.02938e-18
       7562.2111  3.15366e-17  3.09286e-18
       7567.7270  3.28882e-17  3.15075e-18
       7573.2430  3.61759e-17  3.20041e-18
       7578.7589  4.23758e-17  3.26882e-18
       7584.2748  4.08002e-17  3.08282e-18
       7589.7908  3.11092e-17  2.88605e-18
       7595.3067  2.30316e-17  2.63048e-18
       7600.8227  2.20189e-17  2.29297e-18
       7606.3386  3.21984e-17  2.26200e-18
       7611.8546  4.74081e-17  2.42270e-18
       7617.3705  4.65312e-17  2.54293e-18
       7622.8865  4.09442e-17  2.59070e-18
       7628.4024  3.47708e-17  2.52690e-18
       7633.9184  3.19910e-17  2.48117e-18
       7639.4343  3.91476e-17  2.56744e-18
       7644.9502  4.64620e-17  2.71274e-18
       7650.4662  5.04660e-17  2.86839e-18
       7655.9821  4.71978e-17  2.95635e-18
       7661.4981  4.09683e-17  2.96458e-18
       7667.0140  3.81879e-17  3.00723e-18
       7672.5300  4.25798e-17  3.08994e-18
       7678.0459  4.89307e-17  3.16899e-18
       7683.5619  4.93383e-17  3.24073e-18
       7689.0778  4.53780e-17  3.22610e-18
       7694.5938  4.14077e-17  3.20143e-18
       7700.1097  3.81446e-17  3.26011e-18
       7705.6256  3.94332e-17  3.65141e-18
       7711.1416  4.59682e-17  3.99886e-18
       7716.6575  4.81912e-17  4.12428e-18
       7722.1735  4.80695e-17  4.07829e-18
       7727.6894  3.68225e-17  3.62158e-18
       7733.2054  3.60046e-17  3.35578e-18
       7738.7213  3.46169e-17  3.45498e-18
       7744.2373  3.82748e-17  3.81508e-18
       7749.7532  4.63879e-17  4.05952e-18
       7755.2691  4.94025e-17  4.17557e-18
       7760.7851  4.55839e-17  3.93166e-18
       7766.3010  3.96545e-17  3.61037e-18
       7771.8170  4.29149e-17  3.55454e-18
       7777.3329  4.46777e-17  3.56991e-18
       7782.8489  5.23604e-17  4.63286e-18
       7788.3648  6.05278e-17  4.90510e-18
       7793.8808  5.43889e-17  3.98016e-18
       7799.3967  5.30956e-17  3.99924e-18
       7804.9127  4.58239e-17  3.84630e-18
       7810.4286  4.80384e-17  3.83367e-18
       7815.9445  5.49740e-17  4.18604e-18
       7821.4605  6.45331e-17  4.18587e-18
       7826.9764  6.19358e-17  4.11729e-18
       7832.4924  5.45685e-17  3.89553e-18
       7838.0083  5.22442e-17  3.66468e-18
       7843.5243  5.32127e-17  3.91148e-18
       7849.0402  5.75022e-17  4.24089e-18
       7854.5562  7.04523e-17  4.42104e-18
       7860.0721  7.20116e-17  4.49773e-18
       7865.5881  6.76098e-17  4.25757e-18
       7871.1040  5.93563e-17  4.05004e-18
       7876.6199  5.68500e-17  4.00906e-18
       7882.1359  5.82523e-17  4.06389e-18
       7887.6518  6.19639e-17  4.06659e-18
       7893.1678  6.95972e-17  4.05913e-18
       7898.6837  6.93786e-17  3.94278e-18
       7904.1997  5.74875e-17  3.96570e-18
       7909.7156  5.20550e-17  4.18805e-18
       7915.2316  5.21945e-17  4.37330e-18
       7920.7475  5.32831e-17  4.44570e-18
       7926.2635  6.00688e-17  4.30454e-18
       7931.7794  5.99359e-17  3.98104e-18
       7937.2953  4.79964e-17  3.74092e-18
       7942.8113  4.23884e-17  3.63878e-18
       7948.3272  3.93366e-17  3.53276e-18
       7953.8432  3.89545e-17  3.69053e-18
       7959.3591  4.61893e-17  4.02278e-18
       7964.8751  4.48599e-17  4.01884e-18
       7970.3910  4.05290e-17  4.01132e-18
       7975.9070  3.39001e-17  3.86305e-18
       7981.4229  2.98719e-17  3.67321e-18
       7986.9389  3.02528e-17  3.95317e-18
       7992.4548  3.25592e-17  3.99505e-18
       7997.9707  2.73415e-17  3.90821e-18
       8003.4867  2.65552e-17  3.74822e-18
       8009.0026  2.40204e-17  3.48251e-18
       8014.5186  1.91704e-17  3.46849e-18
       8020.0345  1.98949e-17  3.71952e-18
       8025.5505  2.13350e-17  3.77450e-18
       8031.0664  2.22057e-17  3.75274e-18
       8036.5824  2.26844e-17  3.57093e-18
       8042.0983  1.65066e-17  3.30960e-18
       8047.6143  1.46734e-17  3.27168e-18
       8053.1302  1.37405e-17  3.32374e-18
       8058.6461  1.05641e-17  3.39075e-18
       8064.1621  1.36999e-17  3.44888e-18
       8069.6780  1.44116e-17  3.40465e-18
       8075.1940  1.08596e-17  3.28312e-18
       8080.7099  9.75161e-18  3.16238e-18
       8086.2259  6.56572e-18  3.15968e-18
       8091.7418  7.82163e-18  3.20708e-18
       8097.2578  7.19644e-18  3.22074e-18
       8102.7737  1.09431e-17  3.31198e-18
       8108.2897  6.87773e-18  3.25067e-18
       8113.8056  5.91078e-18  3.18443e-18
       8119.3215  7.67427e-18  3.12176e-18
       8124.8375  4.70745e-18  3.05330e-18
       8130.3534  3.21802e-18  3.08154e-18
       8135.8694  7.91345e-18  3.16729e-18
       8141.3853  1.25588e-17  3.25442e-18
       8146.9013  9.96247e-18  3.22006e-18
       8152.4172  1.29354e-17  3.19924e-18
       8157.9332  7.42073e-18  3.09460e-18
       8163.4491  8.26943e-18  3.11217e-18
       8168.9651  1.48217e-17  3.16336e-18
       8174.4810  1.61339e-17  3.22443e-18
       8179.9969  1.39512e-17  3.25921e-18
       8185.5129  1.05479e-17  3.24557e-18
       8191.0288  1.12575e-17  3.24542e-18
       8196.5448  8.98073e-18  3.22634e-18
       8202.0607  6.35685e-18  3.21793e-18
       8207.5767  9.41757e-18  3.29976e-18
       8213.0926  1.10331e-17  3.33942e-18
       8218.6086  9.68657e-18  3.29908e-18
       8224.1245  8.96425e-18  3.22916e-18
       8229.6405  6.15198e-18  3.19046e-18
       8235.1564  1.25351e-17  3.23011e-18
       8240.6723  7.22890e-18  3.26429e-18
       8246.1883  8.63180e-18  3.34257e-18
       8251.7042  1.38333e-17  3.44844e-18
       8257.2202  1.17097e-17  3.42560e-18
       8262.7361  1.27737e-17  3.40677e-18
       8268.2521  1.16748e-17  3.46038e-18
       8273.7680  1.43148e-17  3.76990e-18
       8279.2840  2.12495e-17  4.25129e-18
       8284.7999  2.15616e-17  4.58972e-18
       8290.3159  2.75815e-17  4.93124e-18
       8295.8318  1.59874e-17  4.81489e-18
       8301.3477  1.12438e-17  4.53368e-18
       8306.8637  9.42101e-18  4.27181e-18
       8312.3796  7.96771e-18  3.89454e-18
       8317.8956  7.56211e-18  3.69448e-18
       8323.4115  7.85240e-18  3.62126e-18
       8328.9275  7.15185e-18  3.55953e-18
       8334.4434  2.67209e-18  4.12168e-18
       8339.9594 -2.44344e-18  4.81500e-18
       8345.4753 -3.97542e-18  5.15106e-18
       8350.9913  1.99100e-19  5.25200e-18
       8356.5072  5.53034e-18  4.93442e-18
       8362.0231  8.18242e-18  4.30060e-18
       8367.5391  5.79713e-18  3.93636e-18
       8373.0550  6.57945e-18  3.90537e-18
       8378.5710  5.73175e-18  3.89714e-18
       8384.0869  3.09534e-19  3.93831e-18
       8389.6029  7.68347e-18  4.46836e-18
       8395.1188  7.41539e-18  4.82137e-18
       8400.6348  1.32748e-17  4.87586e-18
       8406.1507  1.20300e-17  4.88705e-18
       8411.6667  6.08337e-18  4.34135e-18
       8417.1826  4.73764e-18  4.14266e-18
       8422.6985 -2.50976e-18  4.70464e-18
       8428.2145  1.08058e-17  4.97073e-18
       8433.7304  1.20701e-17  4.92248e-18
       8439.2464  6.76105e-18  4.63811e-18
       8444.7623  8.92004e-18  4.13336e-18
       8450.2783  7.59956e-18  3.94492e-18
       8455.7942  7.22291e-18  4.31432e-18
       8461.3102  1.08291e-17  4.61328e-18
       8466.8261  1.11367e-17  4.63771e-18
       8472.3421  1.11966e-17  4.49733e-18
       8477.8580  1.34148e-17  4.12235e-18
       8483.3739  1.24105e-17  3.83924e-18
       8488.8899  9.07672e-18  3.84172e-18
       8494.4058  9.24070e-18  4.02621e-18
       8499.9218  1.22042e-17  4.29265e-18
       8505.4377  1.36190e-17  4.36235e-18
       8510.9537  1.33544e-17  4.24776e-18
       8516.4696  1.21407e-17  4.02484e-18
       8521.9856  1.15984e-17  3.76615e-18
       8527.5015  1.20277e-17  3.73449e-18
       8533.0175  1.26382e-17  3.81847e-18
       8538.5334  1.75902e-17  4.01313e-18
       8544.0493  1.61908e-17  4.13198e-18
       8549.5653  2.01539e-17  4.20194e-18
       8555.0812  1.83366e-17  4.09773e-18
       8560.5972  1.92283e-17  3.93478e-18
       8566.1131  1.85805e-17  3.87478e-18
       8571.6291  1.80707e-17  3.91920e-18
       8577.1450  2.22724e-17  4.02771e-18
       8582.6610  2.65125e-17  4.16303e-18
       8588.1769  2.98875e-17  4.24866e-18
       8593.6929  3.08357e-17  4.27764e-18
       8599.2088  3.06793e-17  4.23935e-18
       8604.7247  3.28504e-17  4.24539e-18
       8610.2407  3.33182e-17  4.39780e-18
       8615.7566  3.27677e-17  4.81248e-18
       8621.2726  4.14936e-17  5.31600e-18
       8626.7885  4.94811e-17  5.65503e-18
       8632.3045  4.90358e-17  5.64652e-18
       8637.8204  5.04400e-17  5.45768e-18
       8643.3364  4.65565e-17  5.32337e-18
       8648.8523  5.36856e-17  5.47760e-18
       8654.3683  6.14941e-17  5.81927e-18
       8659.8842  7.63262e-17  6.11486e-18
       8665.4001  5.82815e-17  6.13312e-18
       8670.9161  4.41149e-17  6.18688e-18
       8676.4320  8.07207e-17  5.57118e-18
       8681.9480  7.43411e-17  5.33239e-18
       8687.4639  8.47798e-17  5.31853e-18
       8692.9799  9.64114e-17  5.42775e-18
       8698.4958  1.04786e-16  5.53325e-18
       8704.0118  1.16894e-16  5.62500e-18
       8709.5277  1.11453e-16  5.58199e-18
       8715.0437  9.53668e-17  5.47791e-18
       8720.5596  1.11365e-16  5.46262e-18
       8726.0755  1.17430e-16  5.56106e-18
       8731.5915  1.43065e-16  5.92199e-18
       8737.1074  1.52135e-16  6.06589e-18
       8742.6234  1.54795e-16  6.09047e-18
       8748.1393  1.49352e-16  6.17602e-18
       8753.6553  1.40626e-16  6.49451e-18
       8759.1712  1.39101e-16  6.92787e-18
       8764.6872  1.51065e-16  7.58845e-18
       8770.2031  1.64665e-16  8.02483e-18
       8775.7191  1.84287e-16  7.98745e-18
       8781.2350  1.76224e-16  7.63778e-18
       8786.7509  1.69132e-16  7.15696e-18
       8792.2669  1.58416e-16  6.63095e-18
       8797.7828  1.59474e-16  6.46253e-18
       8803.2988  1.67051e-16  6.46979e-18
       8808.8147  1.85630e-16  6.67936e-18
       8814.3307  2.02468e-16  7.40207e-18
       8819.8466  1.79837e-16  7.98509e-18
       8825.3626  1.61611e-16  8.23754e-18
       8830.8785  1.53078e-16  8.34049e-18
       8836.3945  1.42220e-16  7.93033e-18
       8841.9104  1.54170e-16  7.36101e-18
       8847.4263  1.71958e-16  7.08218e-18
       8852.9423  1.63147e-16  6.78743e-18
       8858.4582  1.46968e-16  6.66276e-18
       8863.9742  1.30521e-16  6.46633e-18
       8869.4901  1.24129e-16  6.57948e-18
       8875.0061  1.39833e-16  7.27811e-18
       8880.5220  1.46554e-16  7.63037e-18
       8886.0380  1.53012e-16  7.77034e-18
       8891.5539  1.40272e-16  7.61580e-18
       8897.0699  1.22327e-16  7.00125e-18
       8902.5858  1.09441e-16  6.63677e-18
       8908.1017  1.09847e-16  7.17188e-18
       8913.6177  1.16396e-16  7.57690e-18
       8919.1336  1.20016e-16  7.68450e-18
       8924.6496  1.18497e-16  7.42921e-18
       8930.1655  1.03952e-16  6.69776e-18
       8935.6815  9.34837e-17  6.21093e-18
       8941.1974  9.39729e-17  6.27710e-18
       8946.7134  9.71189e-17  6.80871e-18
       8952.2293  9.40045e-17  6.98701e-18
       8957.7453  9.32527e-17  6.91279e-18
       8963.2612  8.96331e-17  6.57013e-18
       8968.7771  7.57131e-17  5.88808e-18
       8974.2931  7.12330e-17  5.58832e-18
       8979.8090  8.04163e-17  5.76224e-18
       8985.3250  8.51444e-17  5.97605e-18
       8990.8409  7.97875e-17  6.13259e-18
       8996.3569  7.26683e-17  6.05617e-18
       9001.8728  6.29522e-17  5.87767e-18
       9007.3888  5.90077e-17  5.69486e-18
       9012.9047  6.05130e-17  5.45555e-18
       9018.4207  6.56520e-17  5.40567e-18
       9023.9366  5.88518e-17  5.38514e-18
       9029.4525  5.59362e-17  5.44015e-18
       9034.9685  4.57336e-17  5.48696e-18
       9040.4844  4.42831e-17  5.65047e-18
       9046.0004  4.41402e-17  5.70763e-18
       9051.5163  4.69214e-17  5.71803e-18
       9057.0323  3.50914e-17  5.48095e-18
       9062.5482  2.91566e-17  5.28550e-18
       9068.0642  3.72425e-17  5.13851e-18
       9073.5801  3.42506e-17  5.12234e-18
       9079.0961  3.85123e-17  5.23744e-18
       9084.6120  4.05830e-17  5.35600e-18
       9090.1279  4.29486e-17  5.45056e-18
       9095.6439  3.58473e-17  5.37628e-18
       9101.1598  3.27752e-17  5.35031e-18
       9106.6758  3.63113e-17  5.40158e-18
       9112.1917  4.40030e-17  5.46191e-18
       9117.7077  3.99141e-17  5.34012e-18
       9123.2236  3.48237e-17  5.23730e-18
       9128.7396  2.95966e-17  5.16219e-18
       9134.2555  3.30441e-17  5.28433e-18
       9139.7715  4.05520e-17  5.48477e-18
       9145.2874  4.68547e-17  5.59757e-18
       9150.8033  3.20650e-17  5.50592e-18
       9156.3193  1.95996e-17  5.38449e-18
       9161.8352  2.69878e-17  5.45568e-18
       9167.3512  3.63059e-17  5.57136e-18
       9172.8671  3.60732e-17  5.55704e-18
       9178.3831  3.72294e-17  5.54167e-18
       9183.8990  3.82400e-17  5.59507e-18
       9189.4150  2.90871e-17  5.57124e-18
       9194.9309  3.13452e-17  5.61454e-18
       9200.4469  3.64001e-17  5.77876e-18
       9205.9628  3.37844e-17  5.85833e-18
       9211.4787  2.84637e-17  5.82679e-18
       9216.9947  2.61625e-17  5.83391e-18
       9222.5106  3.18567e-17  5.86004e-18
       9228.0266  3.27934e-17  5.85997e-18
