3750.  1.107930E-16
3800.  1.107930E-16
3803.04141018467  8.848889E-17
3806.08282036933  1.018060E-17
3809.124230554  4.540301E-17
3812.16564073867  6.584817E-17
3815.20705092334  5.338650E-17
3818.248461108  5.832956E-17
3821.28987129267  6.789421E-17
3824.33128147734  4.442506E-17
3827.372691662  6.256420E-17
3830.41410184667  7.405658E-17
3833.45551203134  1.015893E-16
3836.496922216  5.768457E-17
3839.53833240067  4.940590E-17
3842.57974258534  7.143510E-17
3845.62115277001  4.141970E-17
3848.66256295467  6.036975E-17
3851.70397313934  5.424904E-17
3854.74538332401  8.088637E-17
3857.78679350867  7.348602E-17
3860.82820369334  8.614613E-17
3863.86961387801  9.157833E-17
3866.91102406267  5.746050E-17
3869.95243424734  5.441783E-17
3872.99384443201  6.202490E-17
3876.03525461668  3.655419E-17
3879.07666480134  3.470460E-17
3882.11807498601  3.406874E-17
3885.15948517068  3.846500E-17
3888.20089535534  3.858901E-17
3891.24230554001  5.562789E-17
3894.28371572468  4.584809E-17
3897.32512590934  2.797730E-17
3900.36653609401  2.760345E-17
3903.40794627868  1.771539E-17
3906.44935646335  1.091982E-17
3909.49076664801  1.851530E-17
3912.53217683268  4.369731E-17
3915.57358701735  3.530095E-17
3918.61499720201  2.736397E-17
3921.65640738668  5.417831E-17
3924.69781757135  2.583149E-17
3927.73922775601  2.971095E-18
3930.78063794068  3.993702E-17
3933.82204812535  2.935051E-17
3936.86345831002  2.759189E-17
3939.90486849468  4.378771E-17
3942.94627867935  2.655251E-17
3945.98768886402  4.215238E-17
3949.02909904868  5.367721E-17
3952.07050923335  5.937232E-17
3955.11191941802  4.041358E-17
3958.15332960268  5.064582E-17
3961.19473978735  7.915995E-17
3964.23614997202  7.457288E-17
3967.27756015668  6.877545E-17
3970.31897034135  8.951953E-17
3973.36038052602  6.908628E-17
3976.40179071069  1.037327E-16
3979.44320089535  1.176361E-16
3982.48461108002  1.316958E-16
3985.52602126469  1.243856E-16
3988.56743144935  1.231848E-16
3991.60884163402  1.707428E-16
3994.65025181869  1.689171E-16
3997.69166200335  1.659908E-16
4000.73307218802  1.658738E-16
4003.77448237269  1.544550E-16
4006.81589255736  1.529353E-16
4009.85730274202  1.540519E-16
4012.89871292669  1.693967E-16
4015.94012311136  1.849377E-16
4018.98153329602  1.568822E-16
4022.02294348069  1.503767E-16
4025.06435366536  1.746429E-16
4028.10576385003  1.735283E-16
4031.14717403469  1.695949E-16
4034.18858421936  1.861967E-16
4037.22999440403  1.699760E-16
4040.27140458869  1.612790E-16
4043.31281477336  1.902999E-16
4046.35422495803  1.893757E-16
4049.39563514269  1.600217E-16
4052.43704532736  1.882485E-16
4055.47845551203  1.608084E-16
4058.5198656967  1.552276E-16
4061.56127588136  1.340243E-16
4064.60268606603  1.299054E-16
4067.6440962507  1.617016E-16
4070.68550643536  1.298638E-16
4073.72691662003  1.318805E-16
4076.7683268047  1.429924E-16
4079.80973698936  1.315979E-16
4082.85114717403  1.357300E-16
4085.8925573587  1.296769E-16
4088.93396754337  1.253228E-16
4091.97537772803  1.366011E-16
4095.0167879127  1.747204E-16
4098.05819809737  1.641731E-16
4101.09960828203  1.379428E-16
4104.1410184667  1.679475E-16
4107.18242865137  1.748339E-16
4110.22383883603  1.687318E-16
4113.2652490207  1.892589E-16
4116.30665920537  2.182526E-16
4119.34806939004  2.285606E-16
4122.3894795747  2.329522E-16
4125.43088975937  2.547592E-16
4128.47229994404  2.809021E-16
4131.5137101287  2.742200E-16
4134.55512031337  2.684092E-16
4137.59653049804  2.565025E-16
4140.6379406827  2.741787E-16
4143.67935086737  2.395383E-16
4146.72076105204  2.744806E-16
4149.76217123671  2.594529E-16
4152.80358142137  2.602120E-16
4155.84499160604  2.473476E-16
4158.88640179071  2.536791E-16
4161.92781197537  2.502689E-16
4164.96922216004  2.187121E-16
4168.01063234471  2.207551E-16
4171.05204252937  2.071454E-16
4174.09345271404  2.087157E-16
4177.13486289871  1.902556E-16
4180.17627308337  1.787044E-16
4183.21768326804  1.770112E-16
4186.25909345271  1.852114E-16
4189.30050363738  1.974686E-16
4192.34191382204  1.972918E-16
4195.38332400671  1.894685E-16
4198.42473419138  1.975640E-16
4201.46614437604  2.008415E-16
4204.50755456071  2.092118E-16
4207.54896474538  2.102457E-16
4210.59037493004  1.903018E-16
4213.63178511471  1.704179E-16
4216.67319529938  1.590100E-16
4219.71460548405  1.452884E-16
4222.75601566871  1.430007E-16
4225.79742585338  1.579372E-16
4228.83883603805  1.579561E-16
4231.88024622271  1.484970E-16
4234.92165640738  1.359512E-16
4237.96306659205  1.274228E-16
4241.00447677671  1.238858E-16
4244.04588696138  1.293032E-16
4247.08729714605  1.335842E-16
4250.12870733071  1.431591E-16
4253.17011751538  1.357617E-16
4256.21152770005  1.393571E-16
4259.25293788472  1.424146E-16
4262.29434806938  1.485313E-16
4265.33575825405  1.682446E-16
4268.37716843872  1.749425E-16
4271.41857862338  1.672072E-16
4274.45998880805  1.736542E-16
4277.50139899272  1.541225E-16
4280.54280917739  1.504964E-16
4283.58421936205  1.487465E-16
4286.62562954672  1.210992E-16
4289.66703973139  1.309567E-16
4292.70844991605  1.205666E-16
4295.74986010072  1.111399E-16
4298.79127028539  9.992124E-17
4301.83268047005  8.982561E-17
4304.87409065472  7.997009E-17
4307.91550083939  8.073432E-17
4310.95691102406  8.776255E-17
4313.99832120872  8.130765E-17
4317.03973139339  8.466378E-17
4320.08114157806  8.179007E-17
4323.12255176272  9.213388E-17
4326.16396194739  8.954740E-17
4329.20537213206  9.734503E-17
4332.24678231673  8.538508E-17
4335.28819250139  8.553301E-17
4338.32960268606  8.946385E-17
4341.37101287073  1.039896E-16
4344.41242305539  1.185237E-16
4347.45383324006  1.093602E-16
4350.49524342473  1.175247E-16
4353.53665360939  1.299257E-16
4356.57806379406  1.279258E-16
4359.61947397873  1.462382E-16
4362.6608841634  1.535582E-16
4365.70229434806  1.591887E-16
4368.74370453273  1.700370E-16
4371.7851147174  1.556848E-16
4374.82652490206  1.534131E-16
4377.86793508673  1.675135E-16
4380.9093452714  1.591653E-16
4383.95075545606  1.398973E-16
4386.99216564073  1.458482E-16
4390.0335758254  1.421236E-16
4393.07498601006  1.324400E-16
4396.11639619473  1.513266E-16
4399.1578063794  1.478887E-16
4402.19921656407  1.365201E-16
4405.24062674873  1.420087E-16
4408.2820369334  1.702145E-16
4411.32344711807  1.536294E-16
4414.36485730273  1.410901E-16
4417.4062674874  1.920368E-16
4420.44767767207  1.807871E-16
4423.48908785674  1.771870E-16
4426.5304980414  1.849030E-16
4429.57190822607  1.884390E-16
4432.61331841074  1.606717E-16
4435.6547285954  1.648577E-16
4438.69613878007  1.885269E-16
4441.73754896474  1.884601E-16
4444.7789591494  1.820839E-16
4447.82036933407  1.828475E-16
4450.86177951874  1.708611E-16
4453.90318970341  1.788490E-16
4456.94459988807  1.857752E-16
4459.98601007274  1.757348E-16
4463.02742025741  1.697264E-16
4466.06883044207  1.697559E-16
4469.11024062674  1.865742E-16
4472.15165081141  1.908092E-16
4475.19306099607  1.840944E-16
4478.23447118074  1.892350E-16
4481.27588136541  1.996684E-16
4484.31729155008  2.053787E-16
4487.35870173474  1.993629E-16
4490.40011191941  2.113459E-16
4493.44152210408  2.201318E-16
4496.48293228874  1.944726E-16
4499.52434247341  1.979504E-16
4502.56575265808  1.912883E-16
4505.60716284275  1.949152E-16
4508.64857302741  1.883243E-16
4511.68998321208  1.755478E-16
4514.73139339675  1.796301E-16
4517.77280358141  1.547682E-16
4520.81421376608  1.646114E-16
4523.85562395075  1.535034E-16
4526.89703413541  1.547580E-16
4529.93844432008  1.457212E-16
4532.97985450475  1.569993E-16
4536.02126468941  1.380642E-16
4539.06267487408  1.355500E-16
4542.10408505875  1.439297E-16
4545.14549524342  1.415919E-16
4548.18690542808  1.245963E-16
4551.22831561275  1.304710E-16
4554.26972579742  1.365526E-16
4557.31113598208  1.342266E-16
4560.35254616675  1.439047E-16
4563.39395635142  1.540967E-16
4566.43536653608  1.440298E-16
4569.47677672075  1.500539E-16
4572.51818690542  1.481680E-16
4575.55959709009  1.518648E-16
4578.60100727475  1.698450E-16
4581.64241745942  1.529604E-16
4584.68382764409  1.733010E-16
4587.72523782875  1.745697E-16
4590.76664801342  1.771938E-16
4593.80805819809  2.083731E-16
4596.84946838275  2.290064E-16
4599.89087856742  2.275928E-16
4602.93228875209  2.656975E-16
4605.97369893676  2.942704E-16
4609.01510912142  3.053064E-16
4612.05651930609  3.189622E-16
4615.09792949076  3.582717E-16
4618.13933967542  3.479612E-16
4621.18074986009  3.534564E-16
4624.22216004476  3.615537E-16
4627.26357022942  3.483948E-16
4630.30498041409  3.397260E-16
4633.34639059876  3.446822E-16
4636.38780078343  3.408168E-16
4639.42921096809  3.234621E-16
4642.47062115276  3.240433E-16
4645.51203133743  3.357630E-16
4648.55344152209  3.196561E-16
4651.59485170676  3.362470E-16
4654.63626189143  3.502083E-16
4657.67767207609  3.468254E-16
4660.71908226076  3.530688E-16
4663.76049244543  3.437722E-16
4666.8019026301  3.337436E-16
4669.84331281476  3.389057E-16
4672.88472299943  3.392371E-16
4675.9261331841  3.418048E-16
4678.96754336876  3.550159E-16
4682.00895355343  3.538764E-16
4685.0503637381  3.419814E-16
4688.09177392276  3.649275E-16
4691.13318410743  3.610589E-16
4694.1745942921  3.583466E-16
4697.21600447676  3.753002E-16
4700.25741466143  3.765068E-16
4703.2988248461  3.724293E-16
4706.34023503077  3.724093E-16
4709.38164521543  3.679517E-16
4712.4230554001  3.735231E-16
4715.46446558477  3.591052E-16
4718.50587576943  3.671579E-16
4721.5472859541  3.618979E-16
4724.58869613877  3.426247E-16
4727.63010632343  3.479778E-16
4730.6715165081  3.297304E-16
4733.71292669277  3.528143E-16
4736.75433687744  3.353892E-16
4739.7957470621  3.287400E-16
4742.83715724677  3.120954E-16
4745.87856743144  2.995665E-16
4748.9199776161  2.815479E-16
4751.96138780077  2.867111E-16
4755.00279798544  2.878667E-16
4758.04420817011  2.675189E-16
4761.08561835477  2.520656E-16
4764.12702853944  2.527329E-16
4767.16843872411  2.597617E-16
4770.20984890877  2.586396E-16
4773.25125909344  2.545968E-16
4776.29266927811  2.605502E-16
4779.33407946277  2.573384E-16
4782.37548964744  2.340078E-16
4785.41689983211  2.466878E-16
4788.45831001677  2.318922E-16
4791.49972020144  2.275944E-16
4794.54113038611  2.141040E-16
4797.58254057078  2.061969E-16
4800.62395075544  1.861817E-16
4803.66536094011  1.762074E-16
4806.70677112478  1.678333E-16
4809.74818130944  1.626576E-16
4812.78959149411  1.462840E-16
4815.83100167878  1.565473E-16
4818.87241186345  1.573796E-16
4821.91382204811  1.352621E-16
4824.95523223278  1.405330E-16
4827.99664241745  1.281202E-16
4831.03805260211  1.226384E-16
4834.07946278678  1.282930E-16
4837.12087297145  1.276849E-16
4840.16228315611  1.155827E-16
4843.20369334078  1.216185E-16
4846.24510352545  1.164933E-16
4849.28651371012  1.215321E-16
4852.32792389478  1.117572E-16
4855.36933407945  1.124967E-16
4858.41074426412  1.273407E-16
4861.45215444878  1.441555E-16
4864.49356463345  1.630605E-16
4867.53497481812  1.664391E-16
4870.57638500278  1.941818E-16
4873.61779518745  2.133367E-16
4876.65920537212  2.510380E-16
4879.70061555678  2.689359E-16
4882.74202574145  3.213660E-16
4885.78343592612  3.355222E-16
4888.82484611079  3.431319E-16
4891.86625629545  3.647088E-16
4894.90766648012  3.647854E-16
4897.94907666479  3.687900E-16
4900.99048684945  4.078065E-16
4904.03189703412  4.304984E-16
4907.07330721879  3.949166E-16
4910.11471740345  3.935433E-16
4913.15612758812  3.830593E-16
4916.19753777279  3.570209E-16
4919.23894795746  3.341019E-16
4922.28035814212  3.324280E-16
4925.32176832679  3.224426E-16
4928.36317851146  3.180558E-16
4931.40458869612  3.020151E-16
4934.44599888079  3.183286E-16
4937.48740906546  3.029112E-16
4940.52881925012  3.291599E-16
4943.57022943479  3.420853E-16
4946.61163961946  3.606462E-16
4949.65304980413  3.793357E-16
4952.69445998879  4.025743E-16
4955.73587017346  4.083010E-16
4958.77728035813  4.315898E-16
4961.81869054279  4.478819E-16
4964.86010072746  4.558474E-16
4967.90151091213  4.791362E-16
4970.9429210968  4.676419E-16
4973.98433128146  4.459699E-16
4977.02574146613  4.425321E-16
4980.0671516508  4.510194E-16
4983.10856183546  4.470232E-16
4986.14997202013  4.446913E-16
4989.1913822048  4.363113E-16
4992.23279238946  4.157459E-16
4995.27420257413  4.024840E-16
4998.3156127588  3.908926E-16
5001.35702294347  3.800672E-16
5004.39843312813  3.496254E-16
5007.4398433128  3.309398E-16
5010.48125349747  3.242945E-16
5013.52266368213  2.886118E-16
5016.5640738668  2.678941E-16
5019.60548405147  2.601152E-16
5022.64689423613  2.489091E-16
5025.6883044208  2.534070E-16
5028.72971460547  2.585167E-16
5031.77112479014  2.653633E-16
5034.8125349748  2.754201E-16
5037.85394515947  2.842825E-16
5040.89535534414  3.021240E-16
5043.9367655288  3.244533E-16
5046.97817571347  3.458241E-16
5050.01958589814  3.629145E-16
5053.0609960828  3.681406E-16
5056.10240626747  3.748465E-16
5059.14381645214  3.980790E-16
5062.18522663681  4.163067E-16
5065.22663682147  4.160199E-16
5068.26804700614  4.340480E-16
5071.30945719081  4.433075E-16
5074.35086737547  4.464265E-16
5077.39227756014  4.625642E-16
5080.43368774481  4.501458E-16
5083.47509792947  4.352967E-16
5086.51650811414  4.274662E-16
5089.55791829881  4.159237E-16
5092.59932848348  4.360320E-16
5095.64073866814  4.229966E-16
5098.68214885281  4.023336E-16
5101.72355903748  3.967092E-16
5104.76496922214  3.892406E-16
5107.80637940681  3.805430E-16
5110.84778959148  3.703203E-16
5113.88919977614  3.850256E-16
5116.93060996081  3.782042E-16
5119.97202014548  3.680185E-16
5123.01343033015  3.611918E-16
5126.05484051481  3.477463E-16
5129.09625069948  3.375693E-16
5132.13766088415  3.138141E-16
5135.17907106881  3.086534E-16
5138.22048125348  3.057341E-16
5141.26189143815  2.764792E-16
5144.30330162282  2.649140E-16
5147.34471180748  2.619428E-16
5150.38612199215  2.608018E-16
5153.42753217682  2.381062E-16
5156.46894236148  2.239433E-16
5159.51035254615  2.160385E-16
5162.55176273082  2.087019E-16
5165.59317291548  1.898676E-16
5168.63458310015  1.877358E-16
5171.67599328482  1.740023E-16
5174.71740346948  1.833555E-16
5177.75881365415  1.883176E-16
5180.80022383882  1.936337E-16
5183.84163402349  1.952436E-16
5186.88304420815  2.002234E-16
5189.92445439282  2.019640E-16
5192.96586457749  2.035622E-16
5196.00727476215  2.185242E-16
5199.04868494682  2.323710E-16
5202.09009513149  2.457521E-16
5205.13150531616  2.603266E-16
5208.17291550082  2.714110E-16
5211.21432568549  2.799191E-16
5214.25573587016  2.878664E-16
5217.29714605482  2.980563E-16
5220.33855623949  2.997137E-16
5223.37996642416  3.044690E-16
5226.42137660882  3.251945E-16
5229.46278679349  3.283048E-16
5232.50419697816  3.451777E-16
5235.54560716282  3.391415E-16
5238.58701734749  3.191095E-16
5241.62842753216  3.219050E-16
5244.66983771683  3.231770E-16
5247.71124790149  3.162982E-16
5250.75265808616  3.314928E-16
5253.79406827083  3.380072E-16
5256.83547845549  3.353595E-16
5259.87688864016  3.374461E-16
5262.91829882483  3.441858E-16
5265.9597090095  3.448821E-16
5269.00111919416  3.474455E-16
5272.04252937883  3.501756E-16
5275.08393956349  3.463151E-16
5278.12534974816  3.436438E-16
5281.16675993283  3.511153E-16
5284.2081701175  3.427757E-16
5287.24958030216  3.391552E-16
5290.29099048683  3.324204E-16
5293.3324006715  3.356012E-16
5296.37381085616  3.318590E-16
5299.41522104083  3.520370E-16
5302.4566312255  3.558772E-16
5305.49804141017  3.423288E-16
5308.53945159483  3.356897E-16
5311.5808617795  3.486262E-16
5314.62227196417  3.447561E-16
5317.66368214883  3.276574E-16
5320.7050923335  3.271928E-16
5323.74650251817  3.137677E-16
5326.78791270284  2.957515E-16
5329.8293228875  3.008851E-16
5332.87073307217  3.023547E-16
5335.91214325684  3.261464E-16
5338.9535534415  3.349611E-16
5341.99496362617  3.377730E-16
5345.03637381084  3.373294E-16
5348.0777839955  3.376364E-16
5351.11919418017  3.311369E-16
5354.16060436484  3.445882E-16
5357.20201454951  3.593922E-16
5360.24342473417  3.679178E-16
5363.28483491884  3.639340E-16
5366.32624510351  3.604784E-16
5369.36765528817  3.732109E-16
5372.40906547284  3.792736E-16
5375.45047565751  3.895206E-16
5378.49188584217  3.669629E-16
5381.53329602684  3.674124E-16
5384.57470621151  3.841223E-16
5387.61611639617  3.938722E-16
5390.65752658084  3.837768E-16
5393.69893676551  3.927877E-16
5396.74034695018  3.927329E-16
5399.78175713484  3.795207E-16
5402.82316731951  3.978344E-16
5405.86457750418  3.958802E-16
5408.90598768884  4.012744E-16
5411.94739787351  4.071315E-16
5414.98880805818  3.869564E-16
5418.03021824284  3.814869E-16
5421.07162842751  3.765255E-16
5424.11303861218  3.667613E-16
5427.15444879685  3.639693E-16
5430.19585898151  3.674598E-16
5433.23726916618  3.664122E-16
5436.27867935085  3.711400E-16
5439.32008953551  3.718631E-16
5442.36149972018  3.727015E-16
5445.40290990485  3.699055E-16
5448.44432008951  3.854128E-16
5451.48573027418  3.784826E-16
5454.52714045885  3.705335E-16
5457.56855064352  4.070485E-16
5460.60996082818  4.047662E-16
5463.65137101285  3.988208E-16
5466.69278119752  4.026748E-16
5469.73419138218  4.115333E-16
5472.77560156685  4.212795E-16
5475.81701175152  3.959017E-16
5478.85842193618  4.010977E-16
5481.89983212085  3.987164E-16
5484.94124230552  3.766684E-16
5487.98265249019  3.948378E-16
5491.02406267485  3.827184E-16
5494.06547285952  3.844322E-16
5497.10688304419  3.841079E-16
5500.14829322885  3.415352E-16
5503.18970341352  3.515671E-16
5506.23111359819  3.674334E-16
5509.27252378285  3.509544E-16
5512.31393396752  3.618498E-16
5515.35534415219  3.702416E-16
5518.39675433686  3.623840E-16
5521.43816452152  3.615446E-16
5524.47957470619  3.493973E-16
5527.52098489086  3.467658E-16
5530.56239507553  3.447980E-16
5533.60380526019  3.337783E-16
5536.64521544486  3.353216E-16
5539.68662562952  3.266889E-16
5542.72803581419  3.037639E-16
5545.76944599886  3.097965E-16
5548.81085618353  3.353621E-16
5551.85226636819  3.279897E-16
5554.89367655286  3.533056E-16
5557.93508673753  3.661132E-16
5560.97649692219  3.530032E-16
5564.01790710686  3.785196E-16
5567.05931729153  3.812418E-16
5570.1007274762  3.893758E-16
5573.14213766086  3.746554E-16
5576.18354784553  4.211776E-16
5579.2249580302  4.132777E-16
5582.26636821486  4.057540E-16
5585.30777839953  4.034818E-16
5588.3491885842  3.907802E-16
5591.39059876886  3.974099E-16
5594.43200895353  4.023822E-16
5597.4734191382  3.948050E-16
5600.51482932286  3.926545E-16
5603.55623950753  3.951870E-16
5606.5976496922  3.801166E-16
5609.63905987687  3.884036E-16
5612.68047006153  3.866076E-16
5615.7218802462  3.695486E-16
5618.76329043087  3.582353E-16
5621.80470061553  3.586434E-16
5624.8461108002  3.563926E-16
5627.88752098487  3.647311E-16
5630.92893116953  3.627234E-16
5633.9703413542  3.483278E-16
5637.01175153887  3.419794E-16
5640.05316172353  3.480364E-16
5643.0945719082  3.411353E-16
5646.13598209287  3.294453E-16
5649.17739227754  3.126506E-16
5652.2188024622  3.124591E-16
5655.26021264687  3.006590E-16
5658.30162283154  3.119638E-16
5661.3430330162  3.112861E-16
5664.38444320087  2.982009E-16
5667.42585338554  2.826566E-16
5670.46726357021  2.968953E-16
5673.50867375487  2.833872E-16
5676.55008393954  2.746480E-16
5679.59149412421  2.783821E-16
5682.63290430887  2.862873E-16
5685.67431449354  2.917548E-16
5688.71572467821  2.916706E-16
5691.75713486288  3.065412E-16
5694.79854504754  3.129425E-16
5697.83995523221  3.106005E-16
5700.88136541687  3.197755E-16
5703.92277560154  3.294374E-16
5706.96418578621  3.370679E-16
5710.00559597088  3.365674E-16
5713.04700615554  3.366646E-16
5716.08841634021  3.406082E-16
5719.12982652488  3.377071E-16
5722.17123670954  3.755019E-16
5725.21264689421  3.649161E-16
5728.25405707888  3.648308E-16
5731.29546726355  3.464983E-16
5734.33687744821  3.747043E-16
5737.37828763288  3.650066E-16
5740.41969781755  3.758884E-16
5743.46110800221  3.659234E-16
5746.50251818688  3.536625E-16
5749.54392837155  3.441719E-16
5752.58533855621  3.464148E-16
5755.62674874088  3.498996E-16
5758.66815892555  3.471640E-16
5761.70956911022  3.510785E-16
5764.75097929488  3.536970E-16
5767.79238947955  3.476847E-16
5770.83379966422  3.398322E-16
5773.87520984888  3.344812E-16
5776.91662003355  3.457346E-16
5779.95803021822  3.385301E-16
5782.99944040288  3.450040E-16
5786.04085058755  3.336238E-16
5789.08226077222  3.286775E-16
5792.12367095689  3.223999E-16
5795.16508114155  3.273344E-16
5798.20649132622  3.369650E-16
5801.24790151089  3.321206E-16
5804.28931169555  3.309611E-16
5807.33072188022  3.251703E-16
5810.37213206489  3.123214E-16
5813.41354224955  3.117514E-16
5816.45495243422  3.142383E-16
5819.49636261889  3.162661E-16
5822.53777280356  3.121914E-16
5825.57918298822  3.011313E-16
5828.62059317289  3.123386E-16
5831.66200335756  3.134153E-16
5834.70341354222  2.992270E-16
5837.74482372689  2.965918E-16
5840.78623391156  2.826456E-16
5843.82764409623  2.861883E-16
5846.86905428089  2.880833E-16
5849.91046446556  2.799194E-16
5852.95187465023  2.765479E-16
5855.99328483489  2.699680E-16
5859.03469501956  2.442349E-16
5862.07610520423  2.433997E-16
5865.11751538889  2.331088E-16
5868.15892557356  2.376666E-16
5871.20033575823  2.236514E-16
5874.24174594289  2.250972E-16
5877.28315612756  2.282618E-16
5880.32456631223  2.285191E-16
5883.3659764969  2.033638E-16
5886.40738668156  2.167031E-16
5889.44879686623  2.327985E-16
5892.4902070509  2.361493E-16
5895.53161723556  2.208347E-16
5898.57302742023  2.374558E-16
5901.6144376049  2.288290E-16
5904.65584778957  2.254662E-16
5907.69725797423  2.400292E-16
5910.7386681589  2.593674E-16
5913.78007834357  2.461860E-16
5916.82148852823  2.740513E-16
5919.8628987129  2.896178E-16
5922.90430889757  2.974303E-16
5925.94571908223  2.995793E-16
5928.9871292669  3.130407E-16
5932.02853945157  3.327337E-16
5935.06994963623  3.444184E-16
5938.1113598209  3.354524E-16
5941.15277000557  3.599479E-16
5944.19418019024  3.764363E-16
5947.2355903749  3.640464E-16
5950.27700055957  3.677562E-16
5953.31841074424  3.630882E-16
5956.3598209289  3.757668E-16
5959.40123111357  3.815549E-16
5962.44264129824  3.870422E-16
5965.4840514829  3.819626E-16
5968.52546166757  3.665467E-16
5971.56687185224  3.548398E-16
5974.6082820369  3.653373E-16
5977.64969222157  3.812806E-16
5980.69110240624  3.765019E-16
5983.73251259091  3.827709E-16
5986.77392277557  3.866315E-16
5989.81533296024  3.886245E-16
5992.85674314491  3.786244E-16
5995.89815332957  3.515503E-16
5998.93956351424  3.500582E-16
6001.98097369891  3.538349E-16
6005.02238388358  3.569590E-16
6008.06379406824  3.798840E-16
6011.10520425291  3.766747E-16
6014.14661443758  3.631944E-16
6017.18802462224  3.710862E-16
6020.22943480691  3.742457E-16
6023.27084499158  3.426114E-16
6026.31225517625  3.359985E-16
6029.35366536091  3.433451E-16
6032.39507554558  3.466054E-16
6035.43648573025  3.440861E-16
6038.47789591491  3.415595E-16
6041.51930609958  3.611382E-16
6044.56071628425  3.536150E-16
6047.60212646891  3.428709E-16
6050.64353665358  3.525499E-16
6053.68494683825  3.467964E-16
6056.72635702292  3.439665E-16
6059.76776720758  3.409288E-16
6062.80917739225  3.510648E-16
6065.85058757692  3.482516E-16
6068.89199776158  3.465208E-16
6071.93340794625  3.353473E-16
6074.97481813092  3.366215E-16
6078.01622831558  3.359338E-16
6081.05763850025  3.355794E-16
6084.09904868492  3.346675E-16
6087.14045886958  3.355534E-16
6090.18186905425  3.291050E-16
6093.22327923892  3.247201E-16
6096.26468942359  3.320297E-16
6099.30609960825  3.190662E-16
6102.34750979292  3.237492E-16
6105.38891997759  3.262754E-16
6108.43033016225  3.246318E-16
6111.47174034692  3.208212E-16
6114.51315053159  3.250695E-16
6117.55456071625  3.324925E-16
6120.59597090092  3.154964E-16
6123.63738108559  3.136735E-16
6126.67879127026  3.136895E-16
6129.72020145492  3.167988E-16
6132.76161163959  3.236378E-16
6135.80302182426  3.189511E-16
6138.84443200892  3.059365E-16
6141.88584219359  2.963190E-16
6144.92725237826  3.061178E-16
6147.96866256292  3.078141E-16
6151.01007274759  2.879947E-16
6154.05148293226  2.980534E-16
6157.09289311692  2.889132E-16
6160.13430330159  2.869631E-16
6163.17571348626  2.966761E-16
6166.21712367093  2.860256E-16
6169.25853385559  2.909992E-16
6172.29994404026  3.209292E-16
6175.34135422493  3.168250E-16
6178.3827644096  3.096329E-16
6181.42417459426  3.182525E-16
6184.46558477893  3.285096E-16
6187.5069949636  3.192869E-16
6190.54840514826  3.187717E-16
6193.58981533293  3.172718E-16
6196.6312255176  3.276666E-16
6199.67263570226  3.225792E-16
6202.71404588693  3.215159E-16
6205.7554560716  3.227449E-16
6208.79686625626  3.232123E-16
6211.83827644093  3.338684E-16
6214.8796866256  3.341863E-16
6217.92109681027  3.324695E-16
6220.96250699493  3.311727E-16
6224.0039171796  3.324560E-16
6227.04532736427  3.225862E-16
6230.08673754893  3.162489E-16
6233.1281477336  3.147108E-16
6236.16955791827  3.093344E-16
6239.21096810293  3.065774E-16
6242.2523782876  3.079788E-16
6245.29378847227  3.096418E-16
6248.33519865694  2.908106E-16
6251.3766088416  2.731201E-16
6254.41801902627  2.662673E-16
6257.45942921094  2.617010E-16
6260.5008393956  2.879009E-16
6263.54224958027  2.925591E-16
6266.58365976494  3.015886E-16
6269.62506994961  2.914014E-16
6272.66648013427  2.751798E-16
6275.70789031894  2.897676E-16
6278.7493005036  3.017994E-16
6281.79071068827  3.055199E-16
6284.83212087294  3.185038E-16
6287.87353105761  3.167940E-16
6290.91494124227  3.059197E-16
6293.95635142694  3.155894E-16
6296.99776161161  3.191166E-16
6300.03917179627  3.044500E-16
6303.08058198094  3.179275E-16
6306.12199216561  3.197940E-16
6309.16340235028  3.154758E-16
6312.20481253494  3.259580E-16
6315.24622271961  3.081448E-16
6318.28763290428  3.151673E-16
6321.32904308894  2.963655E-16
6324.37045327361  3.022764E-16
6327.41186345828  3.111818E-16
6330.45327364294  3.085112E-16
6333.49468382761  3.065826E-16
6336.53609401228  3.212461E-16
6339.57750419695  3.122520E-16
6342.61891438161  3.091826E-16
6345.66032456628  3.106114E-16
6348.70173475095  3.051064E-16
6351.74314493561  3.059567E-16
6354.78455512028  3.121758E-16
6357.82596530495  3.114776E-16
6360.86737548961  2.947168E-16
6363.90878567428  2.960058E-16
6366.95019585895  2.890921E-16
6369.99160604362  2.810707E-16
6373.03301622828  2.842779E-16
6376.07442641295  2.729616E-16
6379.11583659762  2.659416E-16
6382.15724678228  2.681042E-16
6385.19865696695  2.628328E-16
6388.24006715162  2.628924E-16
6391.28147733629  2.555329E-16
6394.32288752095  2.585366E-16
6397.36429770562  2.559488E-16
6400.40570789028  2.386266E-16
6403.44711807495  2.405876E-16
6406.48852825962  2.239484E-16
6409.52993844429  2.289633E-16
6412.57134862895  2.285919E-16
6415.61275881362  2.056114E-16
6418.65416899829  2.010401E-16
6421.69557918295  2.123701E-16
6424.73698936762  1.942659E-16
6427.77839955229  1.825982E-16
6430.81980973696  1.672354E-16
6433.86121992162  1.637043E-16
6436.90263010629  1.581782E-16
6439.94404029096  1.532685E-16
6442.98545047562  1.469980E-16
6446.02686066029  1.398811E-16
6449.06827084496  1.465133E-16
6452.10968102962  1.410674E-16
6455.15109121429  1.430266E-16
6458.19250139896  1.380700E-16
6461.23391158363  1.438695E-16
6464.27532176829  1.300703E-16
6467.31673195296  1.345323E-16
6470.35814213763  1.235414E-16
6473.39955232229  1.189627E-16
6476.44096250696  1.138462E-16
6479.48237269163  1.121467E-16
6482.52378287629  1.235814E-16
6485.56519306096  1.121309E-16
6488.60660324563  1.093230E-16
6491.6480134303  1.193865E-16
6494.68942361496  1.118766E-16
6497.73083379963  9.647028E-17
6500.7722439843  7.751290E-17
6503.81365416896  1.228837E-16
6506.85506435363  1.211273E-16
6509.8964745383  1.154011E-16
6512.93788472296  1.298222E-16
6515.97929490763  1.339611E-16
6519.0207050923  1.222324E-16
6522.06211527697  1.239219E-16
6525.10352546163  1.406981E-16
6528.1449356463  1.487147E-16
6531.18634583097  1.452720E-16
6534.22775601563  1.466414E-16
6537.2691662003  1.737299E-16
6540.31057638497  1.970917E-16
6543.35198656964  2.021670E-16
6546.3933967543  2.112603E-16
6549.43480693897  2.152169E-16
6552.47621712364  2.201299E-16
6555.5176273083  2.479954E-16
6558.55903749297  2.649417E-16
6561.60044767764  2.780022E-16
6564.6418578623  3.151088E-16
6567.68326804697  3.159539E-16
6570.72467823164  3.438905E-16
6573.7660884163  3.849491E-16
6576.80749860097  4.112205E-16
6579.84890878564  4.539963E-16
6582.89031897031  4.892574E-16
6585.93172915497  5.041759E-16
6588.97313933964  5.476496E-16
6592.01454952431  5.880936E-16
6595.05595970897  6.159759E-16
6598.09736989364  6.331300E-16
6601.13878007831  6.430167E-16
6604.18019026298  6.586269E-16
6607.22160044764  6.821390E-16
6610.26301063231  6.728913E-16
6613.30442081698  6.910967E-16
6616.34583100164  6.862622E-16
6619.38724118631  7.105461E-16
6622.42865137098  7.132660E-16
6625.47006155564  7.108007E-16
6628.51147174031  7.020417E-16
6631.55288192498  7.073989E-16
6634.59429210964  7.086350E-16
6637.63570229431  7.528258E-16
6640.67711247898  7.396543E-16
6643.71852266364  7.299525E-16
6646.75993284831  7.377890E-16
6649.80134303298  7.321501E-16
6652.84275321765  7.366044E-16
6655.88416340232  7.432674E-16
6658.92557358698  7.034166E-16
6661.96698377165  6.945598E-16
6665.00839395631  7.086994E-16
6668.04980414098  6.659731E-16
6671.09121432565  6.596813E-16
6674.13262451032  6.918406E-16
6677.17403469498  6.416124E-16
6680.21544487965  6.384121E-16
6683.25685506432  6.420662E-16
6686.29826524898  6.079151E-16
6689.33967543365  5.919205E-16
6692.38108561832  5.879512E-16
6695.42249580298  5.919239E-16
6698.46390598765  5.664884E-16
6701.50531617232  5.639918E-16
6704.54672635699  5.589265E-16
6707.58813654165  5.439731E-16
6710.62954672632  5.386170E-16
6713.67095691099  5.241883E-16
6716.71236709565  5.269297E-16
6719.75377728032  5.178507E-16
6722.79518746499  5.177945E-16
6725.83659764966  5.002128E-16
6728.87800783432  4.824743E-16
6731.91941801899  4.632468E-16
6734.96082820365  4.540492E-16
6738.00223838832  4.579883E-16
6741.04364857299  4.419220E-16
6744.08505875766  4.401713E-16
6747.12646894232  4.500014E-16
6750.16787912699  4.298295E-16
6753.20928931166  4.330319E-16
6756.25069949633  4.327331E-16
6759.29210968099  4.024649E-16
6762.33351986566  4.072300E-16
6765.37493005033  3.960640E-16
6768.41634023499  4.112391E-16
6771.45775041966  4.009289E-16
6774.49916060433  3.980326E-16
6777.54057078899  3.880306E-16
6780.58198097366  3.835031E-16
6783.62339115833  3.811584E-16
6786.66480134299  3.868340E-16
6789.70621152766  3.635736E-16
6792.74762171233  3.536764E-16
6795.789031897  3.580802E-16
6798.83044208166  3.562711E-16
6801.87185226633  3.523571E-16
6804.913262451  3.346028E-16
6807.95467263566  3.353390E-16
6810.99608282033  3.408692E-16
6814.037493005  3.279792E-16
6817.07890318967  3.174921E-16
6820.12031337433  3.349398E-16
6823.161723559  3.274115E-16
6826.20313374366  3.279982E-16
6829.24454392833  3.240800E-16
6832.285954113  3.131858E-16
6835.32736429767  3.135094E-16
6838.36877448233  3.110869E-16
6841.410184667  3.305213E-16
6844.45159485167  3.261457E-16
6847.49300503633  3.002115E-16
6850.534415221  2.986318E-16
6853.57582540567  3.088790E-16
6856.61723559034  3.038342E-16
6859.658645775  3.017047E-16
6862.70005595967  2.950021E-16
6865.74146614434  2.983820E-16
6868.782876329  2.991889E-16
6871.82428651367  2.785867E-16
6874.86569669834  2.890164E-16
6877.90710688301  2.904407E-16
6880.94851706767  2.950527E-16
6883.98992725234  2.914073E-16
6887.03133743701  2.952991E-16
6890.07274762167  2.762334E-16
6893.11415780634  2.901979E-16
6896.15556799101  2.885390E-16
6899.19697817567  2.894198E-16
6902.23838836034  2.683909E-16
6905.27979854501  2.811431E-16
6908.32120872967  2.860367E-16
6911.36261891434  2.793291E-16
6914.40402909901  2.742475E-16
6917.44543928368  2.776394E-16
6920.48684946834  2.816794E-16
6923.52825965301  2.643047E-16
6926.56966983768  2.695337E-16
6929.61108002234  2.878709E-16
6932.65249020701  2.780897E-16
6935.69390039168  2.801182E-16
6938.73531057634  2.730349E-16
6941.77672076101  2.664824E-16
6944.81813094568  2.749122E-16
6947.85954113035  2.666978E-16
6950.90095131501  2.616581E-16
6953.94236149968  2.744327E-16
6956.98377168435  2.654955E-16
6960.02518186901  2.633009E-16
6963.06659205368  2.717767E-16
6966.10800223835  2.573688E-16
6969.14941242302  2.577256E-16
6972.19082260768  2.652361E-16
6975.23223279235  2.651378E-16
6978.27364297702  2.524892E-16
6981.31505316168  2.524018E-16
6984.35646334635  2.641510E-16
6987.39787353101  2.567117E-16
6990.43928371568  2.643630E-16
6993.48069390035  2.526159E-16
6996.52210408502  2.451432E-16
6999.56351426968  2.530527E-16
7002.60492445435  2.606624E-16
7005.64633463902  2.682660E-16
7008.68774482369  2.515235E-16
7011.72915500835  2.434110E-16
7014.77056519302  2.456242E-16
7017.81197537769  2.423978E-16
7020.85338556235  2.497280E-16
7023.89479574702  2.510778E-16
7026.93620593169  2.432539E-16
7029.97761611635  2.385900E-16
7033.01902630102  2.478491E-16
7036.06043648569  2.414377E-16
7039.10184667036  2.381628E-16
7042.14325685502  2.439741E-16
7045.18466703969  2.526370E-16
7048.22607722436  2.447468E-16
7051.26748740902  2.551231E-16
7054.30889759369  2.602814E-16
7057.35030777836  2.515477E-16
7060.39171796302  2.695175E-16
7063.43312814769  2.526275E-16
7066.47453833236  2.515719E-16
7069.51594851703  2.535311E-16
7072.55735870169  2.486752E-16
7075.59876888636  2.546992E-16
7078.64017907103  2.527133E-16
7081.68158925569  2.389504E-16
7084.72299944036  2.425149E-16
7087.76440962503  2.546288E-16
7090.80581980969  2.503368E-16
7093.84722999436  2.425698E-16
7096.88864017903  2.492542E-16
7099.93005036369  2.539503E-16
7102.97146054836  2.502676E-16
7106.01287073303  2.526904E-16
7109.0542809177  2.439968E-16
7112.09569110236  2.474083E-16
7115.13710128703  2.548844E-16
7118.1785114717  2.423098E-16
7121.21992165636  2.358148E-16
7124.26133184103  2.340555E-16
7127.3027420257  2.353784E-16
7130.34415221037  2.482384E-16
7133.38556239503  2.569768E-16
7136.4269725797  2.420025E-16
7139.46838276437  2.436166E-16
7142.50979294903  2.498089E-16
7145.5512031337  2.515798E-16
7148.59261331837  2.645921E-16
7151.63402350303  2.494022E-16
7154.6754336877  2.352611E-16
7157.71684387237  2.496625E-16
7160.75825405704  2.548528E-16
7163.7996642417  2.532677E-16
7166.84107442637  2.354245E-16
7169.88248461104  2.345622E-16
7172.9238947957  2.420892E-16
7175.96530498037  2.315230E-16
7179.00671516504  2.399316E-16
7182.0481253497  2.263340E-16
7185.08953553437  2.401034E-16
7188.13094571904  2.240165E-16
7191.17235590371  2.230098E-16
7194.21376608837  2.310625E-16
7197.25517627304  2.351453E-16
7200.29658645771  2.312409E-16
7203.33799664237  2.387362E-16
7206.37940682704  2.280242E-16
7209.42081701171  2.175830E-16
7212.46222719638  2.407656E-16
7215.50363738104  2.325487E-16
7218.54504756571  2.450969E-16
7221.58645775038  2.250985E-16
7224.62786793504  2.240570E-16
7227.66927811971  2.308824E-16
7230.71068830438  2.051856E-16
7233.75209848904  2.070336E-16
7236.79350867371  2.123160E-16
7239.83491885838  1.969186E-16
7242.87632904305  2.079191E-16
7245.91773922771  2.164217E-16
7248.95914941238  2.198604E-16
7252.00055959705  2.325752E-16
7255.04196978171  2.291839E-16
7258.08337996638  2.138066E-16
7261.12479015105  2.158255E-16
7264.16620033571  2.279215E-16
7267.20761052038  2.320021E-16
7270.24902070505  2.413902E-16
7273.29043088971  2.318879E-16
7276.33184107438  2.290443E-16
7279.37325125905  2.313619E-16
7282.41466144372  2.331672E-16
7285.45607162838  2.337602E-16
7288.49748181305  2.320602E-16
7291.53889199772  2.366414E-16
7294.58030218238  2.298329E-16
7297.62171236705  2.296463E-16
7300.66312255172  2.376331E-16
7303.70453273639  2.352388E-16
7306.74594292105  2.208359E-16
7309.78735310572  2.423587E-16
7312.82876329039  2.204353E-16
7315.87017347505  2.037984E-16
7318.91158365972  2.119587E-16
7321.95299384439  2.346176E-16
7324.99440402905  2.296659E-16
7328.03581421372  2.204086E-16
7331.07722439839  2.347411E-16
7334.11863458305  2.332626E-16
7337.16004476772  2.272973E-16
7340.20145495239  2.368709E-16
7343.24286513705  2.398212E-16
7346.28427532172  2.507745E-16
7349.32568550639  2.424389E-16
7352.36709569106  2.471934E-16
7355.40850587573  2.506373E-16
7358.44991606039  2.320785E-16
7361.49132624506  2.353512E-16
7364.53273642972  2.495659E-16
7367.57414661439  2.475412E-16
7370.61555679906  2.536298E-16
7373.65696698373  2.364873E-16
7376.69837716839  2.373312E-16
7379.73978735306  2.407242E-16
7382.78119753773  2.352186E-16
7385.82260772239  2.388238E-16
7388.86401790706  2.437927E-16
7391.90542809173  2.351098E-16
7394.94683827639  2.387916E-16
7397.98824846106  2.308681E-16
7401.02965864573  2.340252E-16
7404.0710688304  2.503016E-16
7407.11247901506  2.432053E-16
7410.15388919973  2.351813E-16
7413.1952993844  2.243247E-16
7416.23670956906  2.433123E-16
7419.27811975373  2.430613E-16
7422.3195299384  2.347770E-16
7425.36094012307  2.386029E-16
7428.40235030773  2.349749E-16
7431.4437604924  2.406674E-16
7434.48517067706  2.358206E-16
7437.52658086173  2.441723E-16
7440.5679910464  2.368552E-16
7443.60940123107  2.354411E-16
7446.65081141573  2.385799E-16
7449.6922216004  2.313172E-16
7452.73363178507  2.256484E-16
7455.77504196973  2.350395E-16
7458.8164521544  2.364495E-16
7461.85786233907  2.230987E-16
7464.89927252374  2.249799E-16
7467.9406827084  2.292065E-16
7470.98209289307  2.123058E-16
7474.02350307774  1.995321E-16
7477.0649132624  2.212120E-16
7480.10632344707  2.348994E-16
7483.14773363174  2.279196E-16
7486.1891438164  2.290096E-16
7489.23055400107  2.262686E-16
7492.27196418574  2.226779E-16
7495.31337437041  2.182170E-16
7498.35478455507  2.246339E-16
7501.39619473974  2.157368E-16
7504.43760492441  2.271961E-16
7507.47901510907  2.295250E-16
7510.52042529374  2.263165E-16
7513.56183547841  2.363577E-16
7516.60324566308  2.408501E-16
7519.64465584774  2.271544E-16
7522.68606603241  2.236903E-16
7525.72747621707  2.268396E-16
7528.76888640174  2.315381E-16
7531.81029658641  2.285092E-16
7534.85170677108  2.388743E-16
7537.89311695574  2.350160E-16
7540.93452714041  2.387646E-16
7543.97593732508  2.242118E-16
7547.01734750974  2.131293E-16
7550.05875769441  2.173845E-16
7553.10016787908  2.379620E-16
7556.14157806375  2.351402E-16
7559.18298824841  2.125410E-16
7562.22439843308  2.184945E-16
7565.26580861775  2.310460E-16
7568.30721880241  2.260295E-16
7571.34862898708  2.365283E-16
7574.39003917175  2.294246E-16
7577.43144935642  2.249059E-16
7580.47285954108  2.202837E-16
7583.51426972575  2.168453E-16
7586.55567991042  2.258695E-16
7589.59709009508  2.249425E-16
7592.63850027975  2.039893E-16
7595.67991046442  1.946897E-16
7598.72132064908  1.839306E-16
7601.76273083375  1.664216E-16
7604.80414101842  1.524086E-16
7607.84555120308  1.877486E-16
7610.88696138775  1.921542E-16
7613.92837157242  2.068096E-16
7616.96978175709  2.073651E-16
7620.01119194175  1.903745E-16
7623.05260212642  1.914865E-16
7626.09401231109  1.972525E-16
7629.13542249575  1.890500E-16
7632.17683268042  1.861013E-16
7635.21824286509  1.892331E-16
7638.25965304975  1.934792E-16
7641.30106323442  2.074453E-16
7644.34247341909  1.996248E-16
7647.38388360375  2.046515E-16
7650.42529378842  2.164578E-16
7653.46670397309  1.978343E-16
7656.50811415776  1.890965E-16
7659.54952434242  2.028414E-16
7662.59093452709  2.022424E-16
7665.63234471176  2.067909E-16
7668.67375489643  2.250032E-16
7671.71516508109  2.064976E-16
7674.75657526576  2.012271E-16
7677.79798545043  1.953573E-16
7680.83939563509  2.099376E-16
7683.88080581976  2.058727E-16
7686.92221600443  1.867856E-16
7689.96362618909  1.891746E-16
7693.00503637376  1.923992E-16
7696.04644655843  2.054714E-16
7699.08785674309  2.077564E-16
7702.12926692776  2.044640E-16
7705.17067711243  2.121740E-16
7708.2120872971  2.025290E-16
7711.25349748176  1.956436E-16
7714.29490766643  2.026230E-16
7717.3363178511  2.152110E-16
7720.37772803576  2.028687E-16
7723.41913822043  2.082605E-16
7726.4605484051  2.067508E-16
7729.50195858977  2.019233E-16
7732.54336877443  2.052794E-16
7735.5847789591  2.137036E-16
7738.62618914377  1.949202E-16
7741.66759932843  2.002223E-16
7744.7090095131  1.993413E-16
7747.75041969777  2.026478E-16
7750.79182988243  1.900214E-16
7753.8332400671  1.879137E-16
7756.87465025177  1.852159E-16
7759.91606043643  2.096427E-16
7762.9574706211  1.990207E-16
7765.99888080577  1.888309E-16
7769.04029099043  1.821734E-16
7772.0817011751  1.827224E-16
7775.12311135977  1.719604E-16
7778.16452154444  1.858121E-16
7781.2059317291  1.892186E-16
7784.24734191377  1.635906E-16
7787.28875209844  1.674605E-16
7790.3301622831  1.769337E-16
7793.37157246777  1.770683E-16
7796.41298265244  1.918584E-16
7799.4543928371  1.802514E-16
7802.49580302177  1.653402E-16
7805.53721320644  1.817258E-16
7808.57862339111  1.885462E-16
7811.62003357577  1.978589E-16
7814.66144376044  1.943853E-16
7817.70285394511  1.810851E-16
7820.74426412977  1.993181E-16
7823.78567431444  2.005277E-16
7826.82708449911  2.096521E-16
7829.86849468378  2.128040E-16
7832.90990486844  2.162864E-16
7835.95131505311  2.181951E-16
7838.99272523778  2.177082E-16
7842.03413542244  2.138330E-16
7845.07554560711  2.323553E-16
7848.11695579178  2.298562E-16
7851.15836597644  2.169422E-16
7854.19977616111  2.301235E-16
7857.24118634578  2.334207E-16
7860.28259653045  2.250717E-16
7863.32400671511  2.316862E-16
7866.36541689978  2.348521E-16
7869.40682708445  2.129237E-16
7872.44823726911  2.275764E-16
7875.48964745378  2.293493E-16
7878.53105763845  2.188791E-16
7881.57246782311  2.434528E-16
7884.61387800778  2.272876E-16
7887.65528819245  2.148835E-16
7890.69669837712  2.133495E-16
7893.73810856178  2.218589E-16
7896.77951874645  2.248361E-16
7899.82092893112  2.136828E-16
7902.86233911578  2.121602E-16
7905.90374930045  2.113621E-16
7908.94515948512  2.074922E-16
7911.98656966978  2.145847E-16
7915.02797985445  2.237268E-16
7918.06939003912  2.199672E-16
7921.11080022379  2.214828E-16
7924.15221040845  2.169278E-16
7927.19362059312  2.117243E-16
7930.23503077779  2.087812E-16
7933.27644096245  2.050575E-16
7936.31785114712  2.179891E-16
7939.35926133179  1.958594E-16
7942.40067151646  2.054277E-16
7945.44208170112  2.119509E-16
7948.48349188579  1.996377E-16
7951.52490207046  2.077184E-16
7954.56631225512  2.117125E-16
7957.60772243979  2.094117E-16
7960.64913262446  2.098008E-16
7963.69054280912  1.996598E-16
7966.73195299379  2.048977E-16
7969.77336317846  2.152013E-16
7972.81477336312  2.179397E-16
7975.85618354779  2.041802E-16
7978.89759373246  2.000797E-16
7981.93900391713  2.172234E-16
7984.98041410179  2.127829E-16
7988.02182428646  2.017308E-16
7991.06323447113  2.014693E-16
7994.10464465579  2.086936E-16
7997.14605484046  2.109905E-16
8000.18746502513  2.193007E-16
8003.2288752098  2.012339E-16
8006.27028539446  1.923214E-16
8009.31169557913  1.956325E-16
8012.3531057638  1.958276E-16
8015.39451594846  1.961101E-16
8018.43592613313  2.050826E-16
8021.4773363178  1.952183E-16
8024.51874650246  1.915396E-16
8027.56015668713  1.991772E-16
8030.6015668718  1.943406E-16
8033.64297705646  1.919668E-16
8036.68438724113  1.886665E-16
8039.7257974258  1.963662E-16
8042.76720761047  1.784230E-16
8045.80861779513  1.962842E-16
8048.8500279798  1.879207E-16
8051.89143816447  1.997707E-16
8054.93284834914  2.150626E-16
8057.9742585338  1.940365E-16
8061.01566871847  2.028936E-16
8064.05707890314  1.812599E-16
8067.0984890878  1.841203E-16
8070.13989927247  1.997049E-16
8073.18130945714  1.960838E-16
8076.2227196418  1.927156E-16
8079.26412982647  1.873524E-16
8082.30554001114  1.864812E-16
8085.3469501958  1.875777E-16
8088.38836038047  1.973815E-16
8091.42977056514  1.886499E-16
8094.4711807498  1.974348E-16
8097.51259093447  1.857573E-16
8100.55400111914  1.991346E-16
8103.59541130381  1.919550E-16
8106.63682148847  1.960621E-16
8109.67823167314  1.842375E-16
8112.7196418578  1.826208E-16
8115.76105204247  1.887314E-16
8118.80246222714  1.893437E-16
8121.84387241181  1.772251E-16
8124.88528259648  1.955261E-16
8127.92669278114  1.864580E-16
8130.96810296581  1.937246E-16
8134.00951315047  1.861484E-16
8137.05092333514  1.796020E-16
8140.09233351981  1.896618E-16
8143.13374370448  1.863683E-16
8146.17515388914  1.799200E-16
8149.21656407381  1.864077E-16
8152.25797425848  1.785636E-16
8155.29938444314  1.722911E-16
8158.34079462781  1.704532E-16
8161.38220481248  1.757777E-16
8164.42361499714  1.829234E-16
8167.46502518181  1.807854E-16
8170.50643536648  1.733470E-16
8173.54784555115  1.723038E-16
8176.58925573581  1.837890E-16
8179.63066592048  1.694478E-16
8182.67207610515  1.657525E-16
8185.71348628981  1.880004E-16
8188.75489647448  1.853763E-16
8191.79630665915  1.925697E-16
8194.83771684382  1.724943E-16
8197.87912702848  1.621417E-16
8200.92053721315  1.770638E-16
8203.96194739782  1.902051E-16
8207.00335758248  1.732755E-16
8210.04476776715  1.872403E-16
8213.08617795182  1.767260E-16
8216.12758813648  1.728284E-16
8219.16899832115  1.728815E-16
8222.21040850582  1.658279E-16
8225.25181869048  1.560933E-16
8228.29322887515  1.471772E-16
8231.33463905982  1.411331E-16
8234.37604924449  1.671164E-16
8237.41745942915  1.778588E-16
8240.45886961382  1.776885E-16
8243.50027979849  1.778507E-16
8246.54168998315  1.854117E-16
8249.58310016782  1.690722E-16
8252.62451035249  1.689271E-16
8255.66592053715  1.823536E-16
8258.70733072182  1.680444E-16
8261.74874090649  1.637912E-16
8264.79015109116  1.732087E-16
8267.83156127582  1.628422E-16
8270.87297146049  1.793022E-16
8273.91438164516  1.717240E-16
8276.95579182982  1.656989E-16
8279.99720201449  1.707123E-16
8283.03861219916  1.661278E-16
8286.08002238383  1.836162E-16
8289.12143256849  1.778551E-16
8292.16284275316  1.898191E-16
8295.20425293783  1.853267E-16
8298.24566312249  1.682131E-16
8301.28707330716  1.828059E-16
8304.32848349183  1.581486E-16
8307.36989367649  1.676445E-16
8310.41130386116  1.585115E-16
8313.45271404583  1.707995E-16
8316.4941242305  1.707682E-16
8319.53553441516  1.725896E-16
8322.57694459983  1.726418E-16
8325.6183547845  1.697311E-16
8328.65976496916  1.637809E-16
8331.70117515383  1.625575E-16
8334.7425853385  1.545515E-16
8337.78399552317  1.767657E-16
8340.82540570783  1.892585E-16
8343.8668158925  1.807119E-16
8346.90822607717  1.701043E-16
8349.94963626183  1.859488E-16
8352.9910464465  1.726872E-16
8356.03245663117  1.863460E-16
8359.07386681583  1.832459E-16
8362.1152770005  1.841682E-16
8365.15668718517  1.628370E-16
8368.19809736983  1.697848E-16
8371.2395075545  1.701930E-16
8374.28091773917  1.719641E-16
8377.32232792384  1.624491E-16
8380.3637381085  1.726724E-16
8383.40514829317  1.760962E-16
8386.44655847783  1.602203E-16
8389.4879686625  1.659750E-16
8392.52937884717  1.540019E-16
8395.57078903184  1.727582E-16
8398.6121992165  1.583620E-16
8401.65360940117  1.269139E-16
8404.69501958584  1.536214E-16
8407.73642977051  1.425677E-16
8410.77783995517  1.461889E-16
8413.81925013984  1.352222E-16
8416.86066032451  1.595014E-16
8419.90207050917  1.400824E-16
8422.94348069384  1.241109E-16
8425.98489087851  1.291059E-16
8429.02630106317  1.187657E-16
8432.06771124784  9.525811E-17
8435.10912143251  8.960185E-17
8438.15053161718  9.505092E-17
8441.19194180184  7.691493E-17
8444.23335198651  8.128784E-17
8447.27476217118  8.266879E-17
8450.31617235584  8.070860E-17
8453.35758254051  5.969256E-17
8456.39899272518  7.970945E-17
8459.44040290985  7.851874E-17
8462.48181309451  5.532788E-17
8465.52322327918  4.661239E-17
8468.56463346385  5.143760E-17
8471.60604364851  5.142805E-17
8474.64745383318  3.870871E-17
8477.68886401785  4.681408E-17
8480.73027420251  5.170636E-17
8483.77168438718  4.663991E-17
8486.81309457185  4.241018E-17
8489.85450475652  4.187146E-17
8492.89591494118  4.315706E-17
8495.93732512585  4.877865E-17
8498.97873531051  4.454921E-17
8502.02014549518  4.837804E-17
8505.06155567985  5.841169E-17
8508.10296586452  4.411673E-17
8511.14437604919  5.191827E-17
8514.18578623385  5.173744E-17
8517.22719641852  5.356128E-17
8520.26860660318  5.805570E-17
8523.31001678785  6.628906E-17
8526.35142697252  7.959136E-17
8529.39283715719  6.930991E-17
8532.43424734185  6.775495E-17
8535.47565752652  8.351354E-17
8538.51706771119  8.883610E-17
8541.55847789585  1.017611E-16
8544.59988808052  1.049987E-16
8547.64129826519  1.129566E-16
8550.68270844986  1.271379E-16
8553.72411863452  1.207646E-16
8556.76552881919  1.061513E-16
8559.80693900386  1.100307E-16
8562.84834918852  1.331498E-16
8565.88975937319  1.266964E-16
8568.93116955786  1.476911E-16
8571.97257974253  1.466500E-16
8575.01398992719  1.448081E-16
8578.05540011186  1.498869E-16
8581.09681029652  1.639822E-16
8584.13822048119  1.527218E-16
8587.17963066586  1.455589E-16
8590.22104085053  1.554423E-16
8593.26245103519  1.725273E-16
8596.30386121986  1.594480E-16
8599.34527140453  1.394870E-16
8602.38668158919  1.459941E-16
8605.42809177386  1.688584E-16
8608.46950195853  1.478565E-16
8611.51091214319  1.296039E-16
8614.55232232786  1.558980E-16
8617.59373251253  1.452394E-16
8620.6351426972  1.413052E-16
8623.67655288186  1.490357E-16
8626.71796306653  1.286053E-16
8629.7593732512  1.220634E-16
8632.80078343586  1.317344E-16
8635.84219362053  1.354793E-16
8638.8836038052  1.290327E-16
8641.92501398986  1.194448E-16
8644.96642417453  1.046664E-16
8648.0078343592  1.246426E-16
8651.04924454387  1.106461E-16
8654.09065472853  1.365346E-16
8657.1320649132  1.171958E-16
8660.17347509787  1.059748E-16
8663.21488528253  1.297251E-16
8666.2562954672  1.493100E-16
8669.29770565187  1.492478E-16
8672.33911583653  1.411744E-16
8675.3805260212  1.503301E-16
8678.42193620587  1.678047E-16
8681.46334639053  1.822405E-16
8684.5047565752  1.761320E-16
8687.54616675987  1.928540E-16
8690.58757694454  2.021666E-16
8693.6289871292  2.025555E-16
8696.67039731387  2.282403E-16
8699.71180749854  2.147124E-16
8702.75321768321  2.175427E-16
8705.79462786787  2.497298E-16
8708.83603805254  2.665002E-16
8711.87744823721  2.673620E-16
8714.91885842187  2.773061E-16
8717.96026860654  2.834520E-16
8721.00167879121  2.949190E-16
8724.04308897587  2.614051E-16
8727.08449916054  3.084132E-16
8730.12590934521  3.016039E-16
8733.16731952987  3.111364E-16
8736.20872971454  2.967399E-16
8739.25013989921  3.058187E-16
8742.29155008388  3.156448E-16
8745.33296026854  2.986781E-16
8748.37437045321  2.970477E-16
8751.41578063788  3.045306E-16
8754.45719082254  2.982284E-16
8757.49860100721  3.200500E-16
8760.54001119188  3.422041E-16
8763.58142137655  3.259252E-16
8766.62283156121  3.185052E-16
8769.66424174588  3.118298E-16
8772.70565193054  3.249833E-16
8775.74706211521  3.262607E-16
8778.78847229988  2.562064E-16
8781.82988248455  2.776922E-16
8784.87129266921  2.949016E-16
8787.91270285388  3.032986E-16
8790.95411303855  2.882999E-16
8793.99552322321  2.739059E-16
8797.03693340788  2.893021E-16
8800.07834359255  2.784555E-16
8803.11975377722  2.693419E-16
8806.16116396188  2.815395E-16
8809.20257414655  2.762953E-16
8812.24398433122  2.707248E-16
8815.28539451588  2.617714E-16
8818.32680470055  2.762317E-16
8821.36821488522  2.623514E-16
8824.40962506989  3.145165E-16
8827.45103525455  2.263496E-16
8830.49244543922  2.325043E-16
8833.53385562389  2.846159E-16
8836.57526580855  2.521822E-16
8839.61667599322  2.477013E-16
8842.65808617789  2.436237E-16
8845.69949636255  2.397464E-16
8848.74090654722  2.425183E-16
8851.78231673189  2.465500E-16
8854.82372691655  2.380613E-16
8857.86513710122  2.393659E-16
8860.90654728589  2.356136E-16
8863.94795747055  2.254588E-16
8866.98936765522  2.189345E-16
8870.03077783989  2.022751E-16
8873.07218802456  2.353208E-16
8876.11359820922  2.276919E-16
8879.15500839389  2.437075E-16
8882.19641857856  2.229834E-16
8885.23782876322  1.965246E-16
8888.27923894789  2.294299E-16
8891.32064913256  2.163029E-16
8894.36205931723  2.021466E-16
8897.40346950189  1.912563E-16
8900.44487968656  2.084779E-16
8903.48628987123  2.148868E-16
8906.52770005589  1.966087E-16
8909.56911024056  2.120289E-16
8912.61052042523  1.972006E-16
8915.65193060989  1.922315E-16
8918.69334079456  2.144253E-16
8921.73475097923  2.045060E-16
8924.77616116389  1.781082E-16
8927.81757134856  1.824865E-16
8930.85898153323  1.863543E-16
8933.9003917179  1.583625E-16
8936.94180190256  1.633616E-16
8939.98321208723  1.897268E-16
8943.0246222719  1.560613E-16
8946.06603245656  1.482599E-16
8949.10744264123  1.780077E-16
8952.1488528259  1.577272E-16
8955.19026301057  1.586211E-16
8958.23167319523  1.524465E-16
8961.2730833799  1.348066E-16
8964.31449356457  1.428380E-16
8967.35590374923  1.334436E-16
8970.3973139339  1.479848E-16
8973.43872411857  1.458236E-16
8976.48013430323  1.664054E-16
8979.5215444879  1.652895E-16
8982.56295467257  1.413788E-16
8985.60436485724  1.334944E-16
8988.6457750419  1.529892E-16
8991.68718522657  1.873675E-16
8994.72859541124  1.510786E-16
8997.7700055959  1.517900E-16
9000.81141578057  1.194604E-16
9003.85282596524  1.228462E-16
9006.8942361499  1.416595E-16
9009.93564633457  1.426636E-16
9012.97705651924  1.319085E-16
9016.01846670391  1.464409E-16
9019.05987688857  1.645085E-16
9022.10128707324  1.541564E-16
9025.14269725791  1.259484E-16
9028.18410744257  1.319389E-16
9031.22551762724  1.673798E-16
9034.26692781191  1.496301E-16
9037.30833799658  1.317679E-16
9040.34974818124  1.308919E-16
9043.39115836591  1.534043E-16
9046.43256855058  1.527264E-16
9049.47397873524  1.460194E-16
9052.51538891991  1.489303E-16
9055.55679910458  1.508539E-16
9058.59820928924  1.443237E-16
9061.63961947391  1.252670E-16
9064.68102965858  1.311470E-16
9067.72243984324  1.268582E-16
9070.76385002791  1.355833E-16
9073.80526021258  1.611296E-16
9076.84667039725  1.421320E-16
9079.88808058191  1.123345E-16
9082.92949076658  1.188764E-16
9085.97090095125  1.304044E-16
9089.01231113591  1.250069E-16
9092.05372132058  1.256958E-16
9095.09513150525  9.496768E-17
9098.13654168991  1.153644E-16
9101.17795187458  1.485888E-16
9104.21936205925  1.137276E-16
9107.26077224392  1.201077E-16
9110.30218242858  1.053444E-16
9113.34359261325  9.683870E-17
9116.38500279792  1.125361E-16
9119.42641298258  1.045320E-16
9122.46782316725  1.175229E-16
9125.50923335192  1.410991E-16
9128.55064353659  1.277215E-16
9131.59205372125  1.213798E-16
9134.63346390592  1.218576E-16
9137.67487409058  1.288750E-16
9140.71628427525  1.199994E-16
9143.75769445992  1.121607E-16
9146.79910464459  1.056133E-16
9149.84051482925  1.335784E-16
9152.88192501392  1.280576E-16
9155.92333519859  1.533344E-16
9158.96474538325  1.369006E-16
9162.00615556792  1.114499E-16
9165.04756575259  1.315062E-16
9168.08897593726  1.385026E-16
9171.13038612192  1.437672E-16
9174.17179630659  1.560230E-16
9177.21320649126  1.435826E-16
9180.25461667592  1.250497E-16
9183.29602686059  1.561144E-16
9186.33743704526  1.610619E-16
9189.37884722992  1.455078E-16
9192.42025741459  1.446043E-16
9195.46166759926  1.610755E-16
9198.50307778393  1.432383E-16
9201.54448796859  1.199814E-16
9204.58589815326  1.496812E-16
9207.62730833793  1.897688E-16
9210.66871852259  1.509331E-16
9213.71012870726  1.052927E-16
9216.75153889193  1.570090E-16
9219.7929490766  1.401151E-16
9222.83435926126  1.261333E-16
9225.87576944593  1.419918E-16
9228.9171796306  1.459114E-16
9231.95858981526  1.429161E-16
9234.99999999993  1.452886E-16
