       3600.0000  5.69640e-17  5.69640e-18
       3602.0000  5.73166e-17  5.73166e-18
       3604.0000  3.33851e-17  3.33851e-18
       3606.0000  1.75707e-17  1.75707e-18
       3608.0000  3.43649e-17  3.43649e-18
       3610.0000  3.18459e-17  3.18459e-18
       3612.0000  2.72499e-17  2.72499e-18
       3614.0000  2.89884e-17  2.89884e-18
       3616.0000  3.48077e-17  3.48077e-18
       3618.0000  4.74109e-17  4.74109e-18
       3620.0000  5.09835e-17  5.09835e-18
       3622.0000  3.56789e-17  3.56789e-18
       3624.0000  4.52416e-17  4.52416e-18
       3626.0000  4.86010e-17  4.86010e-18
       3628.0000  1.92537e-17  1.92537e-18
       3630.0000  1.79709e-17  1.79709e-18
       3632.0000  2.52174e-17  2.52174e-18
       3634.0000  3.02694e-17  3.02694e-18
       3636.0000  3.03730e-17  3.03730e-18
       3638.0000  2.88132e-17  2.88132e-18
       3640.0000  4.43793e-17  4.43793e-18
       3642.0000  3.69266e-17  3.69266e-18
       3644.0000  2.26414e-17  2.26414e-18
       3646.0000  2.43670e-17  2.43670e-18
       3648.0000  3.42997e-17  3.42997e-18
       3650.0000  3.16057e-17  3.16057e-18
       3652.0000  2.80061e-17  2.80061e-18
       3654.0000  1.89266e-17  1.89266e-18
       3656.0000  1.36124e-17  1.36124e-18
       3658.0000  4.07728e-17  4.07728e-18
       3660.0000  5.07144e-17  5.07144e-18
       3662.0000  2.02623e-17  2.02623e-18
       3664.0000  2.44033e-17  2.44033e-18
       3666.0000  3.06913e-17  3.06913e-18
       3668.0000  1.85061e-17  1.85061e-18
       3670.0000  3.86335e-17  3.86334e-18
       3672.0000  4.46782e-17  4.46782e-18
       3674.0000  2.64152e-17  2.64152e-18
       3676.0000  3.54184e-17  3.54184e-18
       3678.0000  3.27873e-17  3.27873e-18
       3680.0000  3.27226e-17  3.27226e-18
       3682.0000  4.33622e-17  4.33622e-18
       3684.0000  4.51325e-17  4.51325e-18
       3686.0000  3.26230e-17  3.26230e-18
       3688.0000  2.82062e-17  2.82062e-18
       3690.0000  2.73197e-17  2.73197e-18
       3692.0000  2.56394e-17  2.56394e-18
       3694.0000  2.88745e-17  2.88745e-18
       3696.0000  2.31007e-17  2.31007e-18
       3698.0000 -1.41549e-18 -1.41549e-19
       3700.0000  1.70002e-17  1.70002e-18
       3702.0000  2.76276e-17  2.76276e-18
       3704.0000  3.11077e-17  3.11077e-18
       3706.0000  1.18215e-17  1.18215e-18
       3708.0000  1.70668e-17  1.70668e-18
       3710.0000  3.50685e-17  3.50685e-18
       3712.0000  4.09447e-17  4.09447e-18
       3714.0000  1.35954e-17  1.35954e-18
       3716.0000  2.38043e-17  2.38043e-18
       3718.0000  3.63746e-17  3.63746e-18
       3720.0000  3.57480e-17  3.57480e-18
       3722.0000  3.27609e-17  3.27609e-18
       3724.0000  1.08299e-17  1.08299e-18
       3726.0000  1.13831e-17  1.13831e-18
       3728.0000  3.05195e-17  3.05195e-18
       3730.0000  3.24676e-17  3.24676e-18
       3732.0000  2.15015e-17  2.15015e-18
       3734.0000  2.16823e-17  2.16823e-18
       3736.0000  2.60552e-17  2.60552e-18
       3738.0000  1.60883e-17  1.60883e-18
       3740.0000  2.87512e-17  2.87512e-18
       3742.0000  2.71483e-17  2.71483e-18
       3744.0000  2.64284e-17  2.64284e-18
       3746.0000  1.94780e-17  1.94780e-18
       3748.0000 -1.72067e-18 -1.72067e-19
       3750.0000  6.62546e-18  6.62546e-19
       3752.0000  1.89109e-17  1.89109e-18
       3754.0000  3.11447e-17  3.11447e-18
       3756.0000  3.61037e-17  3.61037e-18
       3758.0000  2.65319e-17  2.65319e-18
       3760.0000  8.48531e-18  8.48531e-19
       3762.0000  1.90976e-17  1.90976e-18
       3764.0000  2.20549e-17  2.20549e-18
       3766.0000  7.74365e-18  7.74365e-19
       3768.0000  1.01503e-17  1.01503e-18
       3770.0000  1.65264e-17  1.65264e-18
       3772.0000  8.06021e-18  8.06021e-19
       3774.0000  1.53932e-17  1.53932e-18
       3776.0000  2.42085e-17  2.42085e-18
       3778.0000  1.77362e-17  1.77362e-18
       3780.0000  2.18704e-17  2.18704e-18
       3782.0000  2.62651e-17  2.62651e-18
       3784.0000  1.85920e-17  1.85920e-18
       3786.0000  2.50953e-17  2.50953e-18
       3788.0000  3.53743e-17  3.53743e-18
       3790.0000  2.42637e-17  2.42637e-18
       3792.0000  2.62450e-17  2.62450e-18
       3794.0000  2.95926e-17  2.95926e-18
       3796.0000  2.84534e-17  2.84534e-18
       3798.0000  2.94626e-17  2.94626e-18
       3800.0000  2.21756e-17  2.21756e-18
       3802.0000  9.10023e-18  9.10023e-19
       3804.0000  2.11336e-17  2.11336e-18
       3806.0000  2.81061e-17  2.81061e-18
       3808.0000  1.87251e-17  1.87251e-18
       3810.0000  1.36037e-17  1.36037e-18
       3812.0000  3.22583e-17  3.22583e-18
       3814.0000  2.68463e-17  2.68463e-18
       3816.0000  2.49568e-17  2.49568e-18
       3818.0000  2.72748e-17  2.72748e-18
       3820.0000  2.60063e-17  2.60063e-18
       3822.0000  3.61645e-17  3.61645e-18
       3824.0000  4.44996e-17  4.44996e-18
       3826.0000  3.39490e-17  3.39490e-18
       3828.0000  3.32290e-17  3.32289e-18
       3830.0000  3.52095e-17  3.52095e-18
       3832.0000  3.11305e-17  3.11305e-18
       3834.0000  3.43269e-17  3.43269e-18
       3836.0000  2.67223e-17  2.67223e-18
       3838.0000  2.37009e-17  2.37009e-18
       3840.0000  4.47107e-17  4.47107e-18
       3842.0000  4.23740e-17  4.23740e-18
       3844.0000  2.79474e-17  2.79474e-18
       3846.0000  3.31078e-17  3.31078e-18
       3848.0000  4.11981e-17  4.11981e-18
       3850.0000  4.24401e-17  4.24401e-18
       3852.0000  3.73399e-17  3.73399e-18
       3854.0000  4.39685e-17  4.39685e-18
       3856.0000  4.66689e-17  4.66689e-18
       3858.0000  3.72157e-17  3.72157e-18
       3860.0000  4.79145e-17  4.79145e-18
       3862.0000  4.59392e-17  4.59392e-18
       3864.0000  4.60246e-17  4.60246e-18
       3866.0000  4.61453e-17  4.61453e-18
       3868.0000  5.51208e-17  5.51208e-18
       3870.0000  7.37718e-17  7.37718e-18
       3872.0000  7.14428e-17  7.14428e-18
       3874.0000  7.35461e-17  7.35461e-18
       3876.0000  6.42074e-17  6.42074e-18
       3878.0000  5.70397e-17  5.70397e-18
       3880.0000  6.24449e-17  6.24449e-18
       3882.0000  6.81007e-17  6.81007e-18
       3884.0000  6.76962e-17  6.76962e-18
       3886.0000  6.91724e-17  6.91724e-18
       3888.0000  7.49692e-17  7.49692e-18
       3890.0000  7.34772e-17  7.34772e-18
       3892.0000  7.36508e-17  7.36508e-18
       3894.0000  6.52779e-17  6.52779e-18
       3896.0000  7.50324e-17  7.50324e-18
       3898.0000  8.54294e-17  8.54294e-18
       3900.0000  8.30775e-17  8.30775e-18
       3902.0000  8.82829e-17  8.82829e-18
       3904.0000  8.13563e-17  8.13563e-18
       3906.0000  9.00323e-17  9.00323e-18
       3908.0000  1.00714e-16  1.00714e-17
       3910.0000  9.40308e-17  9.40308e-18
       3912.0000  9.72061e-17  9.72061e-18
       3914.0000  9.77455e-17  9.77455e-18
       3916.0000  1.01003e-16  1.01003e-17
       3918.0000  1.00507e-16  1.00507e-17
       3920.0000  9.55435e-17  9.55435e-18
       3922.0000  9.27436e-17  9.27436e-18
       3924.0000  9.78707e-17  9.78707e-18
       3926.0000  1.07482e-16  1.07482e-17
       3928.0000  1.04461e-16  1.04461e-17
       3930.0000  9.32522e-17  9.32522e-18
       3932.0000  1.01122e-16  1.01122e-17
       3934.0000  9.54911e-17  9.54911e-18
       3936.0000  8.55049e-17  8.55049e-18
       3938.0000  9.08581e-17  9.08581e-18
       3940.0000  8.76271e-17  8.76271e-18
       3942.0000  9.33512e-17  9.33512e-18
       3944.0000  9.31284e-17  9.31284e-18
       3946.0000  9.29885e-17  9.29885e-18
       3948.0000  9.47119e-17  9.47119e-18
       3950.0000  1.02494e-16  1.02494e-17
       3952.0000  1.05003e-16  1.05003e-17
       3954.0000  9.01196e-17  9.01196e-18
       3956.0000  9.24393e-17  9.24393e-18
       3958.0000  8.88641e-17  8.88641e-18
       3960.0000  8.90785e-17  8.90785e-18
       3962.0000  9.45976e-17  9.45976e-18
       3964.0000  8.44802e-17  8.44802e-18
       3966.0000  7.73853e-17  7.73853e-18
       3968.0000  7.81918e-17  7.81918e-18
       3970.0000  9.17840e-17  9.17840e-18
       3972.0000  8.08404e-17  8.08404e-18
       3974.0000  7.05397e-17  7.05397e-18
       3976.0000  8.09428e-17  8.09428e-18
       3978.0000  8.30676e-17  8.30676e-18
       3980.0000  8.80889e-17  8.80889e-18
       3982.0000  9.09865e-17  9.09865e-18
       3984.0000  7.72940e-17  7.72940e-18
       3986.0000  8.10531e-17  8.10531e-18
       3988.0000  7.33316e-17  7.33316e-18
       3990.0000  7.51745e-17  7.51745e-18
       3992.0000  7.98649e-17  7.98649e-18
       3994.0000  7.85427e-17  7.85427e-18
       3996.0000  8.17434e-17  8.17434e-18
       3998.0000  8.13843e-17  8.13843e-18
       4000.0000  7.93212e-17  7.93212e-18
       4002.0000  9.08134e-17  9.08134e-18
       4004.0000  9.13229e-17  9.13229e-18
       4006.0000  8.29010e-17  8.29010e-18
       4008.0000  8.19205e-17  8.19205e-18
       4010.0000  8.72556e-17  8.72556e-18
       4012.0000  7.76957e-17  7.76957e-18
       4014.0000  8.51928e-17  8.51928e-18
       4016.0000  9.59289e-17  9.59289e-18
       4018.0000  9.53296e-17  9.53296e-18
       4020.0000  9.32167e-17  9.32167e-18
       4022.0000  8.38197e-17  8.38197e-18
       4024.0000  9.26369e-17  9.26369e-18
       4026.0000  9.47825e-17  9.47825e-18
       4028.0000  8.08747e-17  8.08747e-18
       4030.0000  7.22493e-17  7.22493e-18
       4032.0000  8.81614e-17  8.81614e-18
       4034.0000  8.86368e-17  8.86368e-18
       4036.0000  8.86345e-17  8.86345e-18
       4038.0000  8.63863e-17  8.63863e-18
       4040.0000  8.84576e-17  8.84576e-18
       4042.0000  9.39300e-17  9.39300e-18
       4044.0000  9.15541e-17  9.15541e-18
       4046.0000  8.24926e-17  8.24926e-18
       4048.0000  8.89735e-17  8.89735e-18
       4050.0000  9.18542e-17  9.18542e-18
       4052.0000  8.59516e-17  8.59516e-18
       4054.0000  9.08790e-17  9.08790e-18
       4056.0000  9.10909e-17  9.10909e-18
       4058.0000  8.88653e-17  8.88654e-18
       4060.0000  8.86025e-17  8.86025e-18
       4062.0000  7.65815e-17  7.65815e-18
       4064.0000  6.76443e-17  6.76443e-18
       4066.0000  7.52584e-17  7.52584e-18
       4068.0000  8.56517e-17  8.56517e-18
       4070.0000  8.47843e-17  8.47843e-18
       4072.0000  7.65322e-17  7.65322e-18
       4074.0000  7.47994e-17  7.47994e-18
       4076.0000  7.02803e-17  7.02803e-18
       4078.0000  7.33432e-17  7.33432e-18
       4080.0000  7.32614e-17  7.32614e-18
       4082.0000  6.78468e-17  6.78468e-18
       4084.0000  6.55381e-17  6.55381e-18
       4086.0000  6.46831e-17  6.46831e-18
       4088.0000  6.28090e-17  6.28090e-18
       4090.0000  6.25726e-17  6.25726e-18
       4092.0000  6.79610e-17  6.79610e-18
       4094.0000  7.16817e-17  7.16817e-18
       4096.0000  7.57685e-17  7.57685e-18
       4098.0000  7.65905e-17  7.65905e-18
       4100.0000  8.02223e-17  8.02223e-18
       4102.0000  7.45031e-17  7.45031e-18
       4104.0000  6.13880e-17  6.13880e-18
       4106.0000  5.87367e-17  5.87367e-18
       4108.0000  5.86748e-17  5.86748e-18
       4110.0000  5.33331e-17  5.33331e-18
       4112.0000  5.42791e-17  5.42791e-18
       4114.0000  6.47953e-17  6.47953e-18
       4116.0000  6.34599e-17  6.34599e-18
       4118.0000  5.86090e-17  5.86090e-18
       4120.0000  6.88118e-17  6.88118e-18
       4122.0000  6.54436e-17  6.54436e-18
       4124.0000  5.84909e-17  5.84909e-18
       4126.0000  5.86527e-17  5.86527e-18
       4128.0000  5.46799e-17  5.46799e-18
       4130.0000  5.67628e-17  5.67628e-18
       4132.0000  5.83546e-17  5.83546e-18
       4134.0000  6.13784e-17  6.13784e-18
       4136.0000  7.20152e-17  7.20152e-18
       4138.0000  7.25250e-17  7.25250e-18
       4140.0000  6.27744e-17  6.27744e-18
       4142.0000  6.48623e-17  6.48623e-18
       4144.0000  7.29279e-17  7.29279e-18
       4146.0000  7.47169e-17  7.47169e-18
       4148.0000  7.11377e-17  7.11377e-18
       4150.0000  6.61236e-17  6.61236e-18
       4152.0000  6.96541e-17  6.96541e-18
       4154.0000  6.79394e-17  6.79394e-18
       4156.0000  6.18582e-17  6.18582e-18
       4158.0000  6.39354e-17  6.39353e-18
       4160.0000  6.72055e-17  6.72055e-18
       4162.0000  7.33464e-17  7.33464e-18
       4164.0000  6.79684e-17  6.79684e-18
       4166.0000  5.51748e-17  5.51748e-18
       4168.0000  5.51808e-17  5.51808e-18
       4170.0000  6.31358e-17  6.31358e-18
       4172.0000  7.02282e-17  7.02282e-18
       4174.0000  6.45124e-17  6.45124e-18
       4176.0000  6.08104e-17  6.08104e-18
       4178.0000  7.06259e-17  7.06259e-18
       4180.0000  6.68569e-17  6.68569e-18
       4182.0000  5.99271e-17  5.99271e-18
       4184.0000  5.66171e-17  5.66171e-18
       4186.0000  5.96858e-17  5.96858e-18
       4188.0000  7.28882e-17  7.28882e-18
       4190.0000  6.79424e-17  6.79424e-18
       4192.0000  5.79562e-17  5.79562e-18
       4194.0000  5.89199e-17  5.89199e-18
       4196.0000  5.92509e-17  5.92509e-18
       4198.0000  6.13772e-17  6.13772e-18
       4200.0000  6.74837e-17  6.74837e-18
       4202.0000  6.93482e-17  6.93482e-18
       4204.0000  6.26015e-17  6.26015e-18
       4206.0000  6.59916e-17  6.59916e-18
       4208.0000  7.57808e-17  7.57808e-18
       4210.0000  6.61928e-17  6.61928e-18
       4212.0000  5.97793e-17  5.97793e-18
       4214.0000  6.10129e-17  6.10129e-18
       4216.0000  6.13525e-17  6.13525e-18
       4218.0000  6.51035e-17  6.51035e-18
       4220.0000  6.23243e-17  6.23243e-18
       4222.0000  6.15508e-17  6.15508e-18
       4224.0000  6.47757e-17  6.47757e-18
       4226.0000  5.93786e-17  5.93786e-18
       4228.0000  5.68237e-17  5.68237e-18
       4230.0000  5.92551e-17  5.92551e-18
       4232.0000  5.93311e-17  5.93311e-18
       4234.0000  5.29158e-17  5.29158e-18
       4236.0000  5.40090e-17  5.40090e-18
       4238.0000  6.14213e-17  6.14213e-18
       4240.0000  5.76545e-17  5.76545e-18
       4242.0000  5.03668e-17  5.03668e-18
       4244.0000  5.44342e-17  5.44342e-18
       4246.0000  6.77796e-17  6.77796e-18
       4248.0000  7.25986e-17  7.25986e-18
       4250.0000  6.63844e-17  6.63844e-18
       4252.0000  6.77611e-17  6.77611e-18
       4254.0000  7.14996e-17  7.14996e-18
       4256.0000  6.24815e-17  6.24815e-18
       4258.0000  5.99991e-17  5.99991e-18
       4260.0000  6.25684e-17  6.25684e-18
       4262.0000  6.61821e-17  6.61821e-18
       4264.0000  6.38150e-17  6.38150e-18
       4266.0000  6.28856e-17  6.28856e-18
       4268.0000  6.40869e-17  6.40869e-18
       4270.0000  5.89267e-17  5.89267e-18
       4272.0000  5.81035e-17  5.81035e-18
       4274.0000  6.42051e-17  6.42051e-18
       4276.0000  6.50772e-17  6.50772e-18
       4278.0000  5.69099e-17  5.69099e-18
       4280.0000  5.62058e-17  5.62058e-18
       4282.0000  5.58714e-17  5.58714e-18
       4284.0000  6.15209e-17  6.15209e-18
       4286.0000  7.25175e-17  7.25175e-18
       4288.0000  6.35464e-17  6.35464e-18
       4290.0000  6.53203e-17  6.53203e-18
       4292.0000  6.79466e-17  6.79466e-18
       4294.0000  6.63041e-17  6.63041e-18
       4296.0000  6.95969e-17  6.95969e-18
       4298.0000  6.85874e-17  6.85874e-18
       4300.0000  6.63399e-17  6.63399e-18
       4302.0000  6.67823e-17  6.67823e-18
       4304.0000  6.47022e-17  6.47022e-18
       4306.0000  6.88652e-17  6.88652e-18
       4308.0000  7.26869e-17  7.26869e-18
       4310.0000  7.48767e-17  7.48767e-18
       4312.0000  6.37596e-17  6.37596e-18
       4314.0000  6.81017e-17  6.81017e-18
       4316.0000  7.00899e-17  7.00899e-18
       4318.0000  7.55869e-17  7.55869e-18
       4320.0000  6.93467e-17  6.93467e-18
       4322.0000  6.85610e-17  6.85610e-18
       4324.0000  6.89432e-17  6.89432e-18
       4326.0000  6.85631e-17  6.85631e-18
       4328.0000  6.16484e-17  6.16484e-18
       4330.0000  6.90047e-17  6.90047e-18
       4332.0000  6.95605e-17  6.95605e-18
       4334.0000  7.22624e-17  7.22624e-18
       4336.0000  7.17615e-17  7.17615e-18
       4338.0000  7.18965e-17  7.18965e-18
       4340.0000  7.64667e-17  7.64667e-18
       4342.0000  7.61103e-17  7.61103e-18
       4344.0000  7.45980e-17  7.45980e-18
       4346.0000  7.37532e-17  7.37532e-18
       4348.0000  6.69454e-17  6.69454e-18
       4350.0000  7.80787e-17  7.80787e-18
       4352.0000  7.65386e-17  7.65386e-18
       4354.0000  7.08110e-17  7.08110e-18
       4356.0000  7.63215e-17  7.63215e-18
       4358.0000  7.12763e-17  7.12764e-18
       4360.0000  8.43981e-17  8.43981e-18
       4362.0000  8.50657e-17  8.50657e-18
       4364.0000  8.19273e-17  8.19273e-18
       4366.0000  9.26263e-17  9.26263e-18
       4368.0000  9.75057e-17  9.75057e-18
       4370.0000  9.08403e-17  9.08403e-18
       4372.0000  9.90640e-17  9.90640e-18
       4374.0000  1.02691e-16  1.02691e-17
       4376.0000  1.07271e-16  1.07271e-17
       4378.0000  1.13283e-16  1.13283e-17
       4380.0000  1.04677e-16  1.04677e-17
       4382.0000  1.17934e-16  1.17934e-17
       4384.0000  1.15484e-16  1.15484e-17
       4386.0000  1.10176e-16  1.10176e-17
       4388.0000  1.19574e-16  1.19574e-17
       4390.0000  1.19597e-16  1.19597e-17
       4392.0000  1.07217e-16  1.07217e-17
       4394.0000  1.02712e-16  1.02712e-17
       4396.0000  1.17842e-16  1.17842e-17
       4398.0000  1.17768e-16  1.17768e-17
       4400.0000  1.23306e-16  1.23306e-17
       4402.0000  1.23360e-16  1.23360e-17
       4404.0000  1.11062e-16  1.11062e-17
       4406.0000  1.14508e-16  1.14508e-17
       4408.0000  1.18670e-16  1.18670e-17
       4410.0000  1.25154e-16  1.25154e-17
       4412.0000  1.31794e-16  1.31794e-17
       4414.0000  1.21459e-16  1.21459e-17
       4416.0000  1.15687e-16  1.15687e-17
       4418.0000  1.27392e-16  1.27392e-17
       4420.0000  1.23421e-16  1.23421e-17
       4422.0000  1.21146e-16  1.21146e-17
       4424.0000  1.22170e-16  1.22170e-17
       4426.0000  1.29020e-16  1.29020e-17
       4428.0000  1.31819e-16  1.31819e-17
       4430.0000  1.25114e-16  1.25114e-17
       4432.0000  1.33951e-16  1.33951e-17
       4434.0000  1.34938e-16  1.34938e-17
       4436.0000  1.38638e-16  1.38638e-17
       4438.0000  1.38171e-16  1.38171e-17
       4440.0000  1.47772e-16  1.47772e-17
       4442.0000  1.35415e-16  1.35415e-17
       4444.0000  1.33630e-16  1.33630e-17
       4446.0000  1.45820e-16  1.45820e-17
       4448.0000  1.47119e-16  1.47119e-17
       4450.0000  1.39973e-16  1.39973e-17
       4452.0000  1.43841e-16  1.43841e-17
       4454.0000  1.44640e-16  1.44640e-17
       4456.0000  1.43634e-16  1.43634e-17
       4458.0000  1.43881e-16  1.43881e-17
       4460.0000  1.39636e-16  1.39636e-17
       4462.0000  1.48664e-16  1.48664e-17
       4464.0000  1.57427e-16  1.57427e-17
       4466.0000  1.54661e-16  1.54661e-17
       4468.0000  1.39172e-16  1.39172e-17
       4470.0000  1.50804e-16  1.50804e-17
       4472.0000  1.50805e-16  1.50805e-17
       4474.0000  1.53264e-16  1.53264e-17
       4476.0000  1.56656e-16  1.56656e-17
       4478.0000  1.60046e-16  1.60046e-17
       4480.0000  1.68802e-16  1.68802e-17
       4482.0000  1.63874e-16  1.63875e-17
       4484.0000  1.63297e-16  1.63297e-17
       4486.0000  1.57761e-16  1.57761e-17
       4488.0000  1.62476e-16  1.62476e-17
       4490.0000  1.68834e-16  1.68834e-17
       4492.0000  1.64017e-16  1.64017e-17
       4494.0000  1.61597e-16  1.61597e-17
       4496.0000  1.69546e-16  1.69546e-17
       4498.0000  1.56830e-16  1.56830e-17
       4500.0000  1.56619e-16  1.56619e-17
       4502.0000  1.71278e-16  1.71278e-17
       4504.0000  1.68825e-16  1.68825e-17
       4506.0000  1.72326e-16  1.72326e-17
       4508.0000  1.68864e-16  1.68864e-17
       4510.0000  1.61853e-16  1.61853e-17
       4512.0000  1.55939e-16  1.55939e-17
       4514.0000  1.64479e-16  1.64479e-17
       4516.0000  1.63790e-16  1.63790e-17
       4518.0000  1.63565e-16  1.63565e-17
       4520.0000  1.51264e-16  1.51264e-17
       4522.0000  1.52647e-16  1.52647e-17
       4524.0000  1.67680e-16  1.67680e-17
       4526.0000  1.60760e-16  1.60760e-17
       4528.0000  1.57308e-16  1.57308e-17
       4530.0000  1.60942e-16  1.60942e-17
       4532.0000  1.58901e-16  1.58901e-17
       4534.0000  1.50321e-16  1.50321e-17
       4536.0000  1.45359e-16  1.45359e-17
       4538.0000  1.48424e-16  1.48424e-17
       4540.0000  1.61445e-16  1.61445e-17
       4542.0000  1.56364e-16  1.56364e-17
       4544.0000  1.43651e-16  1.43651e-17
       4546.0000  1.40910e-16  1.40910e-17
       4548.0000  1.34336e-16  1.34336e-17
       4550.0000  1.34475e-16  1.34475e-17
       4552.0000  1.47778e-16  1.47778e-17
       4554.0000  1.50279e-16  1.50279e-17
       4556.0000  1.42031e-16  1.42031e-17
       4558.0000  1.42495e-16  1.42495e-17
       4560.0000  1.43225e-16  1.43225e-17
       4562.0000  1.45697e-16  1.45697e-17
       4564.0000  1.45516e-16  1.45516e-17
       4566.0000  1.42142e-16  1.42142e-17
       4568.0000  1.39077e-16  1.39077e-17
       4570.0000  1.37325e-16  1.37325e-17
       4572.0000  1.32899e-16  1.32899e-17
       4574.0000  1.48252e-16  1.48252e-17
       4576.0000  1.60198e-16  1.60198e-17
       4578.0000  1.51942e-16  1.51942e-17
       4580.0000  1.53246e-16  1.53246e-17
       4582.0000  1.47196e-16  1.47196e-17
       4584.0000  1.52185e-16  1.52185e-17
       4586.0000  1.56287e-16  1.56287e-17
       4588.0000  1.56881e-16  1.56881e-17
       4590.0000  1.59153e-16  1.59153e-17
       4592.0000  1.61411e-16  1.61411e-17
       4594.0000  1.59466e-16  1.59466e-17
       4596.0000  1.52326e-16  1.52326e-17
       4598.0000  1.59999e-16  1.59999e-17
       4600.0000  1.63401e-16  1.63401e-17
       4602.0000  1.66958e-16  1.66958e-17
       4604.0000  1.64390e-16  1.64390e-17
       4606.0000  1.53626e-16  1.53626e-17
       4608.0000  1.55123e-16  1.55123e-17
       4610.0000  1.57116e-16  1.57116e-17
       4612.0000  1.62251e-16  1.62251e-17
       4614.0000  1.57661e-16  1.57661e-17
       4616.0000  1.56487e-16  1.56487e-17
       4618.0000  1.63276e-16  1.63276e-17
       4620.0000  1.68191e-16  1.68191e-17
       4622.0000  1.64787e-16  1.64787e-17
       4624.0000  1.63180e-16  1.63180e-17
       4626.0000  1.57301e-16  1.57301e-17
       4628.0000  1.59329e-16  1.59329e-17
       4630.0000  1.63190e-16  1.63190e-17
       4632.0000  1.54813e-16  1.54813e-17
       4634.0000  1.56797e-16  1.56797e-17
       4636.0000  1.56816e-16  1.56816e-17
       4638.0000  1.54595e-16  1.54595e-17
       4640.0000  1.60614e-16  1.60614e-17
       4642.0000  1.58165e-16  1.58165e-17
       4644.0000  1.55922e-16  1.55922e-17
       4646.0000  1.60576e-16  1.60576e-17
       4648.0000  1.68557e-16  1.68557e-17
       4650.0000  1.78417e-16  1.78417e-17
       4652.0000  1.69585e-16  1.69585e-17
       4654.0000  1.76654e-16  1.76654e-17
       4656.0000  1.75251e-16  1.75251e-17
       4658.0000  1.72196e-16  1.72196e-17
       4660.0000  1.89100e-16  1.89100e-17
       4662.0000  1.94542e-16  1.94542e-17
       4664.0000  1.89748e-16  1.89748e-17
       4666.0000  1.84907e-16  1.84907e-17
       4668.0000  1.90414e-16  1.90414e-17
       4670.0000  1.92175e-16  1.92175e-17
       4672.0000  1.94353e-16  1.94353e-17
       4674.0000  1.99665e-16  1.99665e-17
       4676.0000  1.97709e-16  1.97709e-17
       4678.0000  1.95740e-16  1.95740e-17
       4680.0000  2.08491e-16  2.08491e-17
       4682.0000  2.01557e-16  2.01557e-17
       4684.0000  1.94547e-16  1.94547e-17
       4686.0000  2.14785e-16  2.14785e-17
       4688.0000  2.18186e-16  2.18186e-17
       4690.0000  2.08274e-16  2.08274e-17
       4692.0000  2.03622e-16  2.03622e-17
       4694.0000  2.17911e-16  2.17911e-17
       4696.0000  2.34467e-16  2.34467e-17
       4698.0000  2.35958e-16  2.35958e-17
       4700.0000  2.35884e-16  2.35884e-17
       4702.0000  2.32130e-16  2.32130e-17
       4704.0000  2.47677e-16  2.47677e-17
       4706.0000  2.38066e-16  2.38066e-17
       4708.0000  2.29384e-16  2.29384e-17
       4710.0000  2.26692e-16  2.26692e-17
       4712.0000  2.31350e-16  2.31350e-17
       4714.0000  2.29779e-16  2.29779e-17
       4716.0000  2.38978e-16  2.38978e-17
       4718.0000  2.32243e-16  2.32243e-17
       4720.0000  2.26708e-16  2.26708e-17
       4722.0000  2.28766e-16  2.28766e-17
       4724.0000  2.22449e-16  2.22449e-17
       4726.0000  2.15318e-16  2.15318e-17
       4728.0000  2.07944e-16  2.07945e-17
       4730.0000  2.07050e-16  2.07050e-17
       4732.0000  2.14465e-16  2.14465e-17
       4734.0000  2.15197e-16  2.15197e-17
       4736.0000  1.96128e-16  1.96128e-17
       4738.0000  1.87943e-16  1.87943e-17
       4740.0000  1.89557e-16  1.89557e-17
       4742.0000  1.98948e-16  1.98948e-17
       4744.0000  1.94000e-16  1.94000e-17
       4746.0000  1.91105e-16  1.91105e-17
       4748.0000  1.91205e-16  1.91205e-17
       4750.0000  1.85569e-16  1.85569e-17
       4752.0000  1.83645e-16  1.83645e-17
       4754.0000  1.76606e-16  1.76606e-17
       4756.0000  1.71679e-16  1.71679e-17
       4758.0000  1.66890e-16  1.66890e-17
       4760.0000  1.62741e-16  1.62741e-17
       4762.0000  1.68836e-16  1.68836e-17
       4764.0000  1.63700e-16  1.63700e-17
       4766.0000  1.64659e-16  1.64659e-17
       4768.0000  1.60594e-16  1.60594e-17
       4770.0000  1.55056e-16  1.55056e-17
       4772.0000  1.54761e-16  1.54761e-17
       4774.0000  1.56233e-16  1.56233e-17
       4776.0000  1.52826e-16  1.52826e-17
       4778.0000  1.53113e-16  1.53113e-17
       4780.0000  1.56091e-16  1.56091e-17
       4782.0000  1.44198e-16  1.44198e-17
       4784.0000  1.42654e-16  1.42654e-17
       4786.0000  1.50419e-16  1.50419e-17
       4788.0000  1.53848e-16  1.53848e-17
       4790.0000  1.56930e-16  1.56930e-17
       4792.0000  1.60802e-16  1.60802e-17
       4794.0000  1.66197e-16  1.66197e-17
       4796.0000  1.66328e-16  1.66328e-17
       4798.0000  1.63896e-16  1.63896e-17
       4800.0000  1.71427e-16  1.71427e-17
       4802.0000  1.74729e-16  1.74729e-17
       4804.0000  1.70377e-16  1.70377e-17
       4806.0000  1.65645e-16  1.65645e-17
       4808.0000  1.63603e-16  1.63603e-17
       4810.0000  1.69344e-16  1.69344e-17
       4812.0000  1.72597e-16  1.72597e-17
       4814.0000  1.66925e-16  1.66925e-17
       4816.0000  1.70374e-16  1.70374e-17
       4818.0000  1.81367e-16  1.81367e-17
       4820.0000  1.78754e-16  1.78754e-17
       4822.0000  1.71153e-16  1.71153e-17
       4824.0000  1.66381e-16  1.66381e-17
       4826.0000  1.71728e-16  1.71728e-17
       4828.0000  1.77242e-16  1.77242e-17
       4830.0000  1.78311e-16  1.78311e-17
       4832.0000  1.79807e-16  1.79807e-17
       4834.0000  1.66087e-16  1.66087e-17
       4836.0000  1.62419e-16  1.62419e-17
       4838.0000  1.67458e-16  1.67458e-17
       4840.0000  1.64179e-16  1.64179e-17
       4842.0000  1.64998e-16  1.64998e-17
       4844.0000  1.66696e-16  1.66696e-17
       4846.0000  1.63109e-16  1.63109e-17
       4848.0000  1.67362e-16  1.67362e-17
       4850.0000  1.74595e-16  1.74595e-17
       4852.0000  1.71968e-16  1.71968e-17
       4854.0000  1.69898e-16  1.69898e-17
       4856.0000  1.63786e-16  1.63786e-17
       4858.0000  1.62039e-16  1.62039e-17
       4860.0000  1.66948e-16  1.66948e-17
       4862.0000  1.69497e-16  1.69497e-17
       4864.0000  1.69496e-16  1.69496e-17
       4866.0000  1.66708e-16  1.66708e-17
       4868.0000  1.59965e-16  1.59965e-17
       4870.0000  1.59464e-16  1.59464e-17
       4872.0000  1.66341e-16  1.66341e-17
       4874.0000  1.60210e-16  1.60210e-17
       4876.0000  1.54179e-16  1.54179e-17
       4878.0000  1.47416e-16  1.47416e-17
       4880.0000  1.41706e-16  1.41706e-17
       4882.0000  1.43063e-16  1.43063e-17
       4884.0000  1.48275e-16  1.48275e-17
       4886.0000  1.48705e-16  1.48705e-17
       4888.0000  1.39974e-16  1.39974e-17
       4890.0000  1.33722e-16  1.33722e-17
       4892.0000  1.29255e-16  1.29255e-17
       4894.0000  1.32054e-16  1.32054e-17
       4896.0000  1.33878e-16  1.33878e-17
       4898.0000  1.34206e-16  1.34206e-17
       4900.0000  1.30070e-16  1.30070e-17
       4902.0000  1.25669e-16  1.25669e-17
       4904.0000  1.24944e-16  1.24944e-17
       4906.0000  1.25000e-16  1.25000e-17
       4908.0000  1.22156e-16  1.22156e-17
       4910.0000  1.20854e-16  1.20854e-17
       4912.0000  1.20773e-16  1.20773e-17
       4914.0000  1.18898e-16  1.18898e-17
       4916.0000  1.21572e-16  1.21572e-17
       4918.0000  1.22610e-16  1.22610e-17
       4920.0000  1.22528e-16  1.22528e-17
       4922.0000  1.17335e-16  1.17335e-17
       4924.0000  1.10711e-16  1.10711e-17
       4926.0000  1.20158e-16  1.20158e-17
       4928.0000  1.25089e-16  1.25089e-17
       4930.0000  1.18801e-16  1.18801e-17
       4932.0000  1.11869e-16  1.11869e-17
       4934.0000  1.11455e-16  1.11455e-17
       4936.0000  1.18401e-16  1.18401e-17
       4938.0000  1.21385e-16  1.21385e-17
       4940.0000  1.11574e-16  1.11574e-17
       4942.0000  1.05794e-16  1.05794e-17
       4944.0000  1.05587e-16  1.05587e-17
       4946.0000  1.08866e-16  1.08866e-17
       4948.0000  1.11836e-16  1.11836e-17
       4950.0000  1.08026e-16  1.08026e-17
       4952.0000  1.09631e-16  1.09631e-17
       4954.0000  1.10266e-16  1.10266e-17
       4956.0000  1.07311e-16  1.07311e-17
       4958.0000  1.05488e-16  1.05488e-17
       4960.0000  1.04027e-16  1.04027e-17
       4962.0000  1.08245e-16  1.08245e-17
       4964.0000  1.06758e-16  1.06758e-17
       4966.0000  9.98320e-17  9.98320e-18
       4968.0000  9.74664e-17  9.74664e-18
       4970.0000  1.02263e-16  1.02263e-17
       4972.0000  1.06054e-16  1.06054e-17
       4974.0000  1.03541e-16  1.03541e-17
       4976.0000  9.96902e-17  9.96902e-18
       4978.0000  1.05812e-16  1.05812e-17
       4980.0000  1.13504e-16  1.13504e-17
       4982.0000  1.05952e-16  1.05952e-17
       4984.0000  1.08923e-16  1.08923e-17
       4986.0000  1.19540e-16  1.19540e-17
       4988.0000  1.18599e-16  1.18599e-17
       4990.0000  1.16216e-16  1.16216e-17
       4992.0000  1.22459e-16  1.22459e-17
       4994.0000  1.28099e-16  1.28099e-17
       4996.0000  1.19257e-16  1.19257e-17
       4998.0000  1.11278e-16  1.11278e-17
       5000.0000  1.14230e-16  1.14230e-17
       5002.0000  1.21460e-16  1.21460e-17
       5004.0000  1.27297e-16  1.27297e-17
       5006.0000  1.21534e-16  1.21534e-17
       5008.0000  1.23008e-16  1.23008e-17
       5010.0000  1.25403e-16  1.25403e-17
       5012.0000  1.16021e-16  1.16021e-17
       5014.0000  1.17490e-16  1.17490e-17
       5016.0000  1.16407e-16  1.16407e-17
       5018.0000  1.21324e-16  1.21324e-17
       5020.0000  1.27203e-16  1.27203e-17
       5022.0000  1.21200e-16  1.21200e-17
       5024.0000  1.18803e-16  1.18803e-17
       5026.0000  1.20453e-16  1.20453e-17
       5028.0000  1.19307e-16  1.19307e-17
       5030.0000  1.25510e-16  1.25510e-17
       5032.0000  1.38196e-16  1.38196e-17
       5034.0000  1.30705e-16  1.30705e-17
       5036.0000  1.23794e-16  1.23794e-17
       5038.0000  1.27401e-16  1.27401e-17
       5040.0000  1.30403e-16  1.30403e-17
       5042.0000  1.28586e-16  1.28586e-17
       5044.0000  1.21980e-16  1.21980e-17
       5046.0000  1.24111e-16  1.24111e-17
       5048.0000  1.32592e-16  1.32592e-17
       5050.0000  1.30878e-16  1.30878e-17
       5052.0000  1.22079e-16  1.22079e-17
       5054.0000  1.31188e-16  1.31188e-17
       5056.0000  1.34322e-16  1.34323e-17
       5058.0000  1.30489e-16  1.30489e-17
       5060.0000  1.28689e-16  1.28689e-17
       5062.0000  1.28591e-16  1.28591e-17
       5064.0000  1.20966e-16  1.20966e-17
       5066.0000  1.19593e-16  1.19593e-17
       5068.0000  1.26130e-16  1.26130e-17
       5070.0000  1.28640e-16  1.28640e-17
       5072.0000  1.24078e-16  1.24078e-17
       5074.0000  1.31099e-16  1.31099e-17
       5076.0000  1.32497e-16  1.32497e-17
       5078.0000  1.24361e-16  1.24361e-17
       5080.0000  1.24874e-16  1.24874e-17
       5082.0000  1.24519e-16  1.24519e-17
       5084.0000  1.20945e-16  1.20945e-17
       5086.0000  1.25825e-16  1.25825e-17
       5088.0000  1.31097e-16  1.31097e-17
       5090.0000  1.29113e-16  1.29113e-17
       5092.0000  1.29184e-16  1.29184e-17
       5094.0000  1.31735e-16  1.31735e-17
       5096.0000  1.20603e-16  1.20603e-17
       5098.0000  1.23562e-16  1.23562e-17
       5100.0000  1.30368e-16  1.30368e-17
       5102.0000  1.29209e-16  1.29209e-17
       5104.0000  1.28269e-16  1.28269e-17
       5106.0000  1.33298e-16  1.33298e-17
       5108.0000  1.35196e-16  1.35196e-17
       5110.0000  1.32236e-16  1.32236e-17
       5112.0000  1.31549e-16  1.31549e-17
       5114.0000  1.38872e-16  1.38872e-17
       5116.0000  1.34996e-16  1.34996e-17
       5118.0000  1.35293e-16  1.35293e-17
       5120.0000  1.35580e-16  1.35580e-17
       5122.0000  1.32476e-16  1.32476e-17
       5124.0000  1.32610e-16  1.32610e-17
       5126.0000  1.35883e-16  1.35883e-17
       5128.0000  1.25606e-16  1.25606e-17
       5130.0000  1.29193e-16  1.29193e-17
       5132.0000  1.36623e-16  1.36623e-17
       5134.0000  1.35191e-16  1.35191e-17
       5136.0000  1.38215e-16  1.38215e-17
       5138.0000  1.29270e-16  1.29270e-17
       5140.0000  1.40088e-16  1.40088e-17
       5142.0000  1.43945e-16  1.43945e-17
       5144.0000  1.39326e-16  1.39326e-17
       5146.0000  1.42726e-16  1.42726e-17
       5148.0000  1.50625e-16  1.50625e-17
       5150.0000  1.51985e-16  1.51985e-17
       5152.0000  1.46416e-16  1.46416e-17
       5154.0000  1.50003e-16  1.50003e-17
       5156.0000  1.44315e-16  1.44315e-17
       5158.0000  1.57868e-16  1.57868e-17
       5160.0000  1.59265e-16  1.59265e-17
       5162.0000  1.58104e-16  1.58104e-17
       5164.0000  1.58147e-16  1.58147e-17
       5166.0000  1.68836e-16  1.68836e-17
       5168.0000  1.72933e-16  1.72933e-17
       5170.0000  1.64677e-16  1.64677e-17
       5172.0000  1.76215e-16  1.76215e-17
       5174.0000  1.74098e-16  1.74098e-17
       5176.0000  1.75186e-16  1.75186e-17
       5178.0000  1.89121e-16  1.89121e-17
       5180.0000  1.81947e-16  1.81947e-17
       5182.0000  1.92147e-16  1.92147e-17
       5184.0000  1.97781e-16  1.97781e-17
       5186.0000  2.03543e-16  2.03543e-17
       5188.0000  2.02493e-16  2.02493e-17
       5190.0000  2.04739e-16  2.04739e-17
       5192.0000  1.99103e-16  1.99103e-17
       5194.0000  2.03477e-16  2.03477e-17
       5196.0000  2.07240e-16  2.07240e-17
       5198.0000  2.09744e-16  2.09744e-17
       5200.0000  2.13753e-16  2.13753e-17
       5202.0000  2.14702e-16  2.14702e-17
       5204.0000  2.25921e-16  2.25921e-17
       5206.0000  2.14081e-16  2.14081e-17
       5208.0000  2.05636e-16  2.05636e-17
       5210.0000  2.15575e-16  2.15575e-17
       5212.0000  2.17938e-16  2.17938e-17
       5214.0000  2.13983e-16  2.13983e-17
       5216.0000  2.10425e-16  2.10425e-17
       5218.0000  2.17211e-16  2.17211e-17
       5220.0000  2.21460e-16  2.21460e-17
       5222.0000  2.14399e-16  2.14399e-17
       5224.0000  2.13954e-16  2.13954e-17
       5226.0000  2.16197e-16  2.16197e-17
       5228.0000  2.19335e-16  2.19335e-17
       5230.0000  2.20121e-16  2.20121e-17
       5232.0000  2.10818e-16  2.10818e-17
       5234.0000  2.23112e-16  2.23112e-17
       5236.0000  2.20611e-16  2.20611e-17
       5238.0000  2.24551e-16  2.24551e-17
       5240.0000  2.24457e-16  2.24457e-17
       5242.0000  2.28086e-16  2.28086e-17
       5244.0000  2.31513e-16  2.31513e-17
       5246.0000  2.31550e-16  2.31550e-17
       5248.0000  2.39563e-16  2.39563e-17
       5250.0000  2.34017e-16  2.34017e-17
       5252.0000  2.40343e-16  2.40343e-17
       5254.0000  2.46430e-16  2.46430e-17
       5256.0000  2.52710e-16  2.52710e-17
       5258.0000  2.52681e-16  2.52681e-17
       5260.0000  2.58458e-16  2.58458e-17
       5262.0000  2.57186e-16  2.57186e-17
       5264.0000  2.61567e-16  2.61567e-17
       5266.0000  2.72587e-16  2.72587e-17
       5268.0000  2.75197e-16  2.75197e-17
       5270.0000  2.76061e-16  2.76061e-17
       5272.0000  2.89422e-16  2.89422e-17
       5274.0000  2.77922e-16  2.77922e-17
       5276.0000  2.83534e-16  2.83534e-17
       5278.0000  2.98170e-16  2.98170e-17
       5280.0000  2.90456e-16  2.90456e-17
       5282.0000  2.95288e-16  2.95288e-17
       5284.0000  3.04773e-16  3.04773e-17
       5286.0000  3.13045e-16  3.13045e-17
       5288.0000  3.11035e-16  3.11035e-17
       5290.0000  3.09535e-16  3.09535e-17
       5292.0000  3.22663e-16  3.22663e-17
       5294.0000  3.25629e-16  3.25629e-17
       5296.0000  3.35727e-16  3.35727e-17
       5298.0000  3.55749e-16  3.55749e-17
       5300.0000  3.46338e-16  3.46338e-17
       5302.0000  3.62398e-16  3.62398e-17
       5304.0000  3.67532e-16  3.67532e-17
       5306.0000  3.62729e-16  3.62729e-17
       5308.0000  3.75055e-16  3.75055e-17
       5310.0000  3.74207e-16  3.74207e-17
       5312.0000  3.84043e-16  3.84043e-17
       5314.0000  3.88909e-16  3.88909e-17
       5316.0000  3.95878e-16  3.95878e-17
       5318.0000  3.89417e-16  3.89417e-17
       5320.0000  3.99092e-16  3.99092e-17
       5322.0000  4.04934e-16  4.04934e-17
       5324.0000  4.12936e-16  4.12936e-17
       5326.0000  4.12124e-16  4.12124e-17
       5328.0000  4.19534e-16  4.19534e-17
       5330.0000  4.21623e-16  4.21623e-17
       5332.0000  4.21642e-16  4.21642e-17
       5334.0000  4.18378e-16  4.18378e-17
       5336.0000  4.28564e-16  4.28564e-17
       5338.0000  4.28616e-16  4.28616e-17
       5340.0000  4.19567e-16  4.19567e-17
       5342.0000  4.18873e-16  4.18873e-17
       5344.0000  4.29176e-16  4.29176e-17
       5346.0000  4.35034e-16  4.35034e-17
       5348.0000  4.43667e-16  4.43667e-17
       5350.0000  4.47515e-16  4.47515e-17
       5352.0000  4.35060e-16  4.35060e-17
       5354.0000  4.43450e-16  4.43450e-17
       5356.0000  4.44420e-16  4.44420e-17
       5358.0000  4.48300e-16  4.48300e-17
       5360.0000  4.48518e-16  4.48518e-17
       5362.0000  4.55667e-16  4.55667e-17
       5364.0000  4.55090e-16  4.55090e-17
       5366.0000  4.59530e-16  4.59530e-17
       5368.0000  4.55640e-16  4.55640e-17
       5370.0000  4.55292e-16  4.55292e-17
       5372.0000  4.64087e-16  4.64087e-17
       5374.0000  4.63092e-16  4.63092e-17
       5376.0000  4.56410e-16  4.56410e-17
       5378.0000  4.48497e-16  4.48497e-17
       5380.0000  4.41655e-16  4.41655e-17
       5382.0000  4.32750e-16  4.32750e-17
       5384.0000  4.32181e-16  4.32181e-17
       5386.0000  4.34145e-16  4.34145e-17
       5388.0000  4.31135e-16  4.31135e-17
       5390.0000  4.20631e-16  4.20631e-17
       5392.0000  4.14109e-16  4.14109e-17
       5394.0000  4.12938e-16  4.12938e-17
       5396.0000  4.15430e-16  4.15430e-17
       5398.0000  4.02241e-16  4.02241e-17
       5400.0000  3.90606e-16  3.90606e-17
       5402.0000  4.08863e-16  4.08863e-17
       5404.0000  4.09893e-16  4.09893e-17
       5406.0000  4.00399e-16  4.00399e-17
       5408.0000  3.93053e-16  3.93053e-17
       5410.0000  3.89381e-16  3.89381e-17
       5412.0000  3.87472e-16  3.87472e-17
       5414.0000  3.87303e-16  3.87303e-17
       5416.0000  3.84183e-16  3.84183e-17
       5418.0000  3.79111e-16  3.79111e-17
       5420.0000  3.67868e-16  3.67868e-17
       5422.0000  3.68192e-16  3.68192e-17
       5424.0000  3.77914e-16  3.77914e-17
       5426.0000  3.75762e-16  3.75762e-17
       5428.0000  3.67697e-16  3.67697e-17
       5430.0000  3.70135e-16  3.70135e-17
       5432.0000  3.73496e-16  3.73496e-17
       5434.0000  3.76775e-16  3.76775e-17
       5436.0000  3.78127e-16  3.78127e-17
       5438.0000  3.76290e-16  3.76290e-17
       5440.0000  3.82156e-16  3.82156e-17
       5442.0000  3.80633e-16  3.80633e-17
       5444.0000  3.80255e-16  3.80255e-17
       5446.0000  3.79776e-16  3.79776e-17
       5448.0000  3.79428e-16  3.79428e-17
       5450.0000  3.86148e-16  3.86148e-17
       5452.0000  3.91048e-16  3.91048e-17
       5454.0000  3.91266e-16  3.91266e-17
       5456.0000  3.93571e-16  3.93571e-17
       5458.0000  3.94920e-16  3.94920e-17
       5460.0000  3.91274e-16  3.91274e-17
       5462.0000  3.94371e-16  3.94371e-17
       5464.0000  4.07765e-16  4.07765e-17
       5466.0000  4.16884e-16  4.16884e-17
       5468.0000  4.14809e-16  4.14809e-17
       5470.0000  4.13968e-16  4.13968e-17
       5472.0000  4.22950e-16  4.22950e-17
       5474.0000  4.28226e-16  4.28226e-17
       5476.0000  4.27351e-16  4.27351e-17
       5478.0000  4.19355e-16  4.19355e-17
       5480.0000  4.25997e-16  4.25997e-17
       5482.0000  4.44110e-16  4.44110e-17
       5484.0000  4.32095e-16  4.32095e-17
       5486.0000  4.34015e-16  4.34015e-17
       5488.0000  4.53325e-16  4.53325e-17
       5490.0000  4.56370e-16  4.56370e-17
       5492.0000  4.50301e-16  4.50301e-17
       5494.0000  4.49338e-16  4.49338e-17
       5496.0000  4.53666e-16  4.53666e-17
       5498.0000  4.49705e-16  4.49705e-17
       5500.0000  4.46654e-16  4.46654e-17
       5502.0000  4.48380e-16  4.48380e-17
       5504.0000  4.49212e-16  4.49212e-17
       5506.0000  4.53722e-16  4.53722e-17
       5508.0000  4.57206e-16  4.57206e-17
       5510.0000  4.47113e-16  4.47113e-17
       5512.0000  4.38654e-16  4.38654e-17
       5514.0000  4.44142e-16  4.44142e-17
       5516.0000  4.31443e-16  4.31443e-17
       5518.0000  4.25449e-16  4.25449e-17
       5520.0000  4.29000e-16  4.29000e-17
       5522.0000  4.17117e-16  4.17117e-17
       5524.0000  4.15241e-16  4.15241e-17
       5526.0000  4.19887e-16  4.19887e-17
       5528.0000  4.15454e-16  4.15454e-17
       5530.0000  4.12329e-16  4.12329e-17
       5532.0000  4.00452e-16  4.00452e-17
       5534.0000  3.94056e-16  3.94056e-17
       5536.0000  3.95661e-16  3.95661e-17
       5538.0000  3.94541e-16  3.94541e-17
       5540.0000  3.89465e-16  3.89465e-17
       5542.0000  3.84123e-16  3.84123e-17
       5544.0000  3.84811e-16  3.84811e-17
       5546.0000  3.77671e-16  3.77671e-17
       5548.0000  3.67044e-16  3.67044e-17
       5550.0000  3.60358e-16  3.60358e-17
       5552.0000  3.57249e-16  3.57249e-17
       5554.0000  3.60477e-16  3.60477e-17
       5556.0000  3.65414e-16  3.65414e-17
       5558.0000  3.59810e-16  3.59810e-17
       5560.0000  3.58227e-16  3.58227e-17
       5562.0000  3.62992e-16  3.62992e-17
       5564.0000  3.58148e-16  3.58148e-17
       5566.0000  3.50917e-16  3.50917e-17
       5568.0000  3.51927e-16  3.51927e-17
       5570.0000  3.54353e-16  3.54353e-17
       5572.0000  3.44909e-16  3.44909e-17
       5574.0000  3.37461e-16  3.37461e-17
       5576.0000  3.42819e-16  3.42819e-17
       5578.0000  3.39302e-16  3.39302e-17
       5580.0000  3.38977e-16  3.38977e-17
       5582.0000  3.41535e-16  3.41535e-17
       5584.0000  3.43540e-16  3.43540e-17
       5586.0000  3.32932e-16  3.32932e-17
       5588.0000  3.20419e-16  3.20419e-17
       5590.0000  3.22957e-16  3.22957e-17
       5592.0000  3.28637e-16  3.28637e-17
       5594.0000  3.24644e-16  3.24644e-17
       5596.0000  3.13773e-16  3.13773e-17
       5598.0000  3.19897e-16  3.19897e-17
       5600.0000  3.23465e-16  3.23465e-17
       5602.0000  3.16524e-16  3.16524e-17
       5604.0000  3.12309e-16  3.12309e-17
       5606.0000  3.08460e-16  3.08460e-17
       5608.0000  3.04943e-16  3.04943e-17
       5610.0000  2.97501e-16  2.97501e-17
       5612.0000  2.94232e-16  2.94232e-17
       5614.0000  2.93523e-16  2.93523e-17
       5616.0000  2.94286e-16  2.94286e-17
       5618.0000  2.95037e-16  2.95037e-17
       5620.0000  2.86994e-16  2.86994e-17
       5622.0000  2.80155e-16  2.80155e-17
       5624.0000  2.81246e-16  2.81246e-17
       5626.0000  2.86441e-16  2.86441e-17
       5628.0000  2.80884e-16  2.80884e-17
       5630.0000  2.77639e-16  2.77639e-17
       5632.0000  2.79253e-16  2.79253e-17
       5634.0000  2.79994e-16  2.79994e-17
       5636.0000  2.81935e-16  2.81935e-17
       5638.0000  2.85033e-16  2.85033e-17
       5640.0000  2.90628e-16  2.90628e-17
       5642.0000  2.90972e-16  2.90972e-17
       5644.0000  2.89153e-16  2.89153e-17
       5646.0000  2.87924e-16  2.87924e-17
       5648.0000  2.91770e-16  2.91770e-17
       5650.0000  2.94094e-16  2.94095e-17
       5652.0000  2.98361e-16  2.98361e-17
       5654.0000  3.12400e-16  3.12400e-17
       5656.0000  3.24475e-16  3.24475e-17
       5658.0000  3.27543e-16  3.27543e-17
       5660.0000  3.30037e-16  3.30037e-17
       5662.0000  3.37629e-16  3.37629e-17
       5664.0000  3.39436e-16  3.39436e-17
       5666.0000  3.43257e-16  3.43257e-17
       5668.0000  3.51015e-16  3.51015e-17
       5670.0000  3.56794e-16  3.56794e-17
       5672.0000  3.55345e-16  3.55345e-17
       5674.0000  3.53284e-16  3.53284e-17
       5676.0000  3.72561e-16  3.72561e-17
       5678.0000  3.77547e-16  3.77547e-17
       5680.0000  3.71625e-16  3.71625e-17
       5682.0000  3.83011e-16  3.83011e-17
       5684.0000  3.91625e-16  3.91625e-17
       5686.0000  3.90618e-16  3.90618e-17
       5688.0000  3.92290e-16  3.92290e-17
       5690.0000  4.03356e-16  4.03356e-17
       5692.0000  4.08551e-16  4.08551e-17
       5694.0000  4.09236e-16  4.09236e-17
       5696.0000  3.99070e-16  3.99070e-17
       5698.0000  4.07826e-16  4.07826e-17
       5700.0000  4.12963e-16  4.12963e-17
       5702.0000  4.13139e-16  4.13139e-17
       5704.0000  4.11634e-16  4.11634e-17
       5706.0000  4.03251e-16  4.03251e-17
       5708.0000  3.97722e-16  3.97722e-17
       5710.0000  4.00360e-16  4.00360e-17
       5712.0000  4.03432e-16  4.03432e-17
       5714.0000  3.79144e-16  3.79144e-17
       5716.0000  3.71766e-16  3.71766e-17
       5718.0000  3.61243e-16  3.61243e-17
       5720.0000  3.57947e-16  3.57947e-17
       5722.0000  3.51640e-16  3.51640e-17
       5724.0000  3.45532e-16  3.45532e-17
       5726.0000  3.46508e-16  3.46508e-17
       5728.0000  3.48684e-16  3.48684e-17
       5730.0000  3.43021e-16  3.43021e-17
       5732.0000  3.24670e-16  3.24670e-17
       5734.0000  3.19669e-16  3.19669e-17
       5736.0000  3.17111e-16  3.17111e-17
       5738.0000  3.18544e-16  3.18544e-17
       5740.0000  3.27957e-16  3.27957e-17
       5742.0000  3.14934e-16  3.14934e-17
       5744.0000  3.08314e-16  3.08314e-17
       5746.0000  3.12719e-16  3.12719e-17
       5748.0000  3.00081e-16  3.00081e-17
       5750.0000  3.08101e-16  3.08101e-17
       5752.0000  3.18239e-16  3.18239e-17
       5754.0000  3.04844e-16  3.04844e-17
       5756.0000  3.02090e-16  3.02090e-17
       5758.0000  3.13819e-16  3.13819e-17
       5760.0000  3.17162e-16  3.17162e-17
       5762.0000  3.13295e-16  3.13295e-17
       5764.0000  3.25029e-16  3.25029e-17
       5766.0000  3.21112e-16  3.21112e-17
       5768.0000  3.27106e-16  3.27106e-17
       5770.0000  3.22776e-16  3.22776e-17
       5772.0000  3.16858e-16  3.16857e-17
       5774.0000  3.26669e-16  3.26669e-17
       5776.0000  3.25165e-16  3.25165e-17
       5778.0000  3.14681e-16  3.14681e-17
       5780.0000  3.08074e-16  3.08074e-17
       5782.0000  3.15277e-16  3.15277e-17
       5784.0000  3.11201e-16  3.11201e-17
       5786.0000  3.16456e-16  3.16456e-17
       5788.0000  3.19507e-16  3.19507e-17
       5790.0000  2.98672e-16  2.98672e-17
       5792.0000  3.05662e-16  3.05662e-17
       5794.0000  2.87663e-16  2.87663e-17
       5796.0000  2.91961e-16  2.91961e-17
       5798.0000  2.98352e-16  2.98352e-17
       5800.0000  3.03514e-16  3.03514e-17
       5802.0000  2.93052e-16  2.93052e-17
       5804.0000  2.99652e-16  2.99652e-17
       5806.0000  3.13626e-16  3.13626e-17
       5808.0000  3.01243e-16  3.01243e-17
       5810.0000  2.91697e-16  2.91697e-17
       5812.0000  2.99457e-16  2.99457e-17
       5814.0000  3.13889e-16  3.13889e-17
       5816.0000  3.19117e-16  3.19117e-17
       5818.0000  3.22225e-16  3.22225e-17
       5820.0000  3.00539e-16  3.00539e-17
       5822.0000  3.10025e-16  3.10025e-17
       5824.0000  3.24223e-16  3.24223e-17
       5826.0000  3.12617e-16  3.12617e-17
       5828.0000  3.11865e-16  3.11865e-17
       5830.0000  3.12339e-16  3.12339e-17
       5832.0000  3.12500e-16  3.12500e-17
       5834.0000  3.27780e-16  3.27780e-17
       5836.0000  3.32708e-16  3.32708e-17
       5838.0000  3.20923e-16  3.20923e-17
       5840.0000  3.15660e-16  3.15660e-17
       5842.0000  3.34350e-16  3.34350e-17
       5844.0000  3.29568e-16  3.29568e-17
       5846.0000  3.28876e-16  3.28876e-17
       5848.0000  3.26172e-16  3.26172e-17
       5850.0000  3.36297e-16  3.36297e-17
       5852.0000  3.38006e-16  3.38006e-17
       5854.0000  3.39942e-16  3.39942e-17
       5856.0000  3.42602e-16  3.42602e-17
       5858.0000  3.35565e-16  3.35565e-17
       5860.0000  3.25432e-16  3.25432e-17
       5862.0000  3.33809e-16  3.33809e-17
       5864.0000  3.26266e-16  3.26266e-17
       5866.0000  3.35731e-16  3.35731e-17
       5868.0000  3.36257e-16  3.36257e-17
       5870.0000  3.27258e-16  3.27258e-17
       5872.0000  3.14376e-16  3.14376e-17
       5874.0000  3.08005e-16  3.08005e-17
       5876.0000  3.04028e-16  3.04028e-17
       5878.0000  2.86171e-16  2.86171e-17
       5880.0000  2.86264e-16  2.86264e-17
       5882.0000  2.75548e-16  2.75548e-17
       5884.0000  2.75676e-16  2.75676e-17
       5886.0000  2.74435e-16  2.74435e-17
       5888.0000  2.75556e-16  2.75556e-17
       5890.0000  2.65099e-16  2.65099e-17
       5892.0000  2.73754e-16  2.73754e-17
       5894.0000  2.62707e-16  2.62707e-17
       5896.0000  2.59899e-16  2.59899e-17
       5898.0000  2.66434e-16  2.66434e-17
       5900.0000  2.54672e-16  2.54672e-17
       5902.0000  2.56796e-16  2.56796e-17
       5904.0000  2.55983e-16  2.55983e-17
       5906.0000  2.57564e-16  2.57564e-17
       5908.0000  2.53552e-16  2.53552e-17
       5910.0000  2.58022e-16  2.58022e-17
       5912.0000  2.56633e-16  2.56633e-17
       5914.0000  2.45502e-16  2.45502e-17
       5916.0000  2.45852e-16  2.45852e-17
       5918.0000  2.55059e-16  2.55059e-17
       5920.0000  2.57785e-16  2.57785e-17
       5922.0000  2.49768e-16  2.49768e-17
       5924.0000  2.50236e-16  2.50236e-17
       5926.0000  2.58316e-16  2.58316e-17
       5928.0000  2.66270e-16  2.66270e-17
       5930.0000  2.58324e-16  2.58324e-17
       5932.0000  2.62868e-16  2.62868e-17
       5934.0000  2.74275e-16  2.74275e-17
       5936.0000  2.73741e-16  2.73741e-17
       5938.0000  2.72492e-16  2.72492e-17
       5940.0000  2.76697e-16  2.76697e-17
       5942.0000  2.68282e-16  2.68282e-17
       5944.0000  2.75748e-16  2.75748e-17
       5946.0000  2.87829e-16  2.87829e-17
       5948.0000  2.95485e-16  2.95485e-17
       5950.0000  2.91294e-16  2.91294e-17
       5952.0000  2.98062e-16  2.98062e-17
       5954.0000  3.04806e-16  3.04806e-17
       5956.0000  3.04793e-16  3.04793e-17
       5958.0000  3.08416e-16  3.08416e-17
       5960.0000  3.07415e-16  3.07415e-17
       5962.0000  3.06427e-16  3.06427e-17
       5964.0000  3.16375e-16  3.16375e-17
       5966.0000  3.16925e-16  3.16925e-17
       5968.0000  3.17887e-16  3.17887e-17
       5970.0000  3.29424e-16  3.29424e-17
       5972.0000  3.25605e-16  3.25605e-17
       5974.0000  3.18500e-16  3.18500e-17
       5976.0000  3.25528e-16  3.25528e-17
       5978.0000  3.29084e-16  3.29084e-17
       5980.0000  3.32854e-16  3.32854e-17
       5982.0000  3.32181e-16  3.32181e-17
       5984.0000  3.25656e-16  3.25656e-17
       5986.0000  3.37833e-16  3.37833e-17
       5988.0000  3.42441e-16  3.42441e-17
       5990.0000  3.39232e-16  3.39232e-17
       5992.0000  3.52842e-16  3.52842e-17
       5994.0000  3.58815e-16  3.58815e-17
       5996.0000  3.57996e-16  3.57996e-17
       5998.0000  3.65885e-16  3.65885e-17
       6000.0000  3.66804e-16  3.66804e-17
       6002.0000  3.65450e-16  3.65450e-17
       6004.0000  3.69784e-16  3.69784e-17
       6006.0000  3.77027e-16  3.77027e-17
       6008.0000  3.76414e-16  3.76414e-17
       6010.0000  3.81168e-16  3.81168e-17
       6012.0000  3.79526e-16  3.79526e-17
       6014.0000  3.83893e-16  3.83893e-17
       6016.0000  3.91850e-16  3.91850e-17
       6018.0000  3.82528e-16  3.82528e-17
       6020.0000  3.76017e-16  3.76017e-17
       6022.0000  3.83498e-16  3.83498e-17
       6024.0000  3.93618e-16  3.93618e-17
       6026.0000  3.84809e-16  3.84809e-17
       6028.0000  3.82923e-16  3.82923e-17
       6030.0000  3.88510e-16  3.88510e-17
       6032.0000  3.85152e-16  3.85152e-17
       6034.0000  3.88816e-16  3.88816e-17
       6036.0000  3.81742e-16  3.81742e-17
       6038.0000  3.70104e-16  3.70104e-17
       6040.0000  3.66552e-16  3.66552e-17
       6042.0000  3.80173e-16  3.80173e-17
       6044.0000  3.81213e-16  3.81213e-17
       6046.0000  3.67146e-16  3.67146e-17
       6048.0000  3.68368e-16  3.68368e-17
       6050.0000  3.76495e-16  3.76495e-17
       6052.0000  3.76669e-16  3.76669e-17
       6054.0000  3.62751e-16  3.62751e-17
       6056.0000  3.56618e-16  3.56618e-17
       6058.0000  3.64788e-16  3.64788e-17
       6060.0000  3.67101e-16  3.67101e-17
       6062.0000  3.59574e-16  3.59574e-17
       6064.0000  3.54393e-16  3.54393e-17
       6066.0000  3.59956e-16  3.59956e-17
       6068.0000  3.63124e-16  3.63124e-17
       6070.0000  3.59845e-16  3.59845e-17
       6072.0000  3.58222e-16  3.58222e-17
       6074.0000  3.63898e-16  3.63898e-17
       6076.0000  3.68974e-16  3.68974e-17
       6078.0000  3.63585e-16  3.63585e-17
       6080.0000  3.51268e-16  3.51268e-17
       6082.0000  3.49414e-16  3.49414e-17
       6084.0000  3.59042e-16  3.59042e-17
       6086.0000  3.57916e-16  3.57916e-17
       6088.0000  3.60737e-16  3.60737e-17
       6090.0000  3.63481e-16  3.63481e-17
       6092.0000  3.64328e-16  3.64328e-17
       6094.0000  3.69003e-16  3.69003e-17
       6096.0000  3.71906e-16  3.71906e-17
       6098.0000  3.60780e-16  3.60780e-17
       6100.0000  3.57514e-16  3.57514e-17
       6102.0000  3.66517e-16  3.66517e-17
       6104.0000  3.66230e-16  3.66230e-17
       6106.0000  3.68469e-16  3.68469e-17
       6108.0000  3.75496e-16  3.75496e-17
       6110.0000  3.78528e-16  3.78528e-17
       6112.0000  3.68726e-16  3.68726e-17
       6114.0000  3.60202e-16  3.60202e-17
       6116.0000  3.57163e-16  3.57163e-17
       6118.0000  3.60743e-16  3.60743e-17
       6120.0000  3.63522e-16  3.63522e-17
       6122.0000  3.62434e-16  3.62434e-17
       6124.0000  3.50546e-16  3.50546e-17
       6126.0000  3.41457e-16  3.41457e-17
       6128.0000  3.39833e-16  3.39833e-17
       6130.0000  3.34139e-16  3.34139e-17
       6132.0000  3.34862e-16  3.34862e-17
       6134.0000  3.26805e-16  3.26805e-17
       6136.0000  3.12057e-16  3.12057e-17
       6138.0000  3.07884e-16  3.07884e-17
       6140.0000  3.00869e-16  3.00869e-17
       6142.0000  2.91310e-16  2.91310e-17
       6144.0000  2.92672e-16  2.92672e-17
       6146.0000  2.80810e-16  2.80810e-17
       6148.0000  2.62351e-16  2.62351e-17
       6150.0000  2.61191e-16  2.61191e-17
       6152.0000  2.54403e-16  2.54403e-17
       6154.0000  2.48798e-16  2.48798e-17
       6156.0000  2.43256e-16  2.43256e-17
       6158.0000  2.33370e-16  2.33370e-17
       6160.0000  2.32677e-16  2.32677e-17
       6162.0000  2.33115e-16  2.33115e-17
       6164.0000  2.30688e-16  2.30688e-17
       6166.0000  2.24026e-16  2.24026e-17
       6168.0000  2.14986e-16  2.14986e-17
       6170.0000  2.12654e-16  2.12654e-17
       6172.0000  2.06427e-16  2.06427e-17
       6174.0000  2.02381e-16  2.02381e-17
       6176.0000  2.05919e-16  2.05919e-17
       6178.0000  1.97314e-16  1.97314e-17
       6180.0000  1.90554e-16  1.90554e-17
       6182.0000  1.86306e-16  1.86306e-17
       6184.0000  1.74611e-16  1.74611e-17
       6186.0000  1.70117e-16  1.70117e-17
       6188.0000  1.71032e-16  1.71032e-17
       6190.0000  1.74856e-16  1.74856e-17
       6192.0000  1.70098e-16  1.70098e-17
       6194.0000  1.60195e-16  1.60195e-17
       6196.0000  1.63634e-16  1.63634e-17
       6198.0000  1.61696e-16  1.61696e-17
       6200.0000  1.57023e-16  1.57023e-17
       6202.0000  1.52301e-16  1.52301e-17
       6204.0000  1.51315e-16  1.51315e-17
       6206.0000  1.53607e-16  1.53607e-17
       6208.0000  1.51398e-16  1.51398e-17
       6210.0000  1.45983e-16  1.45983e-17
       6212.0000  1.38733e-16  1.38733e-17
       6214.0000  1.39459e-16  1.39459e-17
       6216.0000  1.38888e-16  1.38888e-17
       6218.0000  1.32547e-16  1.32547e-17
       6220.0000  1.31872e-16  1.31872e-17
       6222.0000  1.33524e-16  1.33524e-17
       6224.0000  1.26265e-16  1.26265e-17
       6226.0000  1.31234e-16  1.31234e-17
       6228.0000  1.33058e-16  1.33058e-17
       6230.0000  1.25845e-16  1.25845e-17
       6232.0000  1.25225e-16  1.25225e-17
       6234.0000  1.24059e-16  1.24059e-17
       6236.0000  1.25889e-16  1.25889e-17
       6238.0000  1.27627e-16  1.27627e-17
       6240.0000  1.26725e-16  1.26725e-17
       6242.0000  1.26393e-16  1.26393e-17
       6244.0000  1.24705e-16  1.24705e-17
       6246.0000  1.30905e-16  1.30905e-17
       6248.0000  1.30462e-16  1.30462e-17
       6250.0000  1.24581e-16  1.24581e-17
       6252.0000  1.22455e-16  1.22455e-17
       6254.0000  1.26349e-16  1.26349e-17
       6256.0000  1.31804e-16  1.31804e-17
       6258.0000  1.31474e-16  1.31474e-17
       6260.0000  1.34602e-16  1.34602e-17
       6262.0000  1.35068e-16  1.35068e-17
       6264.0000  1.38965e-16  1.38965e-17
       6266.0000  1.35672e-16  1.35672e-17
       6268.0000  1.41564e-16  1.41564e-17
       6270.0000  1.38151e-16  1.38151e-17
       6272.0000  1.42454e-16  1.42454e-17
       6274.0000  1.47779e-16  1.47779e-17
       6276.0000  1.51712e-16  1.51712e-17
       6278.0000  1.49872e-16  1.49872e-17
       6280.0000  1.66288e-16  1.66288e-17
       6282.0000  1.77253e-16  1.77253e-17
       6284.0000  1.68177e-16  1.68177e-17
       6286.0000  1.66545e-16  1.66545e-17
       6288.0000  1.73240e-16  1.73240e-17
       6290.0000  1.80350e-16  1.80349e-17
       6292.0000  1.78843e-16  1.78843e-17
       6294.0000  1.84722e-16  1.84722e-17
       6296.0000  1.84513e-16  1.84513e-17
       6298.0000  1.82694e-16  1.82694e-17
       6300.0000  1.89892e-16  1.89892e-17
       6302.0000  1.90885e-16  1.90885e-17
       6304.0000  1.96833e-16  1.96833e-17
       6306.0000  2.03999e-16  2.03999e-17
       6308.0000  2.06635e-16  2.06635e-17
       6310.0000  2.08493e-16  2.08493e-17
       6312.0000  2.08251e-16  2.08251e-17
       6314.0000  2.11994e-16  2.11994e-17
       6316.0000  2.16614e-16  2.16614e-17
       6318.0000  2.30003e-16  2.30003e-17
       6320.0000  2.29164e-16  2.29164e-17
       6322.0000  2.27135e-16  2.27135e-17
       6324.0000  2.30805e-16  2.30805e-17
       6326.0000  2.32515e-16  2.32515e-17
       6328.0000  2.41899e-16  2.41899e-17
       6330.0000  2.45566e-16  2.45566e-17
       6332.0000  2.40745e-16  2.40745e-17
       6334.0000  2.38679e-16  2.38679e-17
       6336.0000  2.35552e-16  2.35552e-17
       6338.0000  2.40835e-16  2.40835e-17
       6340.0000  2.50300e-16  2.50300e-17
       6342.0000  2.50052e-16  2.50052e-17
       6344.0000  2.49033e-16  2.49033e-17
       6346.0000  2.54436e-16  2.54436e-17
       6348.0000  2.49715e-16  2.49715e-17
       6350.0000  2.46672e-16  2.46672e-17
       6352.0000  2.52088e-16  2.52088e-17
       6354.0000  2.60556e-16  2.60556e-17
       6356.0000  2.58550e-16  2.58550e-17
       6358.0000  2.54317e-16  2.54317e-17
       6360.0000  2.71667e-16  2.71667e-17
       6362.0000  2.70141e-16  2.70141e-17
       6364.0000  2.63370e-16  2.63370e-17
       6366.0000  2.53610e-16  2.53610e-17
       6368.0000  2.57097e-16  2.57097e-17
       6370.0000  2.66954e-16  2.66954e-17
       6372.0000  2.67547e-16  2.67547e-17
       6374.0000  2.69983e-16  2.69983e-17
       6376.0000  2.77893e-16  2.77893e-17
       6378.0000  2.83567e-16  2.83567e-17
       6380.0000  2.88183e-16  2.88183e-17
       6382.0000  2.86649e-16  2.86649e-17
       6384.0000  2.78775e-16  2.78775e-17
       6386.0000  2.82794e-16  2.82794e-17
       6388.0000  2.82930e-16  2.82930e-17
       6390.0000  2.83206e-16  2.83206e-17
       6392.0000  2.92930e-16  2.92930e-17
       6394.0000  3.02907e-16  3.02907e-17
       6396.0000  3.01796e-16  3.01796e-17
       6398.0000  2.97636e-16  2.97636e-17
       6400.0000  2.93837e-16  2.93837e-17
       6402.0000  2.97555e-16  2.97555e-17
       6404.0000  3.04933e-16  3.04933e-17
       6406.0000  3.01537e-16  3.01537e-17
       6408.0000  3.00721e-16  3.00721e-17
       6410.0000  3.07460e-16  3.07460e-17
       6412.0000  3.10193e-16  3.10193e-17
       6414.0000  3.01665e-16  3.01665e-17
       6416.0000  3.06209e-16  3.06209e-17
       6418.0000  3.10152e-16  3.10152e-17
       6420.0000  3.12771e-16  3.12771e-17
       6422.0000  3.21702e-16  3.21702e-17
       6424.0000  3.27443e-16  3.27443e-17
       6426.0000  3.24843e-16  3.24843e-17
       6428.0000  3.29741e-16  3.29741e-17
       6430.0000  3.35940e-16  3.35940e-17
       6432.0000  3.41408e-16  3.41408e-17
       6434.0000  3.36944e-16  3.36944e-17
       6436.0000  3.44986e-16  3.44986e-17
       6438.0000  3.45588e-16  3.45588e-17
       6440.0000  3.47478e-16  3.47478e-17
       6442.0000  3.54576e-16  3.54576e-17
       6444.0000  3.62693e-16  3.62693e-17
       6446.0000  3.79537e-16  3.79537e-17
       6448.0000  3.77260e-16  3.77260e-17
       6450.0000  3.75677e-16  3.75677e-17
       6452.0000  3.83877e-16  3.83877e-17
       6454.0000  3.80538e-16  3.80538e-17
       6456.0000  3.80453e-16  3.80453e-17
       6458.0000  3.88081e-16  3.88081e-17
       6460.0000  3.84911e-16  3.84911e-17
       6462.0000  3.83026e-16  3.83026e-17
       6464.0000  3.97612e-16  3.97612e-17
       6466.0000  4.10750e-16  4.10750e-17
       6468.0000  4.00001e-16  4.00001e-17
       6470.0000  4.06135e-16  4.06135e-17
       6472.0000  4.08991e-16  4.08991e-17
       6474.0000  4.01849e-16  4.01849e-17
       6476.0000  4.14922e-16  4.14922e-17
       6478.0000  4.19978e-16  4.19978e-17
       6480.0000  4.16508e-16  4.16508e-17
       6482.0000  4.06351e-16  4.06351e-17
       6484.0000  4.14864e-16  4.14864e-17
       6486.0000  4.15860e-16  4.15860e-17
       6488.0000  4.02091e-16  4.02091e-17
       6490.0000  4.02300e-16  4.02300e-17
       6492.0000  4.05296e-16  4.05296e-17
       6494.0000  4.17799e-16  4.17799e-17
       6496.0000  4.05035e-16  4.05035e-17
       6498.0000  4.17094e-16  4.17094e-17
       6500.0000  4.06664e-16  4.06664e-17
       6502.0000  3.96055e-16  3.96055e-17
       6504.0000  3.88607e-16  3.88607e-17
       6506.0000  3.92885e-16  3.92885e-17
       6508.0000  4.07421e-16  4.07421e-17
       6510.0000  3.88978e-16  3.88978e-17
       6512.0000  3.96804e-16  3.96804e-17
       6514.0000  3.97482e-16  3.97482e-17
       6516.0000  4.04509e-16  4.04509e-17
       6518.0000  3.84535e-16  3.84535e-17
       6520.0000  3.77599e-16  3.77599e-17
       6522.0000  3.88952e-16  3.88952e-17
       6524.0000  3.93445e-16  3.93445e-17
       6526.0000  3.85042e-16  3.85042e-17
       6528.0000  3.86348e-16  3.86348e-17
       6530.0000  3.89428e-16  3.89428e-17
       6532.0000  3.95130e-16  3.95130e-17
       6534.0000  3.85602e-16  3.85602e-17
       6536.0000  3.82838e-16  3.82838e-17
       6538.0000  3.99798e-16  3.99798e-17
       6540.0000  3.99724e-16  3.99724e-17
       6542.0000  3.95455e-16  3.95455e-17
       6544.0000  4.10482e-16  4.10482e-17
       6546.0000  3.99893e-16  3.99893e-17
       6548.0000  3.98333e-16  3.98333e-17
       6550.0000  4.09008e-16  4.09008e-17
       6552.0000  4.04327e-16  4.04327e-17
       6554.0000  3.88650e-16  3.88650e-17
       6556.0000  3.96464e-16  3.96464e-17
       6558.0000  4.14294e-16  4.14294e-17
       6560.0000  4.18886e-16  4.18886e-17
       6562.0000  4.10200e-16  4.10200e-17
       6564.0000  4.11325e-16  4.11325e-17
       6566.0000  4.21612e-16  4.21612e-17
       6568.0000  4.18634e-16  4.18634e-17
       6570.0000  4.22402e-16  4.22402e-17
       6572.0000  4.17381e-16  4.17381e-17
       6574.0000  3.97778e-16  3.97778e-17
       6576.0000  4.03400e-16  4.03400e-17
       6578.0000  4.22043e-16  4.22043e-17
       6580.0000  4.23104e-16  4.23104e-17
       6582.0000  4.24192e-16  4.24192e-17
       6584.0000  4.22290e-16  4.22290e-17
       6586.0000  4.28201e-16  4.28201e-17
       6588.0000  4.24113e-16  4.24113e-17
       6590.0000  4.13024e-16  4.13024e-17
       6592.0000  4.13707e-16  4.13707e-17
       6594.0000  4.24124e-16  4.24124e-17
       6596.0000  4.12977e-16  4.12977e-17
       6598.0000  4.12857e-16  4.12857e-17
       6600.0000  4.11823e-16  4.11823e-17
       6602.0000  4.06450e-16  4.06450e-17
       6604.0000  4.11822e-16  4.11822e-17
       6606.0000  4.05734e-16  4.05734e-17
       6608.0000  3.98344e-16  3.98344e-17
       6610.0000  4.09602e-16  4.09602e-17
       6612.0000  4.04788e-16  4.04788e-17
       6614.0000  3.88975e-16  3.88975e-17
       6616.0000  3.90953e-16  3.90953e-17
       6618.0000  3.80559e-16  3.80559e-17
       6620.0000  3.74853e-16  3.74853e-17
       6622.0000  3.72739e-16  3.72739e-17
       6624.0000  3.62943e-16  3.62943e-17
       6626.0000  3.68035e-16  3.68035e-17
       6628.0000  3.71069e-16  3.71069e-17
       6630.0000  3.59822e-16  3.59822e-17
       6632.0000  3.56205e-16  3.56205e-17
       6634.0000  3.54625e-16  3.54625e-17
       6636.0000  3.51877e-16  3.51877e-17
       6638.0000  3.41954e-16  3.41954e-17
       6640.0000  3.27183e-16  3.27183e-17
       6642.0000  3.22799e-16  3.22799e-17
       6644.0000  3.22309e-16  3.22309e-17
       6646.0000  3.11332e-16  3.11332e-17
       6648.0000  3.06515e-16  3.06515e-17
       6650.0000  2.99054e-16  2.99054e-17
       6652.0000  2.92314e-16  2.92314e-17
       6654.0000  2.89886e-16  2.89886e-17
       6656.0000  2.78876e-16  2.78876e-17
       6658.0000  2.69312e-16  2.69312e-17
       6660.0000  2.64828e-16  2.64828e-17
       6662.0000  2.70279e-16  2.70279e-17
       6664.0000  2.69128e-16  2.69128e-17
       6666.0000  2.69544e-16  2.69544e-17
       6668.0000  2.57615e-16  2.57615e-17
       6670.0000  2.53206e-16  2.53206e-17
       6672.0000  2.56862e-16  2.56862e-17
       6674.0000  2.69440e-16  2.69440e-17
       6676.0000  2.62179e-16  2.62179e-17
       6678.0000  2.48917e-16  2.48917e-17
       6680.0000  2.55650e-16  2.55650e-17
       6682.0000  2.58086e-16  2.58086e-17
       6684.0000  2.49008e-16  2.49008e-17
       6686.0000  2.61399e-16  2.61399e-17
       6688.0000  2.66645e-16  2.66645e-17
       6690.0000  2.76133e-16  2.76133e-17
       6692.0000  2.77814e-16  2.77814e-17
       6694.0000  2.80208e-16  2.80208e-17
       6696.0000  2.85856e-16  2.85856e-17
       6698.0000  2.89086e-16  2.89086e-17
       6700.0000  2.79570e-16  2.79570e-17
       6702.0000  2.82084e-16  2.82084e-17
       6704.0000  2.86876e-16  2.86876e-17
       6706.0000  2.76603e-16  2.76603e-17
       6708.0000  2.87443e-16  2.87443e-17
       6710.0000  2.84815e-16  2.84815e-17
       6712.0000  2.80400e-16  2.80400e-17
       6714.0000  2.84667e-16  2.84667e-17
       6716.0000  2.94720e-16  2.94720e-17
       6718.0000  2.91880e-16  2.91880e-17
       6720.0000  2.90271e-16  2.90271e-17
       6722.0000  2.85721e-16  2.85721e-17
       6724.0000  2.86793e-16  2.86793e-17
       6726.0000  2.92910e-16  2.92910e-17
       6728.0000  3.04467e-16  3.04467e-17
       6730.0000  3.01812e-16  3.01812e-17
       6732.0000  2.95710e-16  2.95710e-17
       6734.0000  2.99262e-16  2.99262e-17
       6736.0000  2.94183e-16  2.94183e-17
       6738.0000  3.09289e-16  3.09289e-17
       6740.0000  3.26289e-16  3.26289e-17
       6742.0000  3.17981e-16  3.17981e-17
       6744.0000  3.06149e-16  3.06149e-17
       6746.0000  3.08516e-16  3.08516e-17
       6748.0000  3.21322e-16  3.21322e-17
       6750.0000  3.33404e-16  3.33404e-17
       6752.0000  3.31234e-16  3.31234e-17
       6754.0000  3.25882e-16  3.25882e-17
       6756.0000  3.35490e-16  3.35490e-17
       6758.0000  3.43581e-16  3.43581e-17
       6760.0000  3.42585e-16  3.42585e-17
       6762.0000  3.40936e-16  3.40936e-17
       6764.0000  3.42902e-16  3.42902e-17
       6766.0000  3.40293e-16  3.40293e-17
       6768.0000  3.43699e-16  3.43699e-17
       6770.0000  3.51765e-16  3.51765e-17
       6772.0000  3.57580e-16  3.57580e-17
       6774.0000  3.58076e-16  3.58076e-17
       6776.0000  3.59093e-16  3.59093e-17
       6778.0000  3.63158e-16  3.63158e-17
       6780.0000  3.66052e-16  3.66052e-17
       6782.0000  3.61689e-16  3.61689e-17
       6784.0000  3.61494e-16  3.61494e-17
       6786.0000  3.69691e-16  3.69691e-17
       6788.0000  3.71996e-16  3.71996e-17
       6790.0000  3.75527e-16  3.75527e-17
       6792.0000  3.76648e-16  3.76648e-17
       6794.0000  3.78690e-16  3.78690e-17
       6796.0000  3.74811e-16  3.74811e-17
       6798.0000  3.70463e-16  3.70463e-17
       6800.0000  3.66473e-16  3.66473e-17
       6802.0000  3.65244e-16  3.65244e-17
       6804.0000  3.68635e-16  3.68635e-17
       6806.0000  3.62040e-16  3.62040e-17
       6808.0000  3.61162e-16  3.61162e-17
       6810.0000  3.69252e-16  3.69252e-17
       6812.0000  3.73238e-16  3.73238e-17
       6814.0000  3.75317e-16  3.75317e-17
       6816.0000  3.71523e-16  3.71523e-17
       6818.0000  3.61415e-16  3.61415e-17
       6820.0000  3.61830e-16  3.61830e-17
       6822.0000  3.62820e-16  3.62820e-17
       6824.0000  3.53589e-16  3.53589e-17
       6826.0000  3.42982e-16  3.42982e-17
       6828.0000  3.47070e-16  3.47070e-17
       6830.0000  3.56597e-16  3.56597e-17
       6832.0000  3.55050e-16  3.55050e-17
       6834.0000  3.48284e-16  3.48284e-17
       6836.0000  3.43605e-16  3.43605e-17
       6838.0000  3.35145e-16  3.35145e-17
       6840.0000  3.28640e-16  3.28640e-17
       6842.0000  3.29237e-16  3.29237e-17
       6844.0000  3.21152e-16  3.21152e-17
       6846.0000  3.14427e-16  3.14427e-17
       6848.0000  3.22035e-16  3.22035e-17
       6850.0000  3.17904e-16  3.17904e-17
       6852.0000  3.06354e-16  3.06354e-17
       6854.0000  3.06263e-16  3.06263e-17
       6856.0000  2.95549e-16  2.95549e-17
       6858.0000  2.86826e-16  2.86826e-17
       6860.0000  2.87632e-16  2.87632e-17
       6862.0000  2.82575e-16  2.82575e-17
       6864.0000  2.73086e-16  2.73086e-17
       6866.0000  2.59325e-16  2.59325e-17
       6868.0000  2.62078e-16  2.62078e-17
       6870.0000  2.70269e-16  2.70269e-17
       6872.0000  2.67182e-16  2.67182e-17
       6874.0000  2.69500e-16  2.69500e-17
       6876.0000  2.61852e-16  2.61852e-17
       6878.0000  2.57317e-16  2.57317e-17
       6880.0000  2.60925e-16  2.60925e-17
       6882.0000  2.56295e-16  2.56295e-17
       6884.0000  2.55949e-16  2.55949e-17
       6886.0000  2.60972e-16  2.60972e-17
       6888.0000  2.54209e-16  2.54209e-17
       6890.0000  2.54443e-16  2.54443e-17
       6892.0000  2.59731e-16  2.59731e-17
       6894.0000  2.65141e-16  2.65141e-17
       6896.0000  2.77413e-16  2.77413e-17
       6898.0000  2.75741e-16  2.75741e-17
       6900.0000  2.65007e-16  2.65007e-17
       6902.0000  2.71123e-16  2.71123e-17
       6904.0000  2.77129e-16  2.77129e-17
       6906.0000  2.74482e-16  2.74482e-17
       6908.0000  2.75316e-16  2.75316e-17
       6910.0000  2.74624e-16  2.74624e-17
       6912.0000  2.76297e-16  2.76297e-17
       6914.0000  2.79970e-16  2.79970e-17
       6916.0000  2.79912e-16  2.79912e-17
       6918.0000  2.72322e-16  2.72322e-17
       6920.0000  2.61159e-16  2.61159e-17
       6922.0000  2.66020e-16  2.66020e-17
       6924.0000  2.74593e-16  2.74593e-17
       6926.0000  2.73748e-16  2.73748e-17
       6928.0000  2.65414e-16  2.65414e-17
       6930.0000  2.68847e-16  2.68847e-17
       6932.0000  2.75937e-16  2.75937e-17
       6934.0000  2.70976e-16  2.70976e-17
       6936.0000  2.70623e-16  2.70623e-17
       6938.0000  2.73065e-16  2.73065e-17
       6940.0000  2.64496e-16  2.64496e-17
       6942.0000  2.53492e-16  2.53492e-17
       6944.0000  2.64019e-16  2.64019e-17
       6946.0000  2.73065e-16  2.73065e-17
       6948.0000  2.71772e-16  2.71772e-17
       6950.0000  2.69171e-16  2.69171e-17
       6952.0000  2.74139e-16  2.74139e-17
       6954.0000  2.83147e-16  2.83147e-17
       6956.0000  2.80333e-16  2.80333e-17
       6958.0000  2.66824e-16  2.66824e-17
       6960.0000  2.67458e-16  2.67458e-17
       6962.0000  2.67576e-16  2.67576e-17
       6964.0000  2.65847e-16  2.65847e-17
       6966.0000  2.66791e-16  2.66791e-17
       6968.0000  2.70761e-16  2.70761e-17
       6970.0000  2.71733e-16  2.71733e-17
       6972.0000  2.69729e-16  2.69729e-17
       6974.0000  2.70792e-16  2.70792e-17
       6976.0000  2.66982e-16  2.66982e-17
       6978.0000  2.63842e-16  2.63842e-17
       6980.0000  2.56727e-16  2.56727e-17
       6982.0000  2.58530e-16  2.58531e-17
       6984.0000  2.69750e-16  2.69750e-17
       6986.0000  2.65991e-16  2.65991e-17
       6988.0000  2.59979e-16  2.59979e-17
       6990.0000  2.60674e-16  2.60674e-17
       6992.0000  2.63441e-16  2.63441e-17
       6994.0000  2.54666e-16  2.54666e-17
       6996.0000  2.53636e-16  2.53636e-17
       6998.0000  2.55921e-16  2.55921e-17
       7000.0000  2.59130e-16  2.59130e-17
       7002.0000  2.54822e-16  2.54822e-17
       7004.0000  2.58869e-16  2.58869e-17
       7006.0000  2.60643e-16  2.60643e-17
       7008.0000  2.66576e-16  2.66576e-17
       7010.0000  2.59984e-16  2.59984e-17
       7012.0000  2.53418e-16  2.53418e-17
       7014.0000  2.58830e-16  2.58830e-17
       7016.0000  2.64762e-16  2.64762e-17
       7018.0000  2.60587e-16  2.60587e-17
       7020.0000  2.61754e-16  2.61754e-17
       7022.0000  2.71899e-16  2.71899e-17
       7024.0000  2.73962e-16  2.73962e-17
       7026.0000  2.63398e-16  2.63398e-17
       7028.0000  2.70040e-16  2.70040e-17
       7030.0000  2.74392e-16  2.74392e-17
       7032.0000  2.79689e-16  2.79689e-17
       7034.0000  2.83075e-16  2.83075e-17
       7036.0000  2.84934e-16  2.84934e-17
       7038.0000  2.86254e-16  2.86254e-17
       7040.0000  2.84237e-16  2.84237e-17
       7042.0000  2.83304e-16  2.83304e-17
       7044.0000  2.84734e-16  2.84734e-17
       7046.0000  2.78153e-16  2.78153e-17
       7048.0000  2.77083e-16  2.77083e-17
       7050.0000  2.83956e-16  2.83956e-17
       7052.0000  2.88541e-16  2.88541e-17
       7054.0000  2.88814e-16  2.88814e-17
       7056.0000  2.74405e-16  2.74405e-17
       7058.0000  2.83341e-16  2.83341e-17
       7060.0000  2.86905e-16  2.86905e-17
       7062.0000  2.85892e-16  2.85892e-17
       7064.0000  3.00615e-16  3.00615e-17
       7066.0000  3.02881e-16  3.02881e-17
       7068.0000  2.87559e-16  2.87559e-17
       7070.0000  2.75590e-16  2.75590e-17
       7072.0000  2.65577e-16  2.65577e-17
       7074.0000  2.78640e-16  2.78640e-17
       7076.0000  2.88480e-16  2.88480e-17
       7078.0000  2.82468e-16  2.82468e-17
       7080.0000  2.70004e-16  2.70004e-17
       7082.0000  2.70691e-16  2.70691e-17
       7084.0000  2.83586e-16  2.83586e-17
       7086.0000  2.83899e-16  2.83899e-17
       7088.0000  2.77668e-16  2.77668e-17
       7090.0000  2.69695e-16  2.69695e-17
       7092.0000  2.77827e-16  2.77827e-17
       7094.0000  2.87058e-16  2.87058e-17
       7096.0000  2.83833e-16  2.83833e-17
       7098.0000  2.74074e-16  2.74074e-17
       7100.0000  2.70341e-16  2.70341e-17
