       3400.4300 -3.67648e-17  4.76744e-17
       3403.7934 -1.87734e-17  4.56617e-17
       3407.1568  1.40861e-17  4.65577e-17
       3410.5202  2.69820e-17  4.67386e-17
       3413.8835 -5.54695e-17  4.68457e-17
       3417.2469 -2.78990e-17  4.63629e-17
       3420.6103 -7.18799e-18  4.56112e-17
       3423.9736  8.37331e-17  4.58387e-17
       3427.3370 -2.75636e-17  4.58768e-17
       3430.7004 -1.32291e-17  4.51379e-17
       3434.0638 -3.12192e-17  4.53805e-17
       3437.4271 -5.63942e-17  4.59991e-17
       3440.7905  2.41510e-17  4.67808e-17
       3444.1539  4.64349e-17  4.74656e-17
       3447.5172 -3.24438e-17  4.74787e-17
       3450.8806  9.06938e-17  4.65548e-17
       3454.2440 -2.31181e-17  4.51404e-17
       3457.6073 -3.34210e-17  4.57245e-17
       3460.9707  5.31990e-17  4.68558e-17
       3464.3341  9.94430e-17  4.78372e-17
       3467.6975  2.74712e-17  4.58765e-17
       3471.0608 -3.16491e-17  4.52063e-17
       3474.4242  2.20644e-17  4.67837e-17
       3477.7876  1.47043e-17  4.61756e-17
       3481.1509  2.34709e-17  4.51640e-17
       3484.5143 -3.74981e-17  4.52441e-17
       3487.8777  6.31112e-17  4.68497e-17
       3491.2411  4.18267e-17  4.61509e-17
       3494.6044 -1.83340e-17  4.57837e-17
       3497.9678 -4.09168e-17  4.60748e-17
       3501.3312 -1.61487e-17  4.60541e-17
       3504.6945  2.91605e-17  4.61719e-17
       3508.0579  5.63808e-18  4.56641e-17
       3511.4213  4.80510e-17  4.67330e-17
       3514.7847 -3.74126e-17  4.61411e-17
       3518.1480 -6.36386e-17  4.54584e-17
       3521.5114  1.91173e-17  4.55074e-17
       3524.8748 -5.58597e-17  4.65245e-17
       3528.2381 -1.24070e-17  4.67207e-17
       3531.6015  2.03551e-17  4.58174e-17
       3534.9649 -1.42217e-17  4.41255e-17
       3538.3282  5.99307e-17  4.42764e-17
       3541.6916  8.20098e-18  4.29111e-17
       3545.0550  2.04917e-17  4.16682e-17
       3548.4184  4.20394e-17  4.17497e-17
       3551.7817 -3.18104e-18  3.92835e-17
       3555.1451  2.27736e-17  3.83871e-17
       3558.5085 -2.76674e-17  3.71393e-17
       3561.8718 -2.51260e-17  3.60387e-17
       3565.2352 -2.91615e-18  3.57712e-17
       3568.5986  2.88047e-17  3.41377e-17
       3571.9620  1.93680e-17  3.30062e-17
       3575.3253  4.12789e-17  3.28838e-17
       3578.6887  3.78230e-17  3.15333e-17
       3582.0521 -2.78338e-17  3.18106e-17
       3585.4154  3.21895e-17  3.16634e-17
       3588.7788  4.45641e-18  3.10685e-17
       3592.1422 -2.33037e-17  3.01093e-17
       3595.5055  5.52211e-18  2.93542e-17
       3598.8689  3.35684e-17  2.88389e-17
       3602.2323  3.94141e-17  2.87762e-17
       3605.5957  4.61108e-17  2.82729e-17
       3608.9590 -3.06174e-18  2.69191e-17
       3612.3224  3.31060e-17  2.69617e-17
       3615.6858  1.53930e-17  2.58783e-17
       3619.0491  1.17571e-17  2.55777e-17
       3622.4125  3.11907e-17  2.55134e-17
       3625.7759  7.26104e-18  2.51835e-17
       3629.1393  4.37757e-17  2.51374e-17
       3632.5026  1.57493e-17  2.41640e-17
       3635.8660  5.10494e-18  2.27196e-17
       3639.2294 -4.95210e-18  2.30972e-17
       3642.5927  4.25780e-17  2.31228e-17
       3645.9561  6.39744e-17  2.31731e-17
       3649.3195  9.20196e-19  2.28256e-17
       3652.6828 -2.17116e-17  2.18167e-17
       3656.0462 -3.94839e-18  2.18008e-17
       3659.4096 -1.95816e-17  2.12880e-17
       3662.7730 -1.67520e-17  2.12582e-17
       3666.1363 -1.28595e-17  2.10165e-17
       3669.4997  2.29794e-17  2.02066e-17
       3672.8631  4.60026e-18  1.98611e-17
       3676.2264  2.51695e-17  1.96022e-17
       3679.5898  2.54736e-17  1.92210e-17
       3682.9532  2.36383e-17  1.95735e-17
       3686.3166 -3.12605e-17  1.91108e-17
       3689.6799 -6.81557e-18  1.86074e-17
       3693.0433  3.96787e-17  1.88742e-17
       3696.4067 -5.55967e-18  1.84119e-17
       3699.7700 -1.22916e-17  1.74500e-17
       3703.1334 -1.14293e-17  1.72092e-17
       3706.4968 -1.85439e-19  1.72950e-17
       3709.8601 -2.26495e-18  1.66055e-17
       3713.2235  3.13967e-18  1.63148e-17
       3716.5869 -3.77748e-18  1.65387e-17
       3719.9503 -9.43981e-18  1.58962e-17
       3723.3136 -1.04684e-17  1.57011e-17
       3726.6770 -1.37035e-17  1.52852e-17
       3730.0404  2.19391e-18  1.48021e-17
       3733.4037  3.71591e-18  1.45185e-17
       3736.7671  4.09027e-18  1.44784e-17
       3740.1305  1.03401e-17  1.39064e-17
       3743.4939 -3.57543e-18  1.36002e-17
       3746.8572 -7.35123e-18  1.36954e-17
       3750.2206 -2.59913e-18  1.34230e-17
       3753.5840  1.05875e-17  1.33753e-17
       3756.9473  1.16946e-17  1.33475e-17
       3760.3107  1.80866e-17  1.30088e-17
       3763.6741 -2.90160e-18  1.25266e-17
       3767.0374 -6.82261e-18  1.27342e-17
       3770.4008  2.09563e-17  1.28464e-17
       3773.7642  1.14820e-17  1.26169e-17
       3777.1276  1.51371e-17  1.27972e-17
       3780.4909 -1.23772e-17  1.25613e-17
       3783.8543  5.89945e-18  1.23395e-17
       3787.2177  7.19420e-18  1.18084e-17
       3790.5810  5.56538e-18  1.15794e-17
       3793.9444 -6.32206e-18  1.12357e-17
       3797.3078  1.27035e-17  1.11594e-17
       3800.6712  3.37901e-17  1.13562e-17
       3804.0345  2.67124e-17  1.11160e-17
       3807.3979 -3.45245e-18  1.07805e-17
       3810.7613  2.32510e-18  1.05373e-17
       3814.1246  2.75686e-18  9.97321e-18
       3817.4880  4.53792e-18  9.84551e-18
       3820.8514  1.30905e-17  9.43526e-18
       3824.2148  2.05151e-17  9.25406e-18
       3827.5781  1.83906e-17  9.15350e-18
       3830.9415  8.15840e-18  8.78895e-18
       3834.3049  1.44716e-17  8.72233e-18
       3837.6682  1.56266e-17  8.85643e-18
       3841.0316  1.25680e-17  8.80750e-18
       3844.3950  7.59563e-18  8.80491e-18
       3847.7583  6.99335e-18  8.89090e-18
       3851.1217  1.25091e-17  8.73015e-18
       3854.4851  5.94080e-18  8.31647e-18
       3857.8485  4.72747e-18  8.17151e-18
       3861.2118  3.02657e-17  8.48106e-18
       3864.5752  1.81352e-17  8.23186e-18
       3867.9386  1.96280e-17  8.09237e-18
       3871.3019  1.39262e-17  7.87668e-18
       3874.6653  2.77881e-17  7.92884e-18
       3878.0287  1.23515e-17  7.60222e-18
       3881.3921  1.09160e-17  7.55127e-18
       3884.7554  4.96786e-18  7.36241e-18
       3888.1188  2.46552e-17  7.65524e-18
       3891.4822  1.58500e-17  7.47292e-18
       3894.8455  8.91557e-18  7.38574e-18
       3898.2089  2.53292e-17  7.54033e-18
       3901.5723  1.92806e-17  7.51040e-18
       3904.9356  6.29100e-18  7.33209e-18
       3908.2990  1.02783e-17  7.33572e-18
       3911.6624  2.42438e-17  7.43236e-18
       3915.0258  2.53665e-17  7.40023e-18
       3918.3891  2.03080e-17  7.16603e-18
       3921.7525  2.66142e-17  6.92845e-18
       3925.1159  1.93092e-17  6.47540e-18
       3928.4792  2.77281e-17  6.34015e-18
       3931.8426  2.11988e-17  6.09011e-18
       3935.2060  2.32292e-17  6.08329e-18
       3938.5694  3.48444e-17  6.32090e-18
       3941.9327  3.98598e-17  6.57006e-18
       3945.2961  3.29541e-17  6.66507e-18
       3948.6595  2.51359e-17  6.64802e-18
       3952.0228  2.21432e-17  6.52657e-18
       3955.3862  2.98122e-17  6.51344e-18
       3958.7496  4.47369e-17  6.54609e-18
       3962.1129  4.63393e-17  6.30638e-18
       3965.4763  3.44814e-17  5.89091e-18
       3968.8397  3.16515e-17  5.75179e-18
       3972.2031  2.99502e-17  5.92571e-18
       3975.5664  3.54267e-17  6.17469e-18
       3978.9298  3.36396e-17  6.38139e-18
       3982.2932  3.20205e-17  6.47371e-18
       3985.6565  3.61758e-17  6.54323e-18
       3989.0199  2.23974e-17  6.34327e-18
       3992.3833  3.13177e-17  6.37430e-18
       3995.7467  3.69737e-17  6.43093e-18
       3999.1100  2.94018e-17  6.28898e-18
       4002.4734  3.24729e-17  6.30168e-18
       4005.8368  4.00996e-17  6.35398e-18
       4009.2001  2.48539e-17  6.23867e-18
       4012.5635  2.84396e-17  6.30624e-18
       4015.9269  3.78338e-17  6.35892e-18
       4019.2902  3.87258e-17  6.32079e-18
       4022.6536  4.54141e-17  6.37233e-18
       4026.0170  4.01529e-17  6.27457e-18
       4029.3804  2.88461e-17  6.03080e-18
       4032.7437  4.26067e-17  6.18311e-18
       4036.1071  6.19564e-17  6.31719e-18
       4039.4705  5.03598e-17  6.20866e-18
       4042.8338  5.41012e-17  6.29665e-18
       4046.1972  5.94123e-17  6.27143e-18
       4049.5606  4.77111e-17  6.07521e-18
       4052.9240  4.50372e-17  6.02172e-18
       4056.2873  3.14655e-17  5.85632e-18
       4059.6507  4.17794e-17  5.86354e-18
       4063.0141  4.47366e-17  5.85556e-18
       4066.3774  4.34105e-17  5.83211e-18
       4069.7408  5.66020e-17  5.92353e-18
       4073.1042  4.67796e-17  5.77798e-18
       4076.4676  3.53168e-17  5.66768e-18
       4079.8309  3.27719e-17  5.65992e-18
       4083.1943  3.82085e-17  5.69843e-18
       4086.5577  3.86818e-17  5.75875e-18
       4089.9210  2.84791e-17  5.57352e-18
       4093.2844  2.72955e-17  5.54274e-18
       4096.6478  3.55846e-17  5.46452e-18
       4100.0111  3.44839e-17  5.37670e-18
       4103.3745  2.93795e-17  5.27433e-18
       4106.7379  1.87929e-17  5.21830e-18
       4110.1013  2.02995e-17  5.29177e-18
       4113.4646  2.10996e-17  5.30690e-18
       4116.8280  1.95280e-17  5.26183e-18
       4120.1914  2.12250e-17  5.21446e-18
       4123.5547  2.39497e-17  5.22702e-18
       4126.9181  2.11903e-17  5.22631e-18
       4130.2815  1.64594e-17  5.09289e-18
       4133.6449  2.39820e-17  5.09312e-18
       4137.0082  2.60324e-17  5.14470e-18
       4140.3716  1.84720e-17  5.02833e-18
       4143.7350  1.88653e-17  5.03604e-18
       4147.0983  2.59182e-17  5.10660e-18
       4150.4617  3.08648e-17  5.08363e-18
       4153.8251  3.37293e-17  5.11757e-18
       4157.1884  2.25735e-17  5.00875e-18
       4160.5518  1.25967e-17  4.87121e-18
       4163.9152  2.84811e-17  5.02170e-18
       4167.2786  2.52479e-17  4.94436e-18
       4170.6419  1.72928e-17  4.81076e-18
       4174.0053  2.92080e-17  4.93751e-18
       4177.3687  2.60562e-17  4.82368e-18
       4180.7320  2.91103e-17  4.83074e-18
       4184.0954  1.84437e-17  4.76561e-18
       4187.4588  1.75275e-17  4.74792e-18
       4190.8222  2.00468e-17  4.70988e-18
       4194.1855  2.64986e-17  4.69754e-18
       4197.5489  1.69494e-17  4.61795e-18
       4200.9123  1.68987e-17  4.65995e-18
       4204.2756  1.65253e-17  4.64384e-18
       4207.6390  2.44196e-17  4.72075e-18
       4211.0024  2.38289e-17  4.71084e-18
       4214.3657  1.35783e-17  4.56802e-18
       4217.7291  1.70340e-17  4.60855e-18
       4221.0925  1.34170e-17  4.49091e-18
       4224.4559  1.37301e-17  4.41364e-18
       4227.8192  1.92113e-17  4.42901e-18
       4231.1826  2.33419e-17  4.46826e-18
       4234.5460  1.73638e-17  4.37679e-18
       4237.9093  2.40047e-17  4.45925e-18
       4241.2727  1.56364e-17  4.37212e-18
       4244.6361  1.83503e-17  4.31732e-18
       4247.9995  1.90759e-17  4.34854e-18
       4251.3628  2.01964e-17  4.37551e-18
       4254.7262  2.08534e-17  4.31305e-18
       4258.0896  1.65456e-17  4.26439e-18
       4261.4529  2.09558e-17  4.30110e-18
       4264.8163  2.19861e-17  4.27389e-18
       4268.1797  1.81004e-17  4.18614e-18
       4271.5430  2.78737e-17  4.28969e-18
       4274.9064  2.64474e-17  4.24037e-18
       4278.2698  3.24498e-17  4.28133e-18
       4281.6332  2.27002e-17  4.19310e-18
       4284.9965  1.92775e-17  4.13575e-18
       4288.3599  2.59157e-17  4.18898e-18
       4291.7233  1.73709e-17  4.01263e-18
       4295.0866  1.94159e-17  3.90633e-18
       4298.4500  1.53290e-17  3.80115e-18
       4301.8134  1.85534e-17  3.77527e-18
       4305.1768  1.42314e-17  3.67882e-18
       4308.5401  1.76193e-17  3.71038e-18
       4311.9035  1.83908e-17  3.82611e-18
       4315.2669  1.42805e-17  3.89986e-18
       4318.6302  1.28809e-17  3.95122e-18
       4321.9936  1.01517e-17  3.96474e-18
       4325.3570  1.60195e-17  3.98261e-18
       4328.7203  1.61865e-17  3.91564e-18
       4332.0837  2.02973e-17  3.90513e-18
       4335.4471  1.64022e-17  3.90647e-18
       4338.8105  1.35480e-17  3.82108e-18
       4342.1738  8.81230e-18  3.74180e-18
       4345.5372  1.65503e-17  3.81631e-18
       4348.9006  1.29329e-17  3.81664e-18
       4352.2639  1.62482e-17  3.96516e-18
       4355.6273  2.46714e-17  4.03568e-18
       4358.9907  1.72091e-17  3.98141e-18
       4362.3541  2.03909e-17  3.99027e-18
       4365.7174  1.90150e-17  3.96812e-18
       4369.0808  2.50730e-17  3.95219e-18
       4372.4442  2.43357e-17  3.88522e-18
       4375.8075  1.80828e-17  3.80449e-18
       4379.1709  1.77723e-17  3.71678e-18
       4382.5343  2.39310e-17  3.78053e-18
       4385.8977  2.42435e-17  3.80641e-18
       4389.2610  2.79946e-17  3.77285e-18
       4392.6244  3.37076e-17  3.86252e-18
       4395.9878  3.32765e-17  3.91243e-18
       4399.3511  2.67611e-17  3.86089e-18
       4402.7145  3.27114e-17  3.88399e-18
       4406.0779  3.29891e-17  3.88223e-18
       4409.4412  3.51371e-17  3.91130e-18
       4412.8046  3.83579e-17  3.96046e-18
       4416.1680  3.27045e-17  3.90631e-18
       4419.5314  3.21547e-17  3.89315e-18
       4422.8947  3.40407e-17  3.90443e-18
       4426.2581  3.24719e-17  3.89322e-18
       4429.6215  3.57317e-17  3.91544e-18
       4432.9848  3.29495e-17  3.87828e-18
       4436.3482  4.22915e-17  3.93625e-18
       4439.7116  4.34518e-17  3.94394e-18
       4443.0750  4.25016e-17  3.93720e-18
       4446.4383  3.71721e-17  3.85946e-18
       4449.8017  3.35385e-17  3.78946e-18
       4453.1651  3.37474e-17  3.77287e-18
       4456.5284  3.50679e-17  3.75722e-18
       4459.8918  3.83826e-17  3.74272e-18
       4463.2552  4.28550e-17  3.77548e-18
       4466.6185  3.42083e-17  3.71622e-18
       4469.9819  4.41004e-17  3.83081e-18
       4473.3453  3.99007e-17  3.80668e-18
       4476.7087  3.31795e-17  3.75736e-18
       4480.0720  3.02944e-17  3.66738e-18
       4483.4354  3.29002e-17  3.68273e-18
       4486.7988  3.80949e-17  3.76623e-18
       4490.1621  3.17900e-17  3.69173e-18
       4493.5255  3.69440e-17  3.69646e-18
       4496.8889  4.27885e-17  3.74185e-18
       4500.2523  3.87095e-17  3.73369e-18
       4503.6156  3.61308e-17  3.71086e-18
       4506.9790  3.94319e-17  3.72180e-18
       4510.3424  3.67532e-17  3.72996e-18
       4513.7057  3.46955e-17  3.65865e-18
       4517.0691  3.76617e-17  3.65546e-18
       4520.4325  4.07419e-17  3.67022e-18
       4523.7958  4.22445e-17  3.64036e-18
       4527.1592  3.69003e-17  3.57688e-18
       4530.5226  3.84952e-17  3.56527e-18
       4533.8860  4.45761e-17  3.61868e-18
       4537.2493  4.33328e-17  3.59428e-18
       4540.6127  3.66247e-17  3.58373e-18
       4543.9761  4.48296e-17  3.61728e-18
       4547.3394  4.50053e-17  3.59889e-18
       4550.7028  4.37822e-17  3.55903e-18
       4554.0662  4.34284e-17  3.56128e-18
       4557.4296  4.44861e-17  3.56063e-18
       4560.7929  3.99672e-17  3.52278e-18
       4564.1563  5.29101e-17  3.62056e-18
       4567.5197  4.74894e-17  3.57297e-18
       4570.8830  4.17248e-17  3.51542e-18
       4574.2464  4.92041e-17  3.53700e-18
       4577.6098  5.30924e-17  3.61013e-18
       4580.9731  4.58814e-17  3.53147e-18
       4584.3365  4.74312e-17  3.51407e-18
       4587.6999  5.33983e-17  3.56683e-18
       4591.0633  5.73360e-17  3.59964e-18
       4594.4266  5.33390e-17  3.54348e-18
       4597.7900  6.04113e-17  3.56095e-18
       4601.1534  5.98433e-17  3.58003e-18
       4604.5167  5.80809e-17  3.57729e-18
       4607.8801  6.20336e-17  3.60391e-18
       4611.2435  6.98884e-17  3.64381e-18
       4614.6069  6.84920e-17  3.63525e-18
       4617.9702  6.25627e-17  3.59337e-18
       4621.3336  5.86125e-17  3.56250e-18
       4624.6970  5.57926e-17  3.50379e-18
       4628.0603  5.89548e-17  3.52773e-18
       4631.4237  6.44109e-17  3.55952e-18
       4634.7871  6.81256e-17  3.57221e-18
       4638.1504  6.67346e-17  3.57918e-18
       4641.5138  6.53413e-17  3.53909e-18
       4644.8772  7.62454e-17  3.60060e-18
       4648.2406  7.57398e-17  3.58452e-18
       4651.6039  7.54719e-17  3.60272e-18
       4654.9673  7.86355e-17  3.61518e-18
       4658.3307  7.26611e-17  3.56221e-18
       4661.6940  8.10443e-17  3.61000e-18
       4665.0574  8.27577e-17  3.61822e-18
       4668.4208  8.88414e-17  3.64121e-18
       4671.7842  8.64596e-17  3.63625e-18
       4675.1475  8.95350e-17  3.65701e-18
       4678.5109  9.24222e-17  3.64865e-18
       4681.8743  9.28386e-17  3.66217e-18
       4685.2376  9.36879e-17  3.68375e-18
       4688.6010  9.60680e-17  3.70310e-18
       4691.9644  9.90815e-17  3.71042e-18
       4695.3278  1.03399e-16  3.72727e-18
       4698.6911  1.00402e-16  3.67966e-18
       4702.0545  9.85884e-17  3.67230e-18
       4705.4179  9.71491e-17  3.63286e-18
       4708.7812  9.55117e-17  3.60352e-18
       4712.1446  9.40275e-17  3.60750e-18
       4715.5080  8.91564e-17  3.56404e-18
       4718.8713  8.18342e-17  3.51738e-18
       4722.2347  8.39300e-17  3.51631e-18
       4725.5981  9.01373e-17  3.55940e-18
       4728.9615  9.44051e-17  3.57412e-18
       4732.3248  8.64088e-17  3.49926e-18
       4735.6882  8.21967e-17  3.44409e-18
       4739.0516  7.77885e-17  3.42241e-18
       4742.4149  7.95257e-17  3.43054e-18
       4745.7783  8.51138e-17  3.47050e-18
       4749.1417  7.81885e-17  3.40176e-18
       4752.5051  7.48660e-17  3.36245e-18
       4755.8684  7.59857e-17  3.36349e-18
       4759.2318  7.90657e-17  3.34127e-18
       4762.5952  8.18480e-17  3.34932e-18
       4765.9585  7.32420e-17  3.29465e-18
       4769.3219  6.54850e-17  3.23532e-18
       4772.6853  6.17004e-17  3.21477e-18
       4776.0486  6.12642e-17  3.20310e-18
       4779.4120  6.20281e-17  3.18858e-18
       4782.7754  5.62263e-17  3.14242e-18
       4786.1388  5.07818e-17  3.09874e-18
       4789.5021  5.62994e-17  3.11942e-18
       4792.8655  5.38174e-17  3.11022e-18
       4796.2289  5.02009e-17  3.08692e-18
       4799.5922  4.92876e-17  3.04610e-18
       4802.9556  5.31813e-17  3.08189e-18
       4806.3190  5.61843e-17  3.10353e-18
       4809.6824  5.12499e-17  3.06196e-18
       4813.0457  4.60421e-17  3.02148e-18
       4816.4091  4.56721e-17  3.02542e-18
       4819.7725  5.34898e-17  3.07386e-18
       4823.1358  4.90360e-17  3.04710e-18
       4826.4992  5.12974e-17  3.03846e-18
       4829.8626  5.12711e-17  3.01530e-18
       4833.2259  4.47527e-17  2.94611e-18
       4836.5893  4.64875e-17  2.95500e-18
       4839.9527  4.86854e-17  2.97792e-18
       4843.3161  4.48015e-17  2.93979e-18
       4846.6794  4.12948e-17  2.88902e-18
       4850.0428  4.33772e-17  2.88262e-18
       4853.4062  4.41753e-17  2.84769e-18
       4856.7695  4.77333e-17  2.85622e-18
       4860.1329  4.66600e-17  2.80973e-18
       4863.4963  4.30461e-17  2.79668e-18
       4866.8597  4.20220e-17  2.79286e-18
       4870.2230  4.50357e-17  2.82515e-18
       4873.5864  4.24716e-17  2.83593e-18
       4876.9498  4.49544e-17  2.85433e-18
       4880.3131  4.67774e-17  2.87281e-18
       4883.6765  4.66835e-17  2.86899e-18
       4887.0399  4.49289e-17  2.86629e-18
       4890.4032  4.82852e-17  2.89243e-18
       4893.7666  4.71731e-17  2.87879e-18
       4897.1300  4.98433e-17  2.89256e-18
       4900.4934  4.42484e-17  2.84646e-18
       4903.8567  5.34042e-17  2.91738e-18
       4907.2201  5.18325e-17  2.91001e-18
       4910.5835  5.31413e-17  2.89703e-18
       4913.9468  5.39746e-17  2.87758e-18
       4917.3102  5.35922e-17  2.86437e-18
       4920.6736  4.92698e-17  2.81569e-18
       4924.0370  4.77641e-17  2.80037e-18
       4927.4003  4.60726e-17  2.81077e-18
       4930.7637  4.63703e-17  2.79858e-18
       4934.1271  4.40686e-17  2.78100e-18
       4937.4904  4.01682e-17  2.76904e-18
       4940.8538  4.16423e-17  2.75656e-18
       4944.2172  4.12632e-17  2.74206e-18
       4947.5806  3.64375e-17  2.71846e-18
       4950.9439  3.71128e-17  2.70200e-18
       4954.3073  3.58600e-17  2.67449e-18
       4957.6707  3.91904e-17  2.68874e-18
       4961.0340  4.19043e-17  2.69801e-18
       4964.3974  4.19770e-17  2.70608e-18
       4967.7608  4.23746e-17  2.72737e-18
       4971.1241  3.89240e-17  2.69843e-18
       4974.4875  4.49443e-17  2.74105e-18
       4977.8509  4.47873e-17  2.72680e-18
       4981.2143  4.71359e-17  2.75109e-18
       4984.5776  4.67738e-17  2.73395e-18
       4987.9410  4.91055e-17  2.76397e-18
       4991.3044  5.15839e-17  2.78600e-18
       4994.6677  5.31160e-17  2.76973e-18
       4998.0311  5.98553e-17  2.82408e-18
       5001.3945  5.73439e-17  2.80137e-18
       5004.7579  6.66974e-17  2.86314e-18
       5008.1212  7.37181e-17  2.90884e-18
       5011.4846  7.22082e-17  2.88063e-18
       5014.8480  6.74108e-17  2.85528e-18
       5018.2113  7.32583e-17  2.90979e-18
       5021.5747  7.92753e-17  2.94094e-18
       5024.9381  7.93440e-17  2.96476e-18
       5028.3014  8.07385e-17  2.97101e-18
       5031.6648  8.38961e-17  2.99998e-18
       5035.0282  8.71880e-17  3.02053e-18
       5038.3916  9.22656e-17  3.04999e-18
       5041.7549  9.30124e-17  3.05471e-18
       5045.1183  9.28968e-17  3.05846e-18
       5048.4817  9.23451e-17  3.05938e-18
       5051.8450  9.04114e-17  3.05434e-18
       5055.2084  9.23831e-17  3.05867e-18
       5058.5718  8.97785e-17  3.02941e-18
       5061.9352  8.29494e-17  2.96848e-18
       5065.2985  7.92217e-17  2.92926e-18
       5068.6619  7.29504e-17  2.86638e-18
       5072.0253  6.85345e-17  2.81987e-18
       5075.3886  6.68820e-17  2.78486e-18
       5078.7520  6.51362e-17  2.74992e-18
       5082.1154  5.73229e-17  2.69592e-18
       5085.4787  5.32191e-17  2.67579e-18
       5088.8421  4.90832e-17  2.63160e-18
       5092.2055  4.54697e-17  2.58175e-18
       5095.5689  4.57690e-17  2.57053e-18
       5098.9322  4.80741e-17  2.58311e-18
       5102.2956  4.63963e-17  2.53775e-18
       5105.6590  4.30754e-17  2.52830e-18
       5109.0223  4.38976e-17  2.53221e-18
       5112.3857  4.24456e-17  2.50994e-18
       5115.7491  3.78687e-17  2.47712e-18
       5119.1125  3.69984e-17  2.45696e-18
       5122.4758  3.88796e-17  2.44579e-18
       5125.8392  4.46447e-17  2.48089e-18
       5129.2026  4.63535e-17  2.49423e-18
       5132.5659  4.38966e-17  2.47034e-18
       5135.9293  4.33101e-17  2.46182e-18
       5139.2927  4.33988e-17  2.46579e-18
       5142.6560  4.23887e-17  2.45670e-18
       5146.0194  4.34230e-17  2.46675e-18
       5149.3828  4.62422e-17  2.49066e-18
       5152.7462  4.54578e-17  2.48715e-18
       5156.1095  4.81569e-17  2.50462e-18
       5159.4729  5.30722e-17  2.51904e-18
       5162.8363  5.32749e-17  2.50075e-18
       5166.1996  4.95851e-17  2.45267e-18
       5169.5630  4.80430e-17  2.42527e-18
       5172.9264  4.94548e-17  2.43379e-18
       5176.2898  4.99234e-17  2.43789e-18
       5179.6531  5.23934e-17  2.46383e-18
       5183.0165  5.40363e-17  2.48371e-18
       5186.3799  5.33407e-17  2.49109e-18
       5189.7432  5.31167e-17  2.51957e-18
       5193.1066  5.59492e-17  2.57410e-18
       5196.4700  5.56298e-17  2.58091e-18
       5199.8333  5.29572e-17  2.56335e-18
       5203.1967  5.33444e-17  2.55728e-18
       5206.5601  5.46947e-17  2.52935e-18
       5209.9235  5.46301e-17  2.51177e-18
       5213.2868  5.11681e-17  2.47610e-18
       5216.6502  5.77907e-17  2.51769e-18
       5220.0136  5.74329e-17  2.52154e-18
       5223.3769  5.50691e-17  2.49686e-18
       5226.7403  5.47308e-17  2.48218e-18
       5230.1037  5.65866e-17  2.49757e-18
       5233.4671  6.09508e-17  2.52849e-18
       5236.8304  5.60644e-17  2.50110e-18
       5240.1938  5.54801e-17  2.49409e-18
       5243.5572  5.51774e-17  2.50752e-18
       5246.9205  5.70276e-17  2.50179e-18
       5250.2839  5.61507e-17  2.48704e-18
       5253.6473  5.89107e-17  2.48204e-18
       5257.0107  5.60362e-17  2.46405e-18
       5260.3740  6.10908e-17  2.49114e-18
       5263.7374  5.61745e-17  2.44478e-18
       5267.1008  5.96220e-17  2.45632e-18
       5270.4641  6.05286e-17  2.45773e-18
       5273.8275  6.14232e-17  2.47242e-18
       5277.1909  5.97980e-17  2.49094e-18
       5280.5542  5.49958e-17  2.44099e-18
       5283.9176  5.73710e-17  2.46436e-18
       5287.2810  6.09713e-17  2.50455e-18
       5290.6444  6.14934e-17  2.51180e-18
       5294.0077  6.36613e-17  2.52100e-18
       5297.3711  6.57944e-17  2.53676e-18
       5300.7345  6.39510e-17  2.51265e-18
       5304.0978  6.44696e-17  2.52288e-18
       5307.4612  6.78175e-17  2.56475e-18
       5310.8246  6.72238e-17  2.54536e-18
       5314.1880  6.65917e-17  2.54720e-18
       5317.5513  7.08415e-17  2.56368e-18
       5320.9147  7.04095e-17  2.53314e-18
       5324.2781  6.91740e-17  2.51863e-18
       5327.6414  6.95516e-17  2.52354e-18
       5331.0048  7.22439e-17  2.54028e-18
       5334.3682  7.28489e-17  2.55873e-18
       5337.7315  7.43066e-17  2.58902e-18
       5341.0949  7.64963e-17  2.59149e-18
       5344.4583  7.48672e-17  2.56319e-18
       5347.8217  7.29354e-17  2.55886e-18
       5351.1850  7.52295e-17  2.58784e-18
       5354.5484  7.88433e-17  2.60891e-18
       5357.9118  8.20376e-17  2.62372e-18
       5361.2751  8.44458e-17  2.63635e-18
       5364.6385  8.42474e-17  2.63274e-18
       5368.0019  8.48623e-17  2.63174e-18
       5371.3653  8.57540e-17  2.62927e-18
       5374.7286  8.66249e-17  2.65460e-18
       5378.0920  8.51058e-17  2.64277e-18
       5381.4554  8.55223e-17  2.63383e-18
       5384.8187  9.08928e-17  2.66847e-18
       5388.1821  9.07229e-17  2.65059e-18
       5391.5455  8.07834e-17  2.58336e-18
       5394.9088  8.21041e-17  2.59010e-18
       5398.2722  8.31091e-17  2.59823e-18
       5401.6356  8.44908e-17  2.59324e-18
       5404.9990  8.55967e-17  2.59390e-18
       5408.3623  8.47542e-17  2.57097e-18
       5411.7257  8.64001e-17  2.60104e-18
       5415.0891  8.81649e-17  2.63710e-18
       5418.4524  9.27233e-17  2.66661e-18
       5421.8158  8.98722e-17  2.63240e-18
       5425.1792  9.29078e-17  2.65013e-18
       5428.5426  9.24039e-17  2.63592e-18
       5431.9059  9.33411e-17  2.63928e-18
       5435.2693  9.27856e-17  2.64168e-18
       5438.6327  8.94075e-17  2.63318e-18
       5441.9960  9.37707e-17  2.66389e-18
       5445.3594  9.71442e-17  2.67213e-18
       5448.7228  9.28083e-17  2.65045e-18
       5452.0861  9.80216e-17  2.69921e-18
       5455.4495  9.83352e-17  2.71011e-18
       5458.8129  9.08594e-17  2.64631e-18
       5462.1763  9.33221e-17  2.65996e-18
       5465.5396  9.52197e-17  2.66562e-18
       5468.9030  9.25925e-17  2.63130e-18
       5472.2664  9.02652e-17  2.60229e-18
       5475.6297  8.93564e-17  2.58774e-18
       5478.9931  8.91244e-17  2.58327e-18
       5482.3565  8.71453e-17  2.56388e-18
       5485.7199  8.62311e-17  2.55865e-18
       5489.0832  8.59960e-17  2.55079e-18
       5492.4466  8.69086e-17  2.54500e-18
       5495.8100  8.80506e-17  2.55713e-18
       5499.1733  8.66317e-17  2.54618e-18
       5502.5367  8.93371e-17  2.57703e-18
       5505.9001  9.16290e-17  2.59411e-18
       5509.2634  8.98247e-17  2.57317e-18
       5512.6268  9.14248e-17  2.59165e-18
       5515.9902  9.04917e-17  2.58196e-18
       5519.3536  9.51911e-17  2.60592e-18
       5522.7169  9.44655e-17  2.59971e-18
       5526.0803  9.97798e-17  2.64099e-18
       5529.4437  1.00060e-16  2.64846e-18
       5532.8070  9.96142e-17  2.64732e-18
       5536.1704  1.02461e-16  2.65964e-18
       5539.5338  1.07370e-16  2.70190e-18
       5542.8972  1.05756e-16  2.68886e-18
       5546.2605  1.11594e-16  2.72701e-18
       5549.6239  1.15362e-16  2.75829e-18
       5552.9873  1.20564e-16  2.78414e-18
       5556.3506  1.21240e-16  2.78892e-18
       5559.7140  1.20160e-16  2.79339e-18
       5563.0774  1.27550e-16  2.83823e-18
       5566.4408  1.35417e-16  3.00223e-18
       5569.8041  1.37054e-16  3.27413e-18
       5573.1675  1.40292e-16  3.44900e-18
       5576.5309  1.43537e-16  3.46526e-18
       5579.8942  1.47091e-16  3.47154e-18
       5583.2576  1.48324e-16  3.33915e-18
       5586.6210  1.48333e-16  3.07678e-18
       5589.9843  1.51415e-16  2.96527e-18
       5593.3477  1.52457e-16  2.97794e-18
       5596.7111  1.55509e-16  3.00817e-18
       5600.0745  1.58209e-16  3.02451e-18
       5603.4378  1.57589e-16  3.01874e-18
       5606.8012  1.58524e-16  3.01679e-18
       5610.1646  1.58897e-16  3.02380e-18
       5613.5279  1.58096e-16  3.01351e-18
       5616.8913  1.59722e-16  3.00792e-18
       5620.2547  1.62355e-16  3.02638e-18
       5623.6181  1.59602e-16  3.01500e-18
       5626.9814  1.60850e-16  3.02178e-18
       5630.3448  1.52933e-16  2.98143e-18
       5633.7082  1.55927e-16  2.98688e-18
       5637.0715  1.55588e-16  2.98289e-18
       5640.4349  1.49857e-16  2.95423e-18
       5643.7983  1.47224e-16  2.93350e-18
       5647.1616  1.55129e-16  2.97077e-18
       5650.5250  1.51565e-16  2.94828e-18
       5653.8884  1.41353e-16  2.88831e-18
       5657.2518  1.45309e-16  2.90288e-18
       5660.6151  1.49644e-16  2.92292e-18
       5663.9785  1.47325e-16  2.91920e-18
       5667.3419  1.44003e-16  2.90166e-18
       5670.7052  1.41978e-16  2.88864e-18
       5674.0686  1.40669e-16  2.87681e-18
       5677.4320  1.37097e-16  2.85296e-18
       5680.7954  1.35114e-16  2.83941e-18
       5684.1587  1.34143e-16  2.83430e-18
       5687.5221  1.30884e-16  2.81791e-18
       5690.8855  1.32524e-16  2.81412e-18
       5694.2488  1.33467e-16  2.81642e-18
       5697.6122  1.26997e-16  2.76591e-18
       5700.9756  1.21879e-16  2.72683e-18
       5704.3389  1.23714e-16  2.73047e-18
       5707.7023  1.25979e-16  2.75263e-18
       5711.0657  1.24176e-16  2.72047e-18
       5714.4291  1.25397e-16  2.73543e-18
       5717.7924  1.22060e-16  2.71497e-18
       5721.1558  1.26521e-16  2.73994e-18
       5724.5192  1.24992e-16  2.74574e-18
       5727.8825  1.22454e-16  2.73159e-18
       5731.2459  1.19411e-16  2.70159e-18
       5734.6093  1.23270e-16  2.72359e-18
       5737.9727  1.25145e-16  2.72942e-18
       5741.3360  1.24680e-16  2.73121e-18
       5744.6994  1.26736e-16  2.73652e-18
       5748.0628  1.25250e-16  2.72138e-18
       5751.4261  1.23674e-16  2.71558e-18
       5754.7895  1.27361e-16  2.72944e-18
       5758.1529  1.23277e-16  2.70117e-18
       5761.5162  1.21214e-16  2.69149e-18
       5764.8796  1.26445e-16  2.72395e-18
       5768.2430  1.23082e-16  2.70344e-18
       5771.6064  1.21396e-16  2.68796e-18
       5774.9697  1.22876e-16  2.69872e-18
       5778.3331  1.20654e-16  2.67524e-18
       5781.6965  1.19585e-16  2.65995e-18
       5785.0598  1.17131e-16  2.64862e-18
       5788.4232  1.12639e-16  2.60742e-18
       5791.7866  1.09533e-16  2.59956e-18
       5795.1500  1.09541e-16  2.59665e-18
       5798.5133  1.11177e-16  2.59486e-18
       5801.8767  1.13029e-16  2.60657e-18
       5805.2401  1.07076e-16  2.56997e-18
       5808.6034  1.05464e-16  2.56142e-18
       5811.9668  1.10063e-16  2.58020e-18
       5815.3302  1.03549e-16  2.54621e-18
       5818.6936  1.02699e-16  2.54132e-18
       5822.0569  1.05159e-16  2.54868e-18
       5825.4203  1.03321e-16  2.53837e-18
       5828.7837  1.00492e-16  2.52274e-18
       5832.1470  1.00151e-16  2.52067e-18
       5835.5104  1.02507e-16  2.53547e-18
       5838.8738  9.89394e-17  2.50319e-18
       5842.2371  9.59456e-17  2.47939e-18
       5845.6005  9.82407e-17  2.49387e-18
       5848.9639  9.55981e-17  2.47013e-18
       5852.3273  9.53904e-17  2.46498e-18
       5855.6906  9.82232e-17  2.48267e-18
       5859.0540  9.77164e-17  2.50128e-18
       5862.4174  9.40194e-17  2.49557e-18
       5865.7807  9.91934e-17  2.53712e-18
       5869.1441  1.02706e-16  2.56195e-18
       5872.5075  9.87790e-17  2.52678e-18
       5875.8709  9.99480e-17  2.52857e-18
       5879.2342  9.97150e-17  2.62168e-18
       5882.5976  1.01400e-16  2.83026e-18
       5885.9610  9.49367e-17  2.96905e-18
       5889.3243  9.81563e-17  3.10833e-18
       5892.6877  9.74960e-17  3.14199e-18
       5896.0511  9.86199e-17  3.02768e-18
       5899.4144  9.77069e-17  2.84187e-18
       5902.7778  9.75993e-17  2.65473e-18
       5906.1412  1.02634e-16  2.55112e-18
       5909.5046  1.00989e-16  2.51173e-18
       5912.8679  9.56393e-17  2.50071e-18
       5916.2313  9.88509e-17  2.53764e-18
       5919.5947  1.02663e-16  2.55570e-18
       5922.9580  9.85215e-17  2.52221e-18
       5926.3214  9.70850e-17  2.52101e-18
       5929.6848  1.00728e-16  2.54509e-18
       5933.0482  1.01590e-16  2.54626e-18
       5936.4115  1.01692e-16  2.54090e-18
       5939.7749  1.01287e-16  2.52907e-18
       5943.1383  1.01871e-16  2.51702e-18
       5946.5016  1.07959e-16  2.55908e-18
       5949.8650  1.08815e-16  2.57368e-18
       5953.2284  1.05556e-16  2.55879e-18
       5956.5917  1.04864e-16  2.54609e-18
       5959.9551  1.08071e-16  2.55586e-18
       5963.3185  1.08734e-16  2.56190e-18
       5966.6819  1.07243e-16  2.54981e-18
       5970.0452  1.05178e-16  2.54301e-18
       5973.4086  1.04606e-16  2.54624e-18
       5976.7720  1.07410e-16  2.55512e-18
       5980.1353  1.09644e-16  2.56320e-18
       5983.4987  1.09634e-16  2.55524e-18
       5986.8621  1.10925e-16  2.55694e-18
       5990.2255  1.11011e-16  2.55563e-18
       5993.5888  1.08877e-16  2.53348e-18
       5996.9522  1.10293e-16  2.55071e-18
       6000.3156  1.11329e-16  2.55798e-18
       6003.6789  1.08991e-16  2.54009e-18
       6007.0423  1.05877e-16  2.51598e-18
       6010.4057  1.01985e-16  2.47638e-18
       6013.7690  1.00542e-16  2.45588e-18
       6017.1324  9.77500e-17  2.44834e-18
       6020.4958  9.95358e-17  2.46388e-18
       6023.8592  9.83903e-17  2.44491e-18
       6027.2225  9.71831e-17  2.44735e-18
       6030.5859  1.00470e-16  2.46143e-18
       6033.9493  9.63021e-17  2.43858e-18
       6037.3126  9.57611e-17  2.42974e-18
       6040.6760  9.60384e-17  2.41457e-18
       6044.0394  9.21319e-17  2.39656e-18
       6047.4028  9.00789e-17  2.38617e-18
       6050.7661  9.18661e-17  2.38898e-18
       6054.1295  9.38113e-17  2.40041e-18
       6057.4929  9.17140e-17  2.37777e-18
       6060.8562  9.03377e-17  2.36687e-18
       6064.2196  9.08661e-17  2.37760e-18
       6067.5830  9.20631e-17  2.38863e-18
       6070.9463  8.77386e-17  2.34861e-18
       6074.3097  8.85970e-17  2.34602e-18
       6077.6731  8.88265e-17  2.34807e-18
       6081.0365  8.85063e-17  2.35523e-18
       6084.3998  8.53431e-17  2.32503e-18
       6087.7632  8.90609e-17  2.34115e-18
       6091.1266  8.83005e-17  2.34019e-18
       6094.4899  8.94416e-17  2.35566e-18
       6097.8533  8.66605e-17  2.33069e-18
       6101.2167  8.54047e-17  2.31175e-18
       6104.5801  8.86503e-17  2.33858e-18
       6107.9434  8.62882e-17  2.32217e-18
       6111.3068  8.55787e-17  2.32147e-18
       6114.6702  8.89128e-17  2.34402e-18
       6118.0335  8.91506e-17  2.32993e-18
       6121.3969  8.65659e-17  2.31366e-18
       6124.7603  8.25434e-17  2.28383e-18
       6128.1237  8.36955e-17  2.29025e-18
       6131.4870  7.80625e-17  2.24825e-18
       6134.8504  7.84316e-17  2.25064e-18
       6138.2138  8.01448e-17  2.27280e-18
       6141.5771  7.63652e-17  2.23812e-18
       6144.9405  7.78053e-17  2.25994e-18
       6148.3039  8.09791e-17  2.26599e-18
       6151.6672  8.42213e-17  2.28073e-18
       6155.0306  7.82678e-17  2.23626e-18
       6158.3940  7.62508e-17  2.22702e-18
       6161.7574  7.67479e-17  2.22903e-18
       6165.1207  7.80418e-17  2.23549e-18
       6168.4841  7.84166e-17  2.24614e-18
       6171.8475  7.87598e-17  2.25125e-18
       6175.2108  7.93017e-17  2.25539e-18
       6178.5742  7.92318e-17  2.25117e-18
       6181.9376  8.17883e-17  2.25874e-18
       6185.3010  8.12620e-17  2.25035e-18
       6188.6643  7.73479e-17  2.21600e-18
       6192.0277  7.47469e-17  2.20497e-18
       6195.3911  7.59853e-17  2.21620e-18
       6198.7544  7.78444e-17  2.22565e-18
       6202.1178  7.60112e-17  2.21254e-18
       6205.4812  7.55161e-17  2.20558e-18
       6208.8445  7.36576e-17  2.19197e-18
       6212.2079  7.23443e-17  2.16841e-18
       6215.5713  7.18069e-17  2.18617e-18
       6218.9347  7.10177e-17  2.18243e-18
       6222.2980  7.15081e-17  2.17009e-18
       6225.6614  6.97183e-17  2.16838e-18
       6229.0248  6.74333e-17  2.17297e-18
       6232.3881  6.84325e-17  2.20050e-18
       6235.7515  6.69926e-17  2.19547e-18
       6239.1149  6.50816e-17  2.17516e-18
       6242.4783  6.88482e-17  2.18779e-18
       6245.8416  6.96198e-17  2.15979e-18
       6249.2050  6.58820e-17  2.13749e-18
       6252.5684  6.49987e-17  2.14048e-18
       6255.9317  6.60593e-17  2.16116e-18
       6259.2951  6.70817e-17  2.17375e-18
       6262.6585  6.90894e-17  2.19073e-18
       6266.0218  6.37601e-17  2.11181e-18
       6269.3852  6.90952e-17  2.13669e-18
       6272.7486  6.70407e-17  2.11801e-18
       6276.1120  6.36589e-17  2.08091e-18
       6279.4753  6.35704e-17  2.08844e-18
       6282.8387  6.45300e-17  2.11298e-18
       6286.2021  6.36547e-17  2.11503e-18
       6289.5654  6.50824e-17  2.31970e-18
       6292.9288  6.54453e-17  2.69123e-18
       6296.2922  6.34519e-17  2.86985e-18
       6299.6556  6.08039e-17  2.85836e-18
       6303.0189  5.45552e-17  2.82915e-18
       6306.3823  6.12812e-17  2.70235e-18
       6309.7457  6.14880e-17  2.27427e-18
       6313.1090  5.40772e-17  2.02343e-18
       6316.4724  5.38842e-17  1.99435e-18
       6319.8358  5.51522e-17  2.00476e-18
       6323.1991  5.41645e-17  2.02091e-18
       6326.5625  5.17548e-17  2.00372e-18
       6329.9259  5.40664e-17  2.01135e-18
       6333.2893  5.32589e-17  1.98568e-18
       6336.6526  5.38794e-17  1.98054e-18
       6340.0160  5.46401e-17  1.97264e-18
       6343.3794  5.47970e-17  1.97228e-18
       6346.7427  5.54810e-17  1.99915e-18
       6350.1061  5.52506e-17  2.01438e-18
       6353.4695  5.87676e-17  2.10974e-18
       6356.8329  6.30463e-17  2.27155e-18
       6360.1962  6.09456e-17  2.32302e-18
       6363.5596  5.89706e-17  2.31856e-18
       6366.9230  5.94767e-17  2.29097e-18
       6370.2863  6.38803e-17  2.25864e-18
       6373.6497  6.22638e-17  2.08559e-18
       6377.0131  6.10208e-17  2.03641e-18
       6380.3764  6.41496e-17  2.06846e-18
       6383.7398  6.69087e-17  2.08777e-18
       6387.1032  6.65732e-17  2.08206e-18
       6390.4666  6.71420e-17  2.07820e-18
       6393.8299  6.95201e-17  2.09057e-18
       6397.1933  7.03321e-17  2.10126e-18
       6400.5567  7.01940e-17  2.09791e-18
       6403.9200  7.20810e-17  2.10782e-18
       6407.2834  7.22104e-17  2.11141e-18
       6410.6468  7.03003e-17  2.09643e-18
       6414.0102  7.35505e-17  2.12150e-18
       6417.3735  7.55759e-17  2.13238e-18
       6420.7369  7.35608e-17  2.11629e-18
       6424.1003  7.77884e-17  2.15345e-18
       6427.4636  7.63622e-17  2.15162e-18
       6430.8270  7.48122e-17  2.13090e-18
       6434.1904  7.34510e-17  2.11206e-18
       6437.5538  7.35467e-17  2.12464e-18
       6440.9171  7.92191e-17  2.15910e-18
       6444.2805  7.55080e-17  2.12638e-18
       6447.6439  7.96115e-17  2.15767e-18
       6451.0072  8.56292e-17  2.20616e-18
       6454.3706  8.46884e-17  2.20612e-18
       6457.7340  8.26233e-17  2.20845e-18
       6461.0973  8.19955e-17  2.22490e-18
       6464.4607  8.39483e-17  2.24727e-18
       6467.8241  8.21932e-17  2.24413e-18
       6471.1875  8.56616e-17  2.26068e-18
       6474.5508  8.95205e-17  2.26522e-18
       6477.9142  8.81788e-17  2.23247e-18
       6481.2776  8.67265e-17  2.19925e-18
       6484.6409  8.97990e-17  2.22784e-18
       6488.0043  9.02081e-17  2.23560e-18
       6491.3677  8.82411e-17  2.26143e-18
       6494.7311  8.74311e-17  2.27346e-18
       6498.0944  9.06910e-17  2.30280e-18
       6501.4578  9.47435e-17  2.34062e-18
       6504.8212  9.40283e-17  2.32556e-18
       6508.1845  9.21968e-17  2.28066e-18
       6511.5479  9.08151e-17  2.24819e-18
       6514.9113  9.14720e-17  2.25508e-18
       6518.2746  9.60741e-17  2.28690e-18
       6521.6380  9.78923e-17  2.30353e-18
       6525.0014  9.98688e-17  2.34299e-18
       6528.3648  9.70930e-17  2.34676e-18
       6531.7281  9.84192e-17  2.35055e-18
       6535.0915  1.01135e-16  2.35944e-18
       6538.4549  1.02475e-16  2.36253e-18
       6541.8182  1.04464e-16  2.36099e-18
       6545.1816  1.03981e-16  2.37527e-18
       6548.5450  1.04530e-16  2.39842e-18
       6551.9084  1.06867e-16  2.41110e-18
       6555.2717  1.08616e-16  2.42647e-18
       6558.6351  1.07134e-16  2.41649e-18
       6561.9985  1.10744e-16  2.41272e-18
       6565.3618  1.17353e-16  2.43854e-18
       6568.7252  1.14035e-16  2.43649e-18
       6572.0886  1.13935e-16  2.44852e-18
       6575.4519  1.19092e-16  2.47285e-18
       6578.8153  1.13961e-16  2.44029e-18
       6582.1787  1.14362e-16  2.44379e-18
       6585.5421  1.13651e-16  2.41756e-18
       6588.9054  1.14578e-16  2.40936e-18
       6592.2688  1.18208e-16  2.43073e-18
       6595.6322  1.19456e-16  2.44894e-18
       6598.9955  1.17056e-16  2.43687e-18
       6602.3589  1.17484e-16  2.43319e-18
       6605.7223  1.18773e-16  2.44165e-18
       6609.0857  1.20675e-16  2.45326e-18
       6612.4490  1.22575e-16  2.46140e-18
       6615.8124  1.19556e-16  2.43401e-18
       6619.1758  1.16092e-16  2.40625e-18
       6622.5391  1.18417e-16  2.42710e-18
       6625.9025  1.20626e-16  2.43372e-18
       6629.2659  1.17746e-16  2.42307e-18
       6632.6292  1.19341e-16  2.43401e-18
       6635.9926  1.13094e-16  2.38757e-18
       6639.3560  1.10700e-16  2.36490e-18
       6642.7194  1.15873e-16  2.39391e-18
       6646.0827  1.15513e-16  2.39139e-18
       6649.4461  1.12588e-16  2.37205e-18
       6652.8095  1.11594e-16  2.36841e-18
       6656.1728  1.10360e-16  2.35319e-18
       6659.5362  1.06999e-16  2.33521e-18
       6662.8996  1.02082e-16  2.33620e-18
       6666.2630  9.70983e-17  2.32159e-18
       6669.6263  9.53607e-17  2.30694e-18
       6672.9897  9.63397e-17  2.32248e-18
       6676.3531  9.73434e-17  2.30801e-18
       6679.7164  1.05293e-16  2.31774e-18
       6683.0798  1.01829e-16  2.28324e-18
       6686.4432  1.00344e-16  2.27568e-18
       6689.8066  9.97697e-17  2.27904e-18
       6693.1699  9.17444e-17  2.22954e-18
       6696.5333  9.52756e-17  2.25479e-18
       6699.8967  9.74329e-17  2.24568e-18
       6703.2600  9.86911e-17  2.23182e-18
       6706.6234  9.96911e-17  2.24216e-18
       6709.9868  9.27749e-17  2.19570e-18
       6713.3501  9.02874e-17  2.17365e-18
       6716.7135  9.47934e-17  2.20546e-18
       6720.0769  9.39493e-17  2.19462e-18
       6723.4403  9.31468e-17  2.19016e-18
       6726.8036  9.12344e-17  2.17966e-18
       6730.1670  9.11895e-17  2.17617e-18
       6733.5304  9.12856e-17  2.17723e-18
       6736.8937  8.82944e-17  2.15319e-18
       6740.2571  8.46231e-17  2.12506e-18
       6743.6205  8.60426e-17  2.12422e-18
       6746.9839  8.50098e-17  2.11034e-18
       6750.3472  8.15216e-17  2.08467e-18
       6753.7106  7.75486e-17  2.05726e-18
       6757.0740  7.52885e-17  2.03715e-18
       6760.4373  7.68516e-17  2.04236e-18
       6763.8007  7.70478e-17  2.04037e-18
       6767.1641  7.36556e-17  2.01364e-18
       6770.5274  7.22003e-17  2.00659e-18
       6773.8908  7.20804e-17  2.00004e-18
       6777.2542  7.16179e-17  1.98898e-18
       6780.6176  7.38295e-17  2.00182e-18
       6783.9809  7.15976e-17  1.99077e-18
       6787.3443  6.95210e-17  1.97039e-18
       6790.7077  7.09541e-17  1.98368e-18
       6794.0710  7.04379e-17  1.98290e-18
       6797.4344  6.98648e-17  1.97999e-18
       6800.7978  6.85527e-17  1.96381e-18
       6804.1612  6.48454e-17  1.92293e-18
       6807.5245  6.59220e-17  1.93022e-18
       6810.8879  6.88670e-17  1.95457e-18
       6814.2513  6.52457e-17  1.92231e-18
       6817.6146  6.24305e-17  1.92381e-18
       6820.9780  6.25707e-17  1.98198e-18
       6824.3414  6.20249e-17  2.04379e-18
       6827.7047  5.78930e-17  2.06137e-18
       6831.0681  6.15172e-17  2.09460e-18
       6834.4315  6.04994e-17  2.07568e-18
       6837.7949  5.92956e-17  2.02360e-18
       6841.1582  6.08164e-17  1.97460e-18
       6844.5216  5.91718e-17  1.92642e-18
       6847.8850  6.08919e-17  1.90888e-18
       6851.2483  6.36478e-17  1.90420e-18
       6854.6117  6.12835e-17  1.93559e-18
       6857.9751  5.75159e-17  1.98798e-18
       6861.3385  5.52134e-17  1.98311e-18
       6864.7018  5.34711e-17  1.95454e-18
       6868.0652  4.81135e-17  1.88426e-18
       6871.4286  4.54420e-17  1.80330e-18
       6874.7919  4.59004e-17  1.71072e-18
       6878.1553  4.82805e-17  1.72394e-18
       6881.5187  5.48959e-17  1.81293e-18
       6884.8820  5.48830e-17  1.82634e-18
       6888.2454  5.06084e-17  1.78623e-18
       6891.6088  4.86208e-17  1.76461e-18
       6894.9722  5.02929e-17  1.78441e-18
       6898.3355  5.04809e-17  1.78922e-18
       6901.6989  5.15576e-17  1.79958e-18
       6905.0623  5.61892e-17  1.85395e-18
       6908.4256  5.73115e-17  1.87170e-18
       6911.7890  5.75193e-17  1.87056e-18
       6915.1524  5.94118e-17  1.92386e-18
       6918.5158  5.84564e-17  1.95690e-18
       6921.8791  5.80373e-17  1.92296e-18
       6925.2425  5.74748e-17  1.92858e-18
       6928.6059  5.81231e-17  1.92709e-18
       6931.9692  6.00570e-17  1.90285e-18
       6935.3326  6.20202e-17  1.90492e-18
       6938.6960  5.90235e-17  1.90751e-18
       6942.0593  5.88097e-17  1.96277e-18
       6945.4227  5.81523e-17  1.97632e-18
       6948.7861  5.56520e-17  1.93103e-18
       6952.1495  5.68688e-17  1.93921e-18
       6955.5128  5.71360e-17  1.91921e-18
       6958.8762  6.04346e-17  1.88524e-18
       6962.2396  5.71966e-17  1.84672e-18
       6965.6029  5.75754e-17  1.85315e-18
       6968.9663  5.88817e-17  1.89023e-18
       6972.3297  5.78171e-17  1.90154e-18
       6975.6931  5.77734e-17  1.91698e-18
       6979.0564  5.73014e-17  1.90280e-18
       6982.4198  5.85197e-17  1.90202e-18
       6985.7832  5.68614e-17  1.86664e-18
       6989.1465  5.47866e-17  1.82943e-18
       6992.5099  5.29584e-17  1.81049e-18
       6995.8733  5.11820e-17  1.79068e-18
       6999.2367  5.28908e-17  1.80304e-18
       7002.6000  5.18331e-17  1.79640e-18
       7005.9634  5.28761e-17  1.81564e-18
       7009.3268  5.21668e-17  1.79902e-18
       7012.6901  4.89896e-17  1.76250e-18
       7016.0535  5.15191e-17  1.79018e-18
       7019.4169  4.95215e-17  1.76477e-18
       7022.7802  4.65611e-17  1.72120e-18
       7026.1436  5.04739e-17  1.74891e-18
       7029.5070  5.36569e-17  1.77745e-18
       7032.8704  5.24805e-17  1.77185e-18
       7036.2337  5.05323e-17  1.76175e-18
       7039.5971  4.94497e-17  1.76550e-18
       7042.9605  5.09380e-17  1.79219e-18
       7046.3238  5.13826e-17  1.79659e-18
       7049.6872  4.82715e-17  1.77456e-18
       7053.0506  5.22683e-17  1.81184e-18
       7056.4140  5.33088e-17  1.81095e-18
       7059.7773  5.25834e-17  1.79849e-18
       7063.1407  5.63027e-17  1.82644e-18
       7066.5041  5.65484e-17  1.83411e-18
       7069.8674  5.76011e-17  1.84517e-18
       7073.2308  5.80518e-17  1.85136e-18
       7076.5942  5.83904e-17  1.86207e-18
       7079.9575  5.85463e-17  1.86268e-18
       7083.3209  5.77725e-17  1.85727e-18
       7086.6843  5.99329e-17  1.88150e-18
       7090.0477  6.13695e-17  1.88529e-18
       7093.4110  5.98751e-17  1.86935e-18
       7096.7744  6.16894e-17  1.87796e-18
       7100.1378  6.08758e-17  1.86755e-18
       7103.5011  5.92037e-17  1.85714e-18
       7106.8645  5.87254e-17  1.86175e-18
       7110.2279  6.19633e-17  1.88270e-18
       7113.5913  6.36670e-17  1.89488e-18
       7116.9546  6.58825e-17  1.91989e-18
       7120.3180  6.63839e-17  1.93354e-18
       7123.6814  6.64312e-17  1.93447e-18
       7127.0447  6.73339e-17  1.93153e-18
       7130.4081  6.52679e-17  1.91516e-18
       7133.7715  6.44474e-17  1.91997e-18
       7137.1348  6.58447e-17  1.93064e-18
       7140.4982  6.59760e-17  1.93365e-18
       7143.8616  6.45565e-17  1.93736e-18
       7147.2250  6.39869e-17  1.92101e-18
       7150.5883  6.37416e-17  1.91885e-18
       7153.9517  6.44936e-17  1.92723e-18
       7157.3151  6.68112e-17  1.92685e-18
       7160.6784  6.62987e-17  1.92699e-18
       7164.0418  6.31564e-17  1.90031e-18
       7167.4052  6.14314e-17  1.87371e-18
       7170.7686  6.32187e-17  1.89049e-18
       7174.1319  6.30359e-17  1.88227e-18
       7177.4953  5.86519e-17  1.83468e-18
       7180.8587  6.07989e-17  1.84339e-18
       7184.2220  6.11147e-17  1.84812e-18
       7187.5854  5.64534e-17  1.79724e-18
       7190.9488  5.97232e-17  1.82998e-18
       7194.3121  6.11675e-17  1.84037e-18
       7197.6755  5.66955e-17  1.80029e-18
       7201.0389  5.35934e-17  1.77682e-18
       7204.4023  5.77409e-17  1.81428e-18
       7207.7656  6.29837e-17  1.85992e-18
       7211.1290  6.21236e-17  1.85812e-18
       7214.4924  6.04639e-17  1.84758e-18
       7217.8557  6.18092e-17  1.85971e-18
       7221.2191  6.09090e-17  1.85899e-18
       7224.5825  6.02197e-17  1.85003e-18
       7227.9459  6.09363e-17  1.87350e-18
       7231.3092  6.06629e-17  1.96444e-18
       7234.6726  5.43382e-17  2.03476e-18
       7238.0360  5.79946e-17  2.17729e-18
       7241.3993  5.89869e-17  2.22827e-18
       7244.7627  5.80536e-17  2.22707e-18
       7248.1261  5.91634e-17  2.16526e-18
       7251.4895  5.97938e-17  2.03527e-18
       7254.8528  5.91915e-17  1.92422e-18
       7258.2162  5.83276e-17  1.87530e-18
       7261.5796  5.80588e-17  1.85594e-18
       7264.9429  5.86511e-17  1.87319e-18
       7268.3063  6.08264e-17  2.05174e-18
       7271.6697  5.80884e-17  2.15055e-18
       7275.0330  5.85916e-17  2.20064e-18
       7278.3964  5.73265e-17  2.24453e-18
       7281.7598  6.10529e-17  2.26401e-18
       7285.1232  6.19279e-17  2.09820e-18
       7288.4865  6.03523e-17  1.99853e-18
       7291.8499  6.28069e-17  1.98391e-18
       7295.2133  6.51639e-17  1.96459e-18
       7298.5766  6.50504e-17  1.98883e-18
       7301.9400  6.58279e-17  1.99150e-18
       7305.3034  6.61092e-17  2.01322e-18
       7308.6668  6.65654e-17  2.13447e-18
       7312.0301  6.95654e-17  2.20103e-18
       7315.3935  7.17631e-17  2.18689e-18
       7318.7569  7.13557e-17  2.19620e-18
       7322.1202  7.02409e-17  2.23154e-18
       7325.4836  7.12818e-17  2.12373e-18
       7328.8470  7.41109e-17  2.08886e-18
       7332.2103  7.75720e-17  2.24816e-18
       7335.5737  7.98955e-17  2.35844e-18
       7338.9371  8.03627e-17  2.33571e-18
       7342.3005  8.25577e-17  2.33518e-18
       7345.6638  8.53149e-17  2.33577e-18
       7349.0272  8.46408e-17  2.24704e-18
       7352.3906  8.80665e-17  2.19420e-18
       7355.7539  8.91062e-17  2.20398e-18
       7359.1173  8.98044e-17  2.24486e-18
       7362.4807  8.83212e-17  2.34463e-18
       7365.8441  8.82412e-17  2.34852e-18
       7369.2074  8.83770e-17  2.31643e-18
       7372.5708  9.28022e-17  2.35039e-18
       7375.9342  9.95688e-17  2.33971e-18
       7379.2975  9.88598e-17  2.23221e-18
       7382.6609  9.53581e-17  2.18901e-18
       7386.0243  9.57336e-17  2.22392e-18
       7389.3876  9.43708e-17  2.21603e-18
       7392.7510  9.57949e-17  2.27552e-18
       7396.1144  9.42906e-17  2.32909e-18
       7399.4778  9.15046e-17  2.29881e-18
       7402.8411  9.32636e-17  2.28230e-18
       7406.2045  9.47301e-17  2.27616e-18
       7409.5679  9.06354e-17  2.19010e-18
       7412.9312  8.66042e-17  2.11094e-18
       7416.2946  8.83914e-17  2.11607e-18
       7419.6580  9.12552e-17  2.14727e-18
       7423.0214  8.93180e-17  2.14516e-18
       7426.3847  8.50330e-17  2.12155e-18
       7429.7481  8.31586e-17  2.12440e-18
       7433.1115  8.44949e-17  2.16603e-18
       7436.4748  8.63950e-17  2.17766e-18
       7439.8382  8.63107e-17  2.15410e-18
       7443.2016  8.24458e-17  2.11309e-18
       7446.5649  8.07208e-17  2.06856e-18
       7449.9283  7.74469e-17  2.01578e-18
       7453.2917  7.74676e-17  2.02078e-18
       7456.6551  7.57887e-17  2.03058e-18
       7460.0184  7.38129e-17  2.03125e-18
       7463.3818  7.45861e-17  2.05507e-18
       7466.7452  7.43902e-17  2.08507e-18
       7470.1085  7.72846e-17  2.13384e-18
       7473.4719  7.71924e-17  2.15659e-18
       7476.8353  7.43045e-17  2.15226e-18
       7480.1987  7.63074e-17  2.14250e-18
       7483.5620  7.52321e-17  2.09941e-18
       7486.9254  7.17828e-17  2.06614e-18
       7490.2888  7.08154e-17  2.03779e-18
       7493.6521  7.28359e-17  2.00170e-18
       7497.0155  7.04843e-17  1.95467e-18
       7500.3789  6.38863e-17  1.89877e-18
       7503.7422  6.10697e-17  1.86969e-18
       7507.1056  6.28590e-17  1.88257e-18
       7510.4690  6.29655e-17  1.88380e-18
       7513.8324  5.97452e-17  1.90087e-18
       7517.1957  5.84839e-17  2.02312e-18
       7520.5591  5.43932e-17  2.04618e-18
       7523.9225  5.58932e-17  2.07783e-18
       7527.2858  5.34524e-17  2.07524e-18
       7530.6492  5.44236e-17  2.00954e-18
       7534.0126  5.41605e-17  1.90265e-18
       7537.3760  5.27926e-17  1.82774e-18
       7540.7393  5.20442e-17  1.78594e-18
       7544.1027  5.06912e-17  1.75495e-18
       7547.4661  5.09763e-17  1.76003e-18
       7550.8294  5.20382e-17  1.78490e-18
       7554.1928  5.35279e-17  1.80623e-18
       7557.5562  4.91240e-17  1.77768e-18
       7560.9196  4.92337e-17  1.78832e-18
       7564.2829  5.17943e-17  1.90880e-18
       7567.6463  5.38092e-17  1.93951e-18
       7571.0097  5.06959e-17  1.91515e-18
       7574.3730  4.98662e-17  1.92014e-18
       7577.7364  5.24711e-17  1.92207e-18
       7581.0998  5.46714e-17  1.87985e-18
       7584.4631  5.40089e-17  1.81914e-18
       7587.8265  4.86608e-17  1.76724e-18
       7591.1899  4.16640e-17  1.67517e-18
       7594.5533  3.20186e-17  1.50267e-18
       7597.9166  2.08720e-17  1.29773e-18
       7601.2800  1.25256e-17  1.12010e-18
       7604.6434  1.11848e-17  1.04682e-18
       7608.0067  1.30576e-17  1.07451e-18
       7611.3701  1.75117e-17  1.20554e-18
       7614.7335  2.27507e-17  1.32811e-18
       7618.0969  2.79790e-17  1.42598e-18
       7621.4602  2.73146e-17  1.46033e-18
       7624.8236  2.20255e-17  1.38625e-18
       7628.1870  2.18087e-17  1.32538e-18
       7631.5503  2.20080e-17  1.32290e-18
       7634.9137  2.26526e-17  1.33850e-18
       7638.2771  2.59152e-17  1.33671e-18
       7641.6404  2.97481e-17  1.39818e-18
       7645.0038  3.11810e-17  1.45621e-18
       7648.3672  3.41417e-17  1.51123e-18
       7651.7306  3.82387e-17  1.57290e-18
       7655.0939  4.10972e-17  1.64017e-18
       7658.4573  4.33475e-17  1.69138e-18
       7661.8207  4.75650e-17  1.73220e-18
       7665.1840  5.20872e-17  1.77827e-18
       7668.5474  5.19852e-17  1.77318e-18
       7671.9108  5.08036e-17  1.73537e-18
       7675.2742  5.37590e-17  1.77735e-18
       7678.6375  5.55456e-17  1.81495e-18
       7682.0009  5.68660e-17  1.84303e-18
       7685.3643  5.83306e-17  1.86538e-18
       7688.7276  5.71949e-17  1.86744e-18
       7692.0910  5.73804e-17  1.88862e-18
       7695.4544  5.72441e-17  1.88025e-18
       7698.8177  5.56616e-17  1.83597e-18
       7702.1811  5.47914e-17  1.88584e-18
       7705.5445  5.48866e-17  2.06198e-18
       7708.9079  5.59923e-17  2.22615e-18
       7712.2712  5.47788e-17  2.29746e-18
       7715.6346  5.74226e-17  2.34038e-18
       7718.9980  5.52190e-17  2.29687e-18
       7722.3613  5.49460e-17  2.16056e-18
       7725.7247  5.45051e-17  1.97014e-18
       7729.0881  5.43561e-17  1.90646e-18
       7732.4515  5.80691e-17  1.91412e-18
       7735.8148  5.71040e-17  1.86242e-18
       7739.1782  5.53484e-17  1.91403e-18
       7742.5416  5.93087e-17  2.12350e-18
       7745.9049  6.07396e-17  2.25407e-18
       7749.2683  6.40769e-17  2.30689e-18
       7752.6317  6.13888e-17  2.34953e-18
       7755.9950  6.07086e-17  2.32790e-18
       7759.3584  6.29018e-17  2.11833e-18
       7762.7218  6.26670e-17  2.03929e-18
       7766.0852  6.61818e-17  2.07009e-18
       7769.4485  6.91691e-17  2.04464e-18
       7772.8119  7.04417e-17  2.05360e-18
       7776.1753  7.01561e-17  2.08902e-18
       7779.5386  6.80176e-17  2.05301e-18
       7782.9020  7.11319e-17  2.11195e-18
       7786.2654  7.49966e-17  2.28217e-18
       7789.6288  7.00072e-17  2.26392e-18
       7792.9921  7.08087e-17  2.25483e-18
       7796.3555  7.62135e-17  2.29438e-18
       7799.7189  8.18049e-17  2.34950e-18
       7803.0822  8.16210e-17  2.22507e-18
       7806.4456  7.88282e-17  2.14175e-18
       7809.8090  8.03904e-17  2.21990e-18
       7813.1723  8.27128e-17  2.37017e-18
       7816.5357  8.24633e-17  2.44336e-18
       7819.8991  8.40899e-17  2.40144e-18
       7823.2625  8.48726e-17  2.41700e-18
       7826.6258  8.22176e-17  2.38046e-18
       7829.9892  8.57972e-17  2.19946e-18
       7833.3526  8.76724e-17  2.19330e-18
       7836.7159  8.97846e-17  2.22800e-18
       7840.0793  8.82006e-17  2.22256e-18
       7843.4427  8.76477e-17  2.36019e-18
       7846.8061  8.92369e-17  2.49821e-18
       7850.1694  8.76976e-17  2.54011e-18
       7853.5328  8.64728e-17  2.58330e-18
       7856.8962  9.17121e-17  2.62825e-18
       7860.2595  9.78268e-17  2.62211e-18
       7863.6229  9.79682e-17  2.54229e-18
       7866.9863  9.50299e-17  2.49621e-18
       7870.3497  9.20466e-17  2.43296e-18
       7873.7130  9.17034e-17  2.46737e-18
       7877.0764  9.55244e-17  2.44766e-18
       7880.4398  9.66767e-17  2.43989e-18
       7883.8031  9.80252e-17  2.48256e-18
       7887.1665  9.83043e-17  2.46048e-18
       7890.5299  9.52190e-17  2.39217e-18
       7893.8932  9.18712e-17  2.34506e-18
       7897.2566  9.12929e-17  2.27232e-18
       7900.6200  9.54508e-17  2.24246e-18
       7903.9834  9.37847e-17  2.39960e-18
       7907.3467  9.44654e-17  2.62405e-18
       7910.7101  9.14544e-17  2.69739e-18
       7914.0735  8.49330e-17  2.73544e-18
       7917.4368  8.18663e-17  2.73691e-18
       7920.8002  8.54346e-17  2.59227e-18
       7924.1636  8.46685e-17  2.44255e-18
       7927.5270  8.04224e-17  2.33413e-18
       7930.8903  7.78005e-17  2.20321e-18
       7934.2537  7.35266e-17  2.16204e-18
       7937.6171  7.40697e-17  2.15615e-18
       7940.9804  6.98588e-17  2.09230e-18
       7944.3438  6.94066e-17  2.10062e-18
       7947.7072  6.51915e-17  2.06788e-18
       7951.0705  6.51743e-17  2.05462e-18
       7954.4339  6.14687e-17  2.14233e-18
       7957.7973  6.39081e-17  2.28914e-18
       7961.1607  6.47781e-17  2.32022e-18
       7964.5240  5.71693e-17  2.25711e-18
       7967.8874  5.50744e-17  2.28382e-18
       7971.2508  5.65883e-17  2.27080e-18
       7974.6141  5.42763e-17  2.06521e-18
       7977.9775  5.07715e-17  1.99492e-18
       7981.3409  5.08409e-17  2.01700e-18
       7984.7043  5.02817e-17  2.21465e-18
       7988.0676  4.78269e-17  2.24455e-18
       7991.4310  4.51271e-17  2.19655e-18
       7994.7944  4.18037e-17  2.18296e-18
       7998.1577  4.30928e-17  2.12766e-18
       8001.5211  4.54780e-17  1.94612e-18
       8004.8845  4.07031e-17  1.77403e-18
       8008.2478  3.60285e-17  1.78094e-18
       8011.6112  3.72154e-17  1.79898e-18
       8014.9746  3.75708e-17  1.87301e-18
       8018.3380  3.22228e-17  2.02259e-18
       8021.7013  3.46852e-17  2.02700e-18
       8025.0647  3.40932e-17  1.97656e-18
       8028.4281  3.23533e-17  1.97232e-18
       8031.7914  3.21009e-17  1.87401e-18
       8035.1548  2.87491e-17  1.65651e-18
       8038.5182  2.49703e-17  1.51255e-18
       8041.8816  2.51995e-17  1.54095e-18
       8045.2449  2.54463e-17  1.60137e-18
       8048.6083  2.37928e-17  1.57966e-18
       8051.9717  2.25538e-17  1.62431e-18
       8055.3350  2.07663e-17  1.70277e-18
       8058.6984  2.27203e-17  1.71219e-18
       8062.0618  2.16220e-17  1.65434e-18
       8065.4251  1.60490e-17  1.60008e-18
       8068.7885  1.59107e-17  1.52097e-18
       8072.1519  1.60812e-17  1.41380e-18
       8075.5153  1.38119e-17  1.37314e-18
       8078.8786  1.48919e-17  1.38414e-18
       8082.2420  1.26792e-17  1.35881e-18
       8085.6054  1.11760e-17  1.36272e-18
       8088.9687  1.16827e-17  1.36622e-18
       8092.3321  1.05972e-17  1.38366e-18
       8095.6955  9.46567e-18  1.42481e-18
       8099.0589  1.04135e-17  1.43124e-18
       8102.4222  9.87743e-18  1.39876e-18
       8105.7856  8.15402e-18  1.37239e-18
       8109.1490  9.13483e-18  1.34944e-18
       8112.5123  1.05079e-17  1.30390e-18
       8115.8757  9.87668e-18  1.27775e-18
       8119.2391  1.03670e-17  1.29670e-18
       8122.6025  9.49574e-18  1.27978e-18
       8125.9658  9.80266e-18  1.28696e-18
       8129.3292  1.10244e-17  1.32174e-18
       8132.6926  1.03157e-17  1.31710e-18
       8136.0559  9.40231e-18  1.32361e-18
       8139.4193  8.89039e-18  1.32620e-18
       8142.7827  1.01678e-17  1.34261e-18
       8146.1460  1.27747e-17  1.36947e-18
       8149.5094  1.40571e-17  1.37828e-18
       8152.8728  1.33498e-17  1.37327e-18
       8156.2362  1.23044e-17  1.32808e-18
       8159.5995  1.51605e-17  1.36173e-18
       8162.9629  1.40084e-17  1.34489e-18
       8166.3263  1.65115e-17  1.39509e-18
       8169.6896  1.57957e-17  1.37728e-18
       8173.0530  1.33624e-17  1.35244e-18
       8176.4164  1.43681e-17  1.37488e-18
       8179.7798  1.57089e-17  1.40081e-18
       8183.1431  1.68352e-17  1.43934e-18
       8186.5065  1.66312e-17  1.45842e-18
       8189.8699  1.34821e-17  1.43865e-18
       8193.2332  1.72989e-17  1.47348e-18
       8196.5966  1.61477e-17  1.45120e-18
       8199.9600  1.78314e-17  1.48321e-18
       8203.3233  1.69467e-17  1.43853e-18
       8206.6867  1.58309e-17  1.40584e-18
       8210.0501  1.27566e-17  1.36336e-18
       8213.4135  1.03896e-17  1.31876e-18
       8216.7768  1.10029e-17  1.32637e-18
       8220.1402  1.16023e-17  1.33516e-18
       8223.5036  1.10823e-17  1.30981e-18
       8226.8669  9.10595e-18  1.28644e-18
       8230.2303  1.18708e-17  1.30966e-18
       8233.5937  1.29864e-17  1.34379e-18
       8236.9571  1.07092e-17  1.32746e-18
       8240.3204  1.11262e-17  1.33735e-18
       8243.6838  1.31257e-17  1.37695e-18
       8247.0472  1.27360e-17  1.38745e-18
       8250.4105  1.38451e-17  1.40676e-18
       8253.7739  1.61538e-17  1.42628e-18
       8257.1373  1.48948e-17  1.39631e-18
       8260.5006  1.45470e-17  1.39136e-18
       8263.8640  1.58595e-17  1.40462e-18
       8267.2274  1.74523e-17  1.45194e-18
       8270.5908  1.90677e-17  1.61442e-18
       8273.9541  2.03137e-17  1.80481e-18
       8277.3175  2.03990e-17  1.96627e-18
       8280.6809  2.07843e-17  2.15405e-18
       8284.0442  1.81303e-17  2.20882e-18
       8287.4076  1.45714e-17  2.20416e-18
       8290.7710  1.55092e-17  2.31426e-18
       8294.1344  1.69811e-17  2.27631e-18
       8297.4977  1.54253e-17  2.09625e-18
       8300.8611  9.42957e-18  2.02595e-18
       8304.2245  1.47311e-17  1.99921e-18
       8307.5878  1.40510e-17  1.68139e-18
       8310.9512  1.17032e-17  1.53043e-18
       8314.3146  9.88414e-18  1.51175e-18
       8317.6779  8.08259e-18  1.40221e-18
       8321.0413  7.58913e-18  1.29923e-18
       8324.4047  6.28311e-18  1.26544e-18
       8327.7681  6.67742e-18  1.26666e-18
       8331.1314  1.12301e-17  1.42419e-18
       8334.4948  9.37793e-18  1.87578e-18
       8337.8582  5.86299e-18  2.38029e-18
       8341.2215  1.03014e-17  2.57034e-18
       8344.5849  1.13346e-17  2.70282e-18
       8347.9483  6.42738e-18  2.72326e-18
       8351.3117  8.19275e-18  2.34270e-18
       8354.6750  8.25379e-18  1.93652e-18
       8358.0384  6.15426e-18  1.81350e-18
       8361.4018  1.26324e-17  1.68106e-18
       8364.7651  1.08688e-17  1.55011e-18
       8368.1285  9.28384e-18  1.51313e-18
       8371.4919  1.10046e-17  1.55072e-18
       8374.8552  1.01550e-17  1.65686e-18
       8378.2186  9.67366e-18  1.66735e-18
       8381.5820  1.08974e-17  1.68848e-18
       8384.9454  1.09420e-17  1.68522e-18
       8388.3087  1.12166e-17  1.85981e-18
       8391.6721  1.08969e-17  2.18153e-18
       8395.0355  8.73780e-18  2.26425e-18
       8398.3988  9.58020e-18  2.26391e-18
       8401.7622  1.08570e-17  2.28105e-18
       8405.1256  1.34945e-17  2.20219e-18
       8408.4890  1.24151e-17  1.86078e-18
       8411.8523  1.40649e-17  1.75309e-18
       8415.2157  1.11554e-17  1.74160e-18
       8418.5791  1.30107e-17  1.96891e-18
       8421.9424  1.69385e-17  2.31501e-18
       8425.3058  1.58229e-17  2.42087e-18
       8428.6692  1.72707e-17  2.40284e-18
       8432.0326  1.73502e-17  2.39637e-18
       8435.3959  1.46690e-17  2.24305e-18
       8438.7593  1.49107e-17  1.70602e-18
       8442.1227  1.63917e-17  1.61216e-18
       8445.4860  2.01989e-17  1.76953e-18
       8448.8494  2.01464e-17  1.80410e-18
       8452.2128  1.70562e-17  1.78429e-18
       8455.5761  1.77577e-17  2.04705e-18
       8458.9395  1.85554e-17  2.27791e-18
       8462.3029  1.73714e-17  2.16418e-18
       8465.6663  1.95399e-17  2.18498e-18
       8469.0296  1.75178e-17  2.13391e-18
       8472.3930  1.80784e-17  1.88002e-18
       8475.7564  1.88894e-17  1.57117e-18
       8479.1197  1.83853e-17  1.49860e-18
       8482.4831  1.90014e-17  1.56819e-18
       8485.8465  1.82520e-17  1.64712e-18
       8489.2099  1.66106e-17  1.66015e-18
       8492.5732  1.72001e-17  1.71061e-18
       8495.9366  1.85544e-17  1.91078e-18
       8499.3000  1.79075e-17  2.00362e-18
       8502.6633  1.63080e-17  1.89866e-18
       8506.0267  1.94953e-17  1.91000e-18
       8509.3901  2.05765e-17  1.87148e-18
       8512.7534  2.10812e-17  1.67219e-18
       8516.1168  2.31658e-17  1.57943e-18
       8519.4802  2.63633e-17  1.61100e-18
       8522.8436  2.50658e-17  1.60142e-18
       8526.2069  2.17956e-17  1.57814e-18
       8529.5703  2.38964e-17  1.63060e-18
       8532.9337  2.60010e-17  1.68939e-18
       8536.2970  2.64439e-17  1.70515e-18
       8539.6604  2.74140e-17  1.81141e-18
       8543.0238  2.83921e-17  1.86249e-18
       8546.3872  3.07829e-17  1.87578e-18
       8549.7505  3.11542e-17  1.87091e-18
       8553.1139  3.13454e-17  1.83961e-18
       8556.4773  3.25306e-17  1.76286e-18
       8559.8406  3.30880e-17  1.71576e-18
       8563.2040  3.49447e-17  1.76119e-18
       8566.5674  3.74488e-17  1.78983e-18
       8569.9307  3.76111e-17  1.81587e-18
       8573.2941  4.00935e-17  1.83666e-18
       8576.6575  4.14318e-17  1.86475e-18
       8580.0209  4.29377e-17  1.90775e-18
       8583.3842  4.29285e-17  1.92127e-18
       8586.7476  4.53536e-17  1.97377e-18
       8590.1110  4.83877e-17  2.03057e-18
       8593.4743  4.74365e-17  2.01283e-18
       8596.8377  4.97451e-17  2.02602e-18
       8600.2011  5.56591e-17  2.07792e-18
       8603.5645  5.54759e-17  2.07599e-18
       8606.9278  5.67401e-17  2.09119e-18
       8610.2912  5.65415e-17  2.09398e-18
       8613.6546  6.31836e-17  2.20740e-18
       8617.0179  6.52741e-17  2.30875e-18
       8620.3813  6.52103e-17  2.38015e-18
       8623.7447  7.15782e-17  2.49030e-18
       8627.1080  7.38484e-17  2.54321e-18
       8630.4714  7.29209e-17  2.54273e-18
       8633.8348  8.03008e-17  2.58156e-18
       8637.1982  7.99666e-17  2.52931e-18
       8640.5615  8.32644e-17  2.54341e-18
       8643.9249  8.61721e-17  2.58731e-18
       8647.2883  9.02341e-17  2.66207e-18
       8650.6516  9.51961e-17  2.74736e-18
       8654.0150  9.95993e-17  2.81716e-18
       8657.3784  9.99193e-17  2.83101e-18
       8660.7418  9.90951e-17  2.80451e-18
       8664.1051  1.08868e-16  2.85613e-18
       8667.4685  1.17819e-16  2.90428e-18
       8670.8319  1.20214e-16  2.89077e-18
       8674.1952  1.24486e-16  2.87728e-18
       8677.5586  1.19110e-16  2.81387e-18
       8680.9220  1.21106e-16  2.80860e-18
       8684.2853  1.32296e-16  2.87436e-18
       8687.6487  1.35545e-16  2.88815e-18
       8691.0121  1.35476e-16  2.89040e-18
       8694.3755  1.43815e-16  2.97304e-18
       8697.7388  1.49897e-16  3.01988e-18
       8701.1022  1.46653e-16  3.00395e-18
       8704.4656  1.47507e-16  3.01317e-18
       8707.8289  1.51151e-16  3.03071e-18
       8711.1923  1.54765e-16  3.05753e-18
       8714.5557  1.59080e-16  3.08352e-18
       8717.9191  1.63867e-16  3.11518e-18
       8721.2824  1.66582e-16  3.13755e-18
       8724.6458  1.68481e-16  3.14444e-18
       8728.0092  1.74507e-16  3.19092e-18
       8731.3725  1.80245e-16  3.23872e-18
       8734.7359  1.77664e-16  3.22231e-18
       8738.0993  1.81138e-16  3.25360e-18
       8741.4627  1.92331e-16  3.33167e-18
       8744.8260  1.95748e-16  3.36025e-18
       8748.1894  1.92047e-16  3.37920e-18
       8751.5528  1.92577e-16  3.52766e-18
       8754.9161  1.92792e-16  3.73174e-18
       8758.2795  1.89423e-16  3.89695e-18
       8761.6429  1.95051e-16  4.12508e-18
       8765.0062  1.99092e-16  4.16692e-18
       8768.3696  2.03526e-16  4.23718e-18
       8771.7330  2.05764e-16  4.28335e-18
       8775.0964  2.03210e-16  4.13462e-18
       8778.4597  2.02641e-16  3.98532e-18
       8781.8231  2.06602e-16  3.98545e-18
       8785.1865  2.10492e-16  3.89291e-18
       8788.5498  2.07333e-16  3.64355e-18
       8791.9132  2.00025e-16  3.56686e-18
       8795.2766  2.07916e-16  3.60278e-18
       8798.6400  2.09874e-16  3.55219e-18
       8802.0033  2.09356e-16  3.49726e-18
       8805.3667  2.07966e-16  3.46538e-18
       8808.7301  2.02557e-16  3.42711e-18
       8812.0934  1.95684e-16  3.39229e-18
       8815.4568  1.97611e-16  3.61582e-18
       8818.8202  2.00290e-16  4.08131e-18
       8822.1835  1.87818e-16  4.30191e-18
       8825.5469  1.78835e-16  4.34208e-18
       8828.9103  1.73673e-16  4.46768e-18
       8832.2737  1.77606e-16  4.40509e-18
       8835.6370  1.83763e-16  3.98707e-18
       8839.0004  1.80132e-16  3.72014e-18
       8842.3638  1.77849e-16  3.64082e-18
       8845.7271  1.75300e-16  3.46941e-18
       8849.0905  1.68548e-16  3.32255e-18
       8852.4539  1.69147e-16  3.32482e-18
       8855.8173  1.66456e-16  3.31980e-18
       8859.1806  1.64670e-16  3.36788e-18
       8862.5440  1.63459e-16  3.41074e-18
       8865.9074  1.59084e-16  3.38920e-18
       8869.2707  1.65940e-16  3.42985e-18
       8872.6341  1.65392e-16  3.39585e-18
       8875.9975  1.55851e-16  3.48634e-18
       8879.3608  1.54890e-16  3.75765e-18
       8882.7242  1.57413e-16  3.83232e-18
       8886.0876  1.58344e-16  3.84209e-18
       8889.4510  1.53121e-16  3.79690e-18
       8892.8143  1.55795e-16  3.65492e-18
       8896.1777  1.59411e-16  3.49684e-18
       8899.5411  1.53183e-16  3.38957e-18
       8902.9044  1.44946e-16  3.34720e-18
       8906.2678  1.43897e-16  3.33369e-18
       8909.6312  1.47793e-16  3.50690e-18
       8912.9946  1.48061e-16  3.81209e-18
       8916.3579  1.41395e-16  3.82794e-18
       8919.7213  1.38690e-16  3.81542e-18
       8923.0847  1.39834e-16  3.79188e-18
       8926.4480  1.36825e-16  3.52926e-18
       8929.8114  1.27639e-16  3.05195e-18
       8933.1748  1.24123e-16  2.92438e-18
       8936.5381  1.26019e-16  3.07788e-18
       8939.9015  1.24926e-16  3.11562e-18
       8943.2649  1.20981e-16  3.08175e-18
       8946.6283  1.16941e-16  3.11880e-18
       8949.9916  1.15177e-16  3.32286e-18
       8953.3550  1.11685e-16  3.35498e-18
       8956.7184  1.06285e-16  3.29865e-18
       8960.0817  1.03469e-16  3.28672e-18
       8963.4451  9.97913e-17  3.17254e-18
       8966.8085  9.82785e-17  2.85304e-18
       8970.1719  9.58472e-17  2.56969e-18
       8973.5352  9.10020e-17  2.53319e-18
       8976.8986  9.32504e-17  2.58207e-18
       8980.2620  8.82279e-17  2.60265e-18
       8983.6253  8.38821e-17  2.60117e-18
       8986.9887  7.82422e-17  2.57596e-18
       8990.3521  7.49193e-17  2.60422e-18
       8993.7155  7.94862e-17  2.78698e-18
       8997.0788  8.26173e-17  2.86733e-18
       9000.4422  7.64224e-17  2.75327e-18
       9003.8056  6.89727e-17  2.67139e-18
       9007.1689  6.70778e-17  2.55884e-18
       9010.5323  6.70181e-17  2.35435e-18
       9013.8957  6.64390e-17  2.24399e-18
       9017.2590  6.59622e-17  2.21115e-18
       9020.6224  6.61448e-17  2.21014e-18
       9023.9858  6.55822e-17  2.22116e-18
       9027.3492  6.67031e-17  2.25710e-18
       9030.7125  6.66297e-17  2.30058e-18
       9034.0759  6.29648e-17  2.31343e-18
       9037.4393  6.30157e-17  2.32907e-18
       9040.8026  6.16048e-17  2.37977e-18
       9044.1660  5.98863e-17  2.44449e-18
       9047.5294  6.21133e-17  2.42188e-18
       9050.8928  5.62701e-17  2.34717e-18
       9054.2561  5.54934e-17  2.32194e-18
       9057.6195  5.87564e-17  2.26271e-18
       9060.9829  5.62752e-17  2.15304e-18
       9064.3462  5.53902e-17  2.11774e-18
       9067.7096  5.35780e-17  2.09744e-18
       9071.0730  5.11218e-17  2.06816e-18
       9074.4363  5.35906e-17  2.07594e-18
       9077.7997  5.15748e-17  2.05353e-18
       9081.1631  5.37533e-17  2.08648e-18
       9084.5265  5.23970e-17  2.08828e-18
       9087.8898  4.95508e-17  2.08435e-18
       9091.2532  5.09085e-17  2.11760e-18
       9094.6166  4.81332e-17  2.10544e-18
       9097.9799  4.85562e-17  2.14796e-18
       9101.3433  5.00037e-17  2.16320e-18
       9104.7067  4.86577e-17  2.11819e-18
       9108.0701  4.87753e-17  2.08355e-18
       9111.4334  4.71474e-17  2.01868e-18
       9114.7968  4.52152e-17  1.96310e-18
       9118.1602  4.41215e-17  1.94653e-18
       9121.5235  4.32675e-17  1.93719e-18
       9124.8869  4.63157e-17  1.96739e-18
       9128.2503  4.86817e-17  2.00422e-18
       9131.6136  4.32284e-17  1.94495e-18
       9134.9770  4.28505e-17  1.93296e-18
       9138.3404  4.36594e-17  1.94516e-18
       9141.7038  4.52222e-17  1.98206e-18
       9145.0671  4.59630e-17  2.00740e-18
       9148.4305  4.28683e-17  1.98159e-18
       9151.7939  4.03455e-17  1.97528e-18
       9155.1572  4.14324e-17  2.02054e-18
       9158.5206  4.21598e-17  2.03476e-18
       9161.8840  4.57581e-17  2.06409e-18
       9165.2474  4.72646e-17  2.05162e-18
       9168.6107  4.41986e-17  1.97338e-18
       9171.9741  3.90318e-17  1.88411e-18
       9175.3375  3.64194e-17  1.84040e-18
       9178.7008  3.83031e-17  1.85839e-18
       9182.0642  4.00296e-17  1.89415e-18
       9185.4276  3.89996e-17  1.90095e-18
       9188.7909  4.23802e-17  1.93429e-18
       9192.1543  4.14364e-17  1.91029e-18
       9195.5177  4.10907e-17  1.89958e-18
       9198.8811  4.18138e-17  1.91758e-18
       9202.2444  4.12697e-17  1.92267e-18
       9205.6078  4.13461e-17  1.93802e-18
       9208.9712  4.20813e-17  1.96424e-18
       9212.3345  4.00743e-17  1.94336e-18
       9215.6979  3.76526e-17  1.93392e-18
       9219.0613  3.84977e-17  1.97809e-18
       9222.4247  3.76902e-17  1.96309e-18
       9225.7880  3.93155e-17  1.98060e-18
       9229.1514  3.71725e-17  1.93238e-18
       9232.5148  3.51772e-17  1.87660e-18
       9235.8781  3.70515e-17  1.88819e-18
       9239.2415  3.61652e-17  1.86836e-18
       9242.6049  3.50214e-17  1.85401e-18
       9245.9682  3.31971e-17  1.83842e-18
       9249.3316  3.59891e-17  1.89002e-18
       9252.6950  3.45740e-17  1.85906e-18
       9256.0584  3.16224e-17  1.80951e-18
       9259.4217  3.32685e-17  1.83115e-18
       9262.7851  3.55484e-17  1.85210e-18
       9266.1485  3.39613e-17  1.82822e-18
       9269.5118  3.23779e-17  1.81355e-18
       9272.8752  3.19139e-17  1.78327e-18
       9276.2386  2.75229e-17  1.72409e-18
       9279.6020  2.62373e-17  1.72293e-18
       9282.9653  2.54785e-17  1.70458e-18
       9286.3287  2.42233e-17  1.68968e-18
       9289.6921  2.65650e-17  1.75058e-18
       9293.0554  2.90105e-17  1.79450e-18
       9296.4188  2.61806e-17  1.82543e-18
       9299.7822  2.47154e-17  2.08612e-18
       9303.1456  2.69499e-17  2.47833e-18
       9306.5089  2.76156e-17  2.89350e-18
       9309.8723  3.03661e-17  3.13601e-18
       9313.2357  2.69915e-17  3.13561e-18
       9316.5990  2.42240e-17  3.16162e-18
       9319.9624  2.37794e-17  3.13285e-18
       9323.3258  1.85573e-17  2.80561e-18
       9326.6891  1.93575e-17  2.53788e-18
       9330.0525  2.58782e-17  2.51360e-18
       9333.4159  2.29747e-17  2.25912e-18
       9336.7793  1.64005e-17  1.88346e-18
       9340.1426  1.75455e-17  1.78987e-18
       9343.5060  1.93334e-17  1.82138e-18
       9346.8694  1.84174e-17  1.74009e-18
       9350.2327  2.16840e-17  1.67500e-18
       9353.5961  2.48213e-17  1.69044e-18
       9356.9595  2.01579e-17  1.63325e-18
       9360.3229  1.83732e-17  1.60896e-18
       9363.6862  2.04297e-17  1.70550e-18
       9367.0496  2.64252e-17  2.17373e-18
       9370.4130  2.64916e-17  2.93796e-18
       9373.7763  2.17613e-17  3.34820e-18
       9377.1397  2.00804e-17  3.32183e-18
       9380.5031  2.22735e-17  3.34436e-18
       9383.8664  2.87885e-17  3.12316e-18
       9387.2298  3.04445e-17  2.47619e-18
       9390.5932  2.73253e-17  1.97983e-18
       9393.9566  2.97321e-17  1.96639e-18
       9397.3199  3.37549e-17  2.10980e-18
       9400.6833  3.27672e-17  2.12064e-18
       9404.0467  3.00455e-17  2.06738e-18
       9407.4100  3.02045e-17  2.05708e-18
       9410.7734  3.26523e-17  2.10246e-18
       9414.1368  3.57718e-17  2.23273e-18
       9417.5002  3.25966e-17  2.27679e-18
       9420.8635  2.91366e-17  2.25951e-18
       9424.2269  3.08782e-17  2.27979e-18
       9427.5903  2.99925e-17  2.20478e-18
       9430.9536  2.63083e-17  2.18620e-18
       9434.3170  2.65852e-17  2.50255e-18
       9437.6804  2.53283e-17  2.82296e-18
       9441.0437  2.14579e-17  2.82163e-18
       9444.4071  2.00140e-17  2.79917e-18
       9447.7705  2.51573e-17  2.73457e-18
       9451.1339  2.72936e-17  2.42881e-18
       9454.4972  2.81597e-17  2.27044e-18
       9457.8606  2.88470e-17  2.32282e-18
       9461.2240  2.46840e-17  2.25780e-18
       9464.5873  2.21439e-17  2.20568e-18
       9467.9507  2.49846e-17  2.23301e-18
       9471.3141  2.70819e-17  2.51924e-18
       9474.6775  2.16323e-17  2.69842e-18
       9478.0408  2.44427e-17  2.76115e-18
       9481.4042  2.48701e-17  2.74057e-18
       9484.7676  2.14582e-17  2.61850e-18
       9488.1309  2.38273e-17  2.28670e-18
       9491.4943  2.22861e-17  1.81871e-18
       9494.8577  2.62578e-17  1.85818e-18
       9498.2210  2.47063e-17  2.06853e-18
       9501.5844  1.97493e-17  2.10413e-18
       9504.9478  2.19914e-17  2.13048e-18
       9508.3112  2.52938e-17  2.17548e-18
       9511.6745  2.42854e-17  2.19223e-18
       9515.0379  2.38920e-17  2.23305e-18
       9518.4013  2.36226e-17  2.26422e-18
       9521.7646  2.08979e-17  2.24855e-18
       9525.1280  1.80816e-17  2.16448e-18
       9528.4914  2.20595e-17  2.13784e-18
       9531.8548  2.58220e-17  2.00194e-18
       9535.2181  2.43862e-17  1.81904e-18
       9538.5815  2.22080e-17  1.75875e-18
       9541.9449  2.31157e-17  1.77472e-18
       9545.3082  2.45796e-17  1.82171e-18
       9548.6716  2.40603e-17  1.93943e-18
       9552.0350  2.51482e-17  2.01843e-18
       9555.3984  2.11343e-17  1.98612e-18
       9558.7617  2.36510e-17  2.05959e-18
       9562.1251  2.56001e-17  2.24118e-18
       9565.4885  2.08712e-17  2.32714e-18
       9568.8518  2.15641e-17  2.32387e-18
       9572.2152  2.49068e-17  2.33975e-18
       9575.5786  2.05010e-17  2.23513e-18
       9578.9419  2.08903e-17  2.01798e-18
       9582.3053  2.34190e-17  1.79521e-18
       9585.6687  2.29002e-17  1.68651e-18
       9589.0321  2.20006e-17  1.68530e-18
       9592.3954  2.31475e-17  1.72272e-18
       9595.7588  2.35728e-17  1.74238e-18
       9599.1222  2.20036e-17  1.71889e-18
       9602.4855  2.11406e-17  1.73678e-18
       9605.8489  2.02121e-17  1.77339e-18
       9609.2123  2.21960e-17  1.84433e-18
       9612.5757  2.46176e-17  1.91640e-18
       9615.9390  2.37536e-17  1.96199e-18
       9619.3024  2.17973e-17  1.97385e-18
       9622.6658  2.15654e-17  1.94400e-18
       9626.0291  2.14496e-17  1.91399e-18
       9629.3925  2.23581e-17  1.91227e-18
       9632.7559  2.04711e-17  1.84208e-18
       9636.1192  2.18681e-17  1.77285e-18
       9639.4826  2.03308e-17  1.67790e-18
       9642.8460  1.84368e-17  1.63164e-18
       9646.2094  1.98247e-17  1.65925e-18
       9649.5727  1.81502e-17  1.64950e-18
       9652.9361  2.13341e-17  1.72562e-18
       9656.2995  2.36893e-17  1.78429e-18
       9659.6628  2.60641e-17  1.82860e-18
       9663.0262  2.30249e-17  1.83342e-18
       9666.3896  1.87817e-17  1.83880e-18
       9669.7530  1.70885e-17  1.84255e-18
       9673.1163  1.72724e-17  1.86462e-18
       9676.4797  1.95487e-17  1.97173e-18
       9679.8431  1.66247e-17  2.01609e-18
       9683.2064  1.91971e-17  2.09588e-18
       9686.5698  1.93816e-17  2.11261e-18
       9689.9332  2.08998e-17  2.13156e-18
       9693.2965  2.12670e-17  2.11883e-18
       9696.6599  2.08234e-17  2.14572e-18
       9700.0233  2.31366e-17  2.24491e-18
       9703.3867  1.84129e-17  2.13749e-18
