       9377.4736  1.44612e-16  3.16223e-18
       9384.4055  1.61685e-16  3.08347e-18
       9391.3374  1.53841e-16  2.99165e-18
       9398.2693  1.45949e-16  3.05384e-18
       9405.2011  1.69646e-16  3.20074e-18
       9412.1330  1.49822e-16  3.11410e-18
       9419.0649  1.53245e-16  3.81808e-18
       9425.9968  1.58093e-16  3.30892e-18
       9432.9286  1.34977e-16  3.62793e-18
       9439.8605  1.58488e-16  3.08980e-18
       9446.7924  1.45950e-16  3.21852e-18
       9453.7243  1.51947e-16  3.26913e-18
       9460.6561  1.47248e-16  3.09964e-18
       9467.5880  1.60932e-16  3.69113e-18
       9474.5199  1.37472e-16  2.90469e-18
       9481.4518  1.58006e-16  3.17121e-18
       9488.3837  1.26963e-16  3.29050e-18
       9495.3155  1.43517e-16  2.84498e-18
       9502.2474  1.58619e-16  3.09316e-18
       9509.1793  1.56494e-16  3.17486e-18
       9516.1112  1.42000e-16  2.98344e-18
       9523.0430  1.53389e-16  3.01155e-18
       9529.9749  1.60364e-16  3.10799e-18
       9536.9068  1.53791e-16  3.07080e-18
       9543.8387  1.34144e-16  2.91072e-18
       9550.7705  1.54276e-16  2.98602e-18
       9557.7024  1.50198e-16  3.02211e-18
       9564.6343  1.60457e-16  2.98307e-18
       9571.5662  1.69110e-16  3.00793e-18
       9578.4980  1.88961e-16  3.27139e-18
       9585.4299  1.61998e-16  3.10721e-18
       9592.3618  1.48898e-16  3.06373e-18
       9599.2937  1.55930e-16  2.84466e-18
       9606.2255  1.57796e-16  2.93711e-18
       9613.1574  1.56428e-16  2.95139e-18
       9620.0893  1.42989e-16  3.27483e-18
       9627.0212  1.54454e-16  2.99360e-18
       9633.9531  1.51163e-16  2.76353e-18
       9640.8849  1.53367e-16  2.77011e-18
       9647.8168  1.48735e-16  2.85520e-18
       9654.7487  1.43974e-16  2.66534e-18
       9661.6806  1.58080e-16  3.26539e-18
       9668.6124  1.60246e-16  2.74561e-18
       9675.5443  1.43192e-16  2.87425e-18
       9682.4762  1.55457e-16  2.58727e-18
       9689.4081  1.45809e-16  2.56134e-18
       9696.3399  1.51355e-16  2.60426e-18
       9703.2718  1.51652e-16  2.60999e-18
       9710.2037  1.53844e-16  2.49150e-18
       9717.1356  1.51783e-16  2.56270e-18
       9724.0674  1.48323e-16  2.59294e-18
       9730.9993  1.32617e-16  2.51044e-18
       9737.9312  1.52644e-16  2.56078e-18
       9744.8631  1.51571e-16  2.91423e-18
       9751.7949  1.43858e-16  2.44590e-18
       9758.7268  1.41310e-16  2.52084e-18
       9765.6587  1.25489e-16  2.41365e-18
       9772.5906  1.21598e-16  2.56983e-18
       9779.5225  1.32449e-16  2.34938e-18
       9786.4543  1.24094e-16  2.38985e-18
       9793.3862  1.23700e-16  2.35011e-18
       9800.3181  1.25150e-16  2.46522e-18
       9807.2500  1.17690e-16  2.25441e-18
       9814.1818  1.17416e-16  2.18916e-18
       9821.1137  1.09283e-16  2.21076e-18
       9828.0456  1.12072e-16  2.30259e-18
       9834.9775  1.07551e-16  2.17076e-18
       9841.9093  1.19467e-16  2.19384e-18
       9848.8412  1.15157e-16  2.11946e-18
       9855.7731  1.05103e-16  2.03578e-18
       9862.7050  1.08912e-16  2.27572e-18
       9869.6368  9.56165e-17  2.01841e-18
       9876.5687  1.04609e-16  2.12635e-18
       9883.5006  9.65481e-17  2.16588e-18
       9890.4325  1.23718e-16  3.26981e-18
       9897.3643  1.02231e-16  2.08584e-18
       9904.2962  1.15670e-16  2.20369e-18
       9911.2281  1.09829e-16  2.45003e-18
       9918.1600  1.09908e-16  2.27946e-18
       9925.0919  9.39720e-17  2.30703e-18
       9932.0237  8.72046e-17  2.05523e-18
       9938.9556  1.08714e-16  2.10885e-18
       9945.8875  9.78207e-17  2.00898e-18
       9952.8194  9.95899e-17  1.94386e-18
       9959.7512  1.05356e-16  2.22791e-18
       9966.6831  8.98342e-17  2.24813e-18
       9973.6150  9.61225e-17  2.03210e-18
       9980.5469  9.69085e-17  2.17273e-18
       9987.4787  9.92593e-17  2.08983e-18
       9994.4106  1.12204e-16  2.12820e-18
       10001.342  1.01455e-16  2.35608e-18
       10008.274  9.39389e-17  2.07502e-18
       10015.206  9.57972e-17  2.08323e-18
       10022.138  9.46496e-17  2.08017e-18
       10029.070  1.05377e-16  2.33113e-18
       10036.002  1.10099e-16  2.12715e-18
       10042.934  1.15772e-16  2.23685e-18
       10049.866  9.84759e-17  2.05805e-18
       10056.797  8.87835e-17  2.09039e-18
       10063.729  1.02597e-16  2.01767e-18
       10070.661  8.16851e-17  2.30025e-18
       10077.593  9.82906e-17  2.06373e-18
       10084.525  8.84458e-17  1.93595e-18
       10091.457  9.56709e-17  1.91674e-18
       10098.389  7.97563e-17  1.81404e-18
       10105.321  8.50882e-17  1.95803e-18
       10112.253  9.14997e-17  1.94853e-18
       10119.184  8.32739e-17  1.82901e-18
       10126.116  7.99518e-17  1.97055e-18
       10133.048  9.56300e-17  2.74365e-18
       10139.980  7.29939e-17  1.73581e-18
       10146.912  1.05528e-16  2.68426e-18
       10153.844  8.21140e-17  1.90306e-18
       10160.776  7.61126e-17  2.03583e-18
       10167.708  8.17153e-17  1.82173e-18
       10174.639  7.07381e-17  2.15213e-18
       10181.571  7.37902e-17  1.90611e-18
       10188.503  6.64823e-17  1.76715e-18
       10195.435  6.20363e-17  1.57380e-18
       10202.367  6.25917e-17  1.72113e-18
       10209.299  5.88645e-17  1.58107e-18
       10216.231  5.77904e-17  1.62180e-18
       10223.163  5.06952e-17  1.48293e-18
       10230.094  4.89889e-17  1.40381e-18
       10237.026  4.97452e-17  1.54534e-18
       10243.958  5.00411e-17  1.93465e-18
       10250.890  4.55585e-17  1.66744e-18
       10257.822  4.31487e-17  1.46557e-18
       10264.754  1.52403e-17  1.58600e-18
       10271.686  2.16417e-17  1.20239e-18
       10278.618  1.76297e-17  1.28111e-18
       10285.549  2.64449e-17  1.61146e-18
       10292.481  2.35375e-17  1.27654e-18
       10299.413  3.68539e-17  1.37479e-18
       10306.345  4.03240e-17  1.51524e-18
       10313.277  3.82401e-17  1.52904e-18
       10320.209  3.20001e-17  1.81807e-18
       10327.141  4.16200e-17  1.38869e-18
       10334.073  4.71344e-17  1.41912e-18
       10341.004  5.15891e-17  1.52902e-18
       10347.936  4.50539e-17  1.48288e-18
       10354.868  5.54230e-17  1.58762e-18
       10361.800  6.59869e-17  1.64681e-18
       10368.732  5.74544e-17  1.54675e-18
       10375.664  6.12868e-17  1.70244e-18
       10382.596  8.26411e-17  1.76854e-18
       10389.528  8.26733e-17  1.73043e-18
       10396.459  8.68910e-17  1.81342e-18
       10403.391  1.02924e-16  2.31947e-18
       10410.323  9.73053e-17  1.96924e-18
       10417.255  9.84571e-17  2.12195e-18
       10424.187  1.05868e-16  1.90361e-18
       10431.119  1.03380e-16  2.11467e-18
       10438.051  1.03972e-16  1.95265e-18
       10444.983  1.03237e-16  1.94135e-18
       10451.914  1.06401e-16  2.18405e-18
       10458.846  9.32896e-17  1.79380e-18
       10465.778  9.84011e-17  1.83911e-18
       10472.710  1.05036e-16  1.88715e-18
       10479.642  1.12181e-16  1.96779e-18
       10486.574  1.13468e-16  1.97957e-18
       10493.506  1.05637e-16  1.93415e-18
       10500.438  1.14786e-16  2.02804e-18
       10507.369  1.20021e-16  1.99869e-18
       10514.301  1.18392e-16  1.96161e-18
       10521.233  1.29106e-16  2.05595e-18
       10528.165  1.32973e-16  2.12445e-18
       10535.097  1.16418e-16  1.93853e-18
       10542.029  1.23796e-16  1.96237e-18
       10548.961  1.20832e-16  2.03785e-18
       10555.893  1.31186e-16  2.09612e-18
       10562.824  1.19351e-16  1.97592e-18
       10569.756  1.27497e-16  2.01354e-18
       10576.688  1.34313e-16  2.07781e-18
       10583.620  1.26635e-16  2.17649e-18
       10590.552  1.29431e-16  2.03167e-18
       10597.484  1.34051e-16  2.12478e-18
       10604.416  1.22641e-16  1.97571e-18
       10611.348  1.17185e-16  1.93241e-18
       10618.279  1.06400e-16  1.82001e-18
       10625.211  1.07421e-16  1.82191e-18
       10632.143  1.09109e-16  1.87812e-18
       10639.075  1.12167e-16  1.90115e-18
       10646.007  1.09359e-16  2.01010e-18
       10652.939  1.04066e-16  1.82295e-18
       10659.871  1.01283e-16  1.94332e-18
       10666.803  1.05912e-16  1.81223e-18
       10673.734  1.00691e-16  1.78875e-18
       10680.666  9.31090e-17  1.78255e-18
       10687.598  8.67884e-17  1.75440e-18
       10694.530  9.45932e-17  1.75547e-18
       10701.462  8.80359e-17  1.65643e-18
       10708.394  1.00352e-16  1.74811e-18
       10715.326  9.45149e-17  1.80882e-18
       10722.258  9.52860e-17  1.75089e-18
       10729.189  9.86398e-17  1.82719e-18
       10736.121  1.01148e-16  1.75271e-18
       10743.053  9.33571e-17  1.68451e-18
       10749.985  1.04385e-16  1.80933e-18
       10756.917  1.05665e-16  1.84833e-18
       10763.849  9.72642e-17  1.75915e-18
       10770.781  9.50008e-17  1.76963e-18
       10777.713  9.95673e-17  1.77506e-18
       10784.644  1.08198e-16  1.88765e-18
       10791.576  1.05692e-16  1.82201e-18
       10798.508  9.91292e-17  1.71861e-18
       10805.440  9.96964e-17  1.91820e-18
       10812.372  1.00079e-16  1.75037e-18
       10819.304  1.06710e-16  1.78805e-18
       10826.236  1.05062e-16  1.88941e-18
       10833.168  1.03233e-16  1.71574e-18
       10840.100  1.08262e-16  1.82281e-18
       10847.031  1.10067e-16  1.83842e-18
       10853.963  1.12941e-16  1.93248e-18
       10860.895  1.12343e-16  1.89112e-18
       10867.827  1.15365e-16  1.88071e-18
       10874.759  1.07051e-16  1.80793e-18
       10881.691  1.17721e-16  1.83222e-18
       10888.623  1.12272e-16  1.83269e-18
       10895.555  1.14435e-16  1.94281e-18
       10902.486  1.20702e-16  1.95645e-18
       10909.418  1.19835e-16  1.94564e-18
       10916.350  1.18798e-16  1.88005e-18
       10923.282  1.21838e-16  1.92861e-18
       10930.214  1.17640e-16  1.88214e-18
       10937.146  1.16698e-16  1.90567e-18
       10944.078  1.16858e-16  1.81468e-18
       10951.010  1.14767e-16  1.87642e-18
       10957.941  1.05611e-16  1.74177e-18
       10964.873  1.19921e-16  1.89349e-18
       10971.805  1.12031e-16  1.84137e-18
       10978.737  1.22710e-16  1.89482e-18
       10985.669  1.13289e-16  1.85529e-18
       10992.601  9.91363e-17  1.74168e-18
       10999.533  1.07384e-16  1.77932e-18
       11006.465  1.13896e-16  1.89369e-18
       11013.396  1.08397e-16  1.85768e-18
       11020.328  1.05125e-16  2.09592e-18
       11027.260  1.13987e-16  1.86164e-18
       11034.192  1.12146e-16  1.92808e-18
       11041.124  1.13530e-16  1.90266e-18
       11048.056  9.56918e-17  2.24644e-18
       11054.988  1.09142e-16  1.85724e-18
       11061.920  1.05243e-16  1.80074e-18
       11068.851  1.10821e-16  1.86339e-18
       11075.783  1.06858e-16  1.86655e-18
       11082.715  1.10568e-16  1.89517e-18
       11089.647  9.84551e-17  1.88083e-18
       11096.579  1.01598e-16  1.91262e-18
       11103.511  1.08016e-16  1.87546e-18
       11110.443  1.11664e-16  1.96929e-18
       11117.375  1.10240e-16  2.01667e-18
       11124.306  1.08889e-16  2.02405e-18
       11131.238  1.03136e-16  2.14521e-18
       11138.170  1.19146e-16  2.09276e-18
       11145.102  1.15349e-16  2.23404e-18
       11152.034  1.20799e-16  2.40445e-18
       11158.966  8.90465e-17  2.56309e-18
       11165.898  9.84614e-17  2.04083e-18
       11172.830  1.07362e-16  2.12860e-18
       11179.761  1.04455e-16  2.26382e-18
       11186.693  9.89258e-17  2.26412e-18
       11193.625  1.04351e-16  2.12386e-18
       11200.557  1.12752e-16  2.45697e-18
       11207.489  1.05241e-16  2.49450e-18
       11214.421  9.42393e-17  2.35736e-18
       11221.353  8.33822e-17  2.19795e-18
       11228.285  9.40922e-17  2.06548e-18
       11235.216  1.10970e-16  2.42193e-18
       11242.148  1.08335e-16  2.50138e-18
       11249.080  9.03467e-17  2.15961e-18
       11256.012  9.48711e-17  2.17988e-18
       11262.944  1.04065e-16  2.19812e-18
       11269.876  1.06665e-16  2.29700e-18
       11276.808  1.01331e-16  2.22342e-18
       11283.740  1.02441e-16  2.24823e-18
       11290.671  8.71640e-17  1.87845e-18
       11297.603  8.77993e-17  1.81226e-18
       11304.535  1.05350e-16  2.17198e-18
       11311.467  1.13418e-16  2.22739e-18
       11318.399  1.02569e-16  2.37599e-18
       11325.331  1.26576e-16  2.88669e-18
       11332.263  1.23594e-16  3.64766e-18
       11339.195  8.74866e-17  2.44728e-18
       11346.126  8.43879e-17  2.08748e-18
       11353.058  9.97820e-17  2.10410e-18
       11359.990  9.35548e-17  2.05127e-18
       11366.922  1.02424e-16  1.91644e-18
       11373.854  1.05631e-16  2.05630e-18
       11380.786  1.06073e-16  1.86766e-18
       11387.718  9.76076e-17  1.92892e-18
       11394.650  1.09317e-16  2.02201e-18
       11401.581  1.08540e-16  2.05955e-18
       11408.513  1.10376e-16  2.09192e-18
       11415.445  1.10534e-16  1.97358e-18
       11422.377  1.20773e-16  2.14833e-18
       11429.309  1.16486e-16  2.29255e-18
       11436.241  9.46233e-17  2.16947e-18
       11443.173  1.12892e-16  2.57488e-18
       11450.105  9.67464e-17  2.19628e-18
       11457.036  9.59434e-17  2.19160e-18
       11463.968  9.28012e-17  1.93703e-18
       11470.900  9.58738e-17  1.86849e-18
       11477.832  1.06343e-16  2.00854e-18
       11484.764  1.00749e-16  2.14621e-18
       11491.696  9.55342e-17  1.87340e-18
       11498.628  9.08226e-17  1.79312e-18
       11505.560  8.78819e-17  1.95821e-18
       11512.491  7.82123e-17  1.72546e-18
       11519.423  9.07434e-17  1.95810e-18
       11526.355  9.33643e-17  1.91849e-18
       11533.287  8.01186e-17  1.72765e-18
       11540.219  9.38849e-17  1.98810e-18
       11547.151  8.78308e-17  1.75380e-18
       11554.083  9.67465e-17  1.84934e-18
       11561.015  9.24032e-17  1.76480e-18
       11567.947  9.68054e-17  1.85785e-18
       11574.878  9.50429e-17  1.72155e-18
       11581.810  1.05790e-16  2.38493e-18
       11588.742  1.00051e-16  1.79253e-18
       11595.674  8.95278e-17  1.66510e-18
       11602.606  8.09536e-17  1.64703e-18
       11609.538  7.91296e-17  1.51490e-18
       11616.470  8.21350e-17  1.53676e-18
       11623.402  7.92714e-17  1.52526e-18
       11630.333  7.23940e-17  1.50881e-18
       11637.265  6.67054e-17  1.44203e-18
       11644.197  6.60709e-17  1.48618e-18
       11651.129  5.85576e-17  1.37135e-18
       11658.061  5.85964e-17  1.40707e-18
       11664.993  5.90598e-17  1.36358e-18
       11671.925  4.05436e-17  1.36434e-18
       11678.857  1.76325e-17  1.43870e-18
       11685.788  4.13569e-17  1.29832e-18
       11692.720  4.40694e-17  1.32299e-18
       11699.652  4.12921e-17  1.27650e-18
       11706.584  3.52755e-17  1.25708e-18
       11713.516  4.22813e-17  1.18627e-18
       11720.448  4.61920e-17  1.32066e-18
       11727.380  4.60672e-17  1.24771e-18
       11734.312  3.85683e-17  1.24841e-18
       11741.243  3.86292e-17  1.16224e-18
       11748.175  3.85550e-17  1.12273e-18
       11755.107  4.01438e-17  1.14743e-18
       11762.039  3.98467e-17  1.19000e-18
       11768.971  3.73731e-17  1.15074e-18
       11775.903  3.65865e-17  1.10436e-18
       11782.835  3.67025e-17  1.10171e-18
       11789.767  3.96538e-17  1.13076e-18
       11796.698  4.85468e-17  1.41017e-18
       11803.630  4.70981e-17  1.25930e-18
       11810.562  3.92784e-17  1.18947e-18
       11817.494  4.33231e-17  1.16047e-18
       11824.426  4.62300e-17  1.18700e-18
       11831.358  4.78952e-17  1.22381e-18
       11838.290  4.48719e-17  1.22140e-18
       11845.222  5.19062e-17  1.23407e-18
       11852.153  4.52650e-17  1.31545e-18
       11859.085  5.13702e-17  1.36104e-18
       11866.017  5.63854e-17  1.33355e-18
       11872.949  5.93036e-17  1.47083e-18
       11879.881  5.69132e-17  1.26806e-18
       11886.813  5.61618e-17  1.30631e-18
       11893.745  5.77097e-17  1.28435e-18
       11900.677  6.07349e-17  1.24293e-18
       11907.608  5.67910e-17  1.25744e-18
       11914.540  6.01701e-17  1.29904e-18
       11921.472  5.85967e-17  1.26238e-18
       11928.404  6.26249e-17  1.34359e-18
       11935.336  7.57570e-17  1.42526e-18
       11942.268  6.87417e-17  1.34818e-18
       11949.200  7.03118e-17  1.36127e-18
       11956.132  7.54959e-17  1.42161e-18
       11963.063  7.05409e-17  1.43218e-18
       11969.995  8.19474e-17  1.48304e-18
       11976.927  8.21586e-17  1.52840e-18
       11983.859  8.13476e-17  1.47728e-18
       11990.791  7.93274e-17  1.43060e-18
       11997.723  8.06813e-17  1.46620e-18
       12004.655  8.80093e-17  1.63280e-18
       12011.587  8.50500e-17  1.52964e-18
       12018.518  9.61265e-17  1.77841e-18
       12025.450  9.04067e-17  1.59241e-18
       12032.382  9.46104e-17  1.61601e-18
       12039.314  8.51864e-17  1.53389e-18
       12046.246  9.00957e-17  1.56915e-18
       12053.178  9.90028e-17  1.59801e-18
       12060.110  8.61622e-17  1.48321e-18
       12067.042  7.92756e-17  1.39925e-18
       12073.973  8.71149e-17  1.47706e-18
       12080.905  9.24747e-17  1.55855e-18
       12087.837  9.67247e-17  1.56770e-18
       12094.769  8.92753e-17  1.52274e-18
       12101.701  9.00222e-17  1.51209e-18
       12108.633  1.02892e-16  1.57638e-18
       12115.565  9.50222e-17  1.62161e-18
       12122.497  8.74185e-17  1.80613e-18
       12129.428  9.06156e-17  1.55439e-18
       12136.360  9.30874e-17  1.65897e-18
       12143.292  8.93856e-17  1.54983e-18
       12150.224  8.98805e-17  1.50251e-18
       12157.156  8.64336e-17  1.52404e-18
       12164.088  9.05806e-17  1.50032e-18
       12171.020  8.44392e-17  1.48899e-18
       12177.952  8.65474e-17  1.50741e-18
       12184.883  8.36631e-17  1.45284e-18
       12191.815  8.82269e-17  1.47460e-18
       12198.747  9.08097e-17  1.51571e-18
       12205.679  8.72058e-17  1.50012e-18
       12212.611  7.58629e-17  1.39615e-18
       12219.543  8.41203e-17  1.50983e-18
       12226.475  7.45174e-17  1.55331e-18
       12233.407  7.98004e-17  1.39368e-18
       12240.338  7.26792e-17  1.54239e-18
       12247.270  7.45855e-17  1.40784e-18
       12254.202  7.88924e-17  1.41310e-18
       12261.134  8.01224e-17  1.42901e-18
       12268.066  8.01988e-17  1.46778e-18
       12274.998  8.08030e-17  1.40450e-18
       12281.930  7.86597e-17  1.37309e-18
       12288.862  7.52709e-17  1.34279e-18
       12295.794  7.15590e-17  1.34496e-18
       12302.725  7.25343e-17  1.36863e-18
       12309.657  8.58525e-17  1.41172e-18
       12316.589  7.42636e-17  1.39162e-18
       12323.521  7.53587e-17  1.41626e-18
       12330.453  6.31125e-17  1.28198e-18
       12337.385  7.56755e-17  1.37179e-18
       12344.317  7.17834e-17  1.36014e-18
       12351.249  7.70225e-17  1.34396e-18
       12358.180  6.79234e-17  1.28501e-18
       12365.112  6.94082e-17  1.31250e-18
       12372.044  7.38385e-17  1.33336e-18
       12378.976  6.39681e-17  1.26359e-18
       12385.908  6.33796e-17  1.26031e-18
       12392.840  6.79459e-17  1.25827e-18
       12399.772  6.12365e-17  1.21976e-18
       12406.704  6.38622e-17  1.29752e-18
       12413.635  7.03718e-17  1.32452e-18
       12420.567  7.01259e-17  1.45198e-18
       12427.499  6.36812e-17  1.29281e-18
       12434.431  6.46190e-17  1.28104e-18
       12441.363  6.06846e-17  1.22211e-18
       12448.295  6.85104e-17  1.31105e-18
       12455.227  6.54382e-17  1.28150e-18
       12462.159  6.87507e-17  1.33418e-18
       12469.090  6.27423e-17  1.32762e-18
       12476.022  5.75439e-17  1.21956e-18
       12482.954  5.91170e-17  1.20319e-18
       12489.886  5.84773e-17  1.19625e-18
       12496.818  5.94368e-17  1.38413e-18
       12503.750  5.98416e-17  1.33286e-18
       12510.682  5.55881e-17  1.16255e-18
       12517.614  5.45319e-17  1.17200e-18
       12524.545  5.12375e-17  1.18204e-18
       12531.477  5.11238e-17  1.13954e-18
       12538.409  4.68858e-17  1.27888e-18
       12545.341  5.90437e-17  1.25455e-18
       12552.273  5.47963e-17  1.33256e-18
       12559.205  5.11880e-17  1.18953e-18
       12566.137  4.28837e-17  1.29712e-18
       12573.069  4.26238e-17  1.13221e-18
       12580.000  5.05228e-17  1.23590e-18
       12586.932  5.49112e-17  1.20851e-18
       12593.864  5.09206e-17  1.23099e-18
       12600.796  4.85199e-17  1.20312e-18
       12607.728  5.53299e-17  1.22829e-18
       12614.660  5.99260e-17  1.28543e-18
       12621.592  5.51415e-17  1.45979e-18
       12628.524  5.75823e-17  1.29347e-18
       12635.455  5.71940e-17  1.27294e-18
       12642.387  5.65841e-17  1.23533e-18
       12649.319  5.10531e-17  1.19944e-18
       12656.251  5.16250e-17  1.19483e-18
       12663.183  6.43978e-17  1.55239e-18
       12670.115  4.29823e-17  1.22775e-18
       12677.047  4.04797e-17  1.21287e-18
       12683.979  4.18852e-17  1.22468e-18
       12690.910  4.15494e-17  1.15530e-18
       12697.842  4.56600e-17  1.11147e-18
       12704.774  5.01413e-17  1.18728e-18
       12711.706  5.10779e-17  1.15687e-18
       12718.638  4.83072e-17  1.14539e-18
       12725.570  5.48723e-17  1.15627e-18
       12732.502  4.95866e-17  1.15426e-18
       12739.434  4.32787e-17  1.08289e-18
       12746.365  5.24950e-17  1.16622e-18
       12753.297  4.95700e-17  1.18842e-18
       12760.229  4.99980e-17  1.12813e-18
       12767.161  4.77610e-17  1.06335e-18
       12774.093  4.20176e-17  1.23409e-18
       12781.025  5.09478e-17  1.09702e-18
       12787.957  4.33241e-17  1.04050e-18
       12794.889  5.23217e-17  1.14664e-18
       12801.820  4.69944e-17  1.07047e-18
       12808.752  4.60891e-17  1.08961e-18
       12815.684  4.44128e-17  1.05546e-18
       12822.616  4.44173e-17  1.06545e-18
       12829.548  4.24808e-17  1.01279e-18
       12836.480  4.28683e-17  1.00982e-18
       12843.412  4.71162e-17  1.02462e-18
       12850.344  4.14593e-17  1.02232e-18
       12857.275  4.09339e-17  1.03369e-18
       12864.207  4.32865e-17  1.04279e-18
       12871.139  4.40180e-17  1.18980e-18
       12878.071  4.25419e-17  1.03450e-18
       12885.003  4.67117e-17  1.10314e-18
       12891.935  4.56141e-17  1.11461e-18
       12898.867  4.44484e-17  1.07304e-18
       12905.799  4.86918e-17  1.07740e-18
       12912.730  5.03378e-17  1.16288e-18
       12919.662  4.32128e-17  9.81844e-19
       12926.594  4.62091e-17  1.06522e-18
       12933.526  3.74886e-17  9.82355e-19
       12940.458  4.26830e-17  1.01774e-18
       12947.390  3.68948e-17  1.20191e-18
       12954.322  4.99314e-17  1.08363e-18
       12961.254  4.22781e-17  1.02470e-18
       12968.185  3.79309e-17  1.00548e-18
       12975.117  3.98270e-17  1.02976e-18
       12982.049  4.69111e-17  1.05712e-18
       12988.981  3.80668e-17  9.94767e-19
       12995.913  4.03409e-17  1.07345e-18
       13002.845  4.10786e-17  1.02624e-18
       13009.777  3.97237e-17  1.09913e-18
       13016.709  3.98554e-17  1.02948e-18
       13023.641  4.10947e-17  1.07423e-18
       13030.572  3.50735e-17  1.03067e-18
       13037.504  3.67488e-17  9.83049e-19
       13044.436  4.26623e-17  1.00136e-18
       13051.368  4.70072e-17  1.09005e-18
       13058.300  3.95654e-17  1.12282e-18
       13065.232  4.16558e-17  1.05639e-18
       13072.164  4.25469e-17  1.07860e-18
       13079.096  4.74858e-17  1.15135e-18
       13086.027  4.06614e-17  1.08770e-18
       13092.959  3.23887e-17  1.01336e-18
       13099.891  3.93955e-17  1.04125e-18
       13106.823  4.04003e-17  1.02111e-18
       13113.755  4.14653e-17  1.03708e-18
       13120.687  4.32807e-17  1.09001e-18
       13127.619  3.93509e-17  1.29282e-18
       13134.551  4.51160e-17  1.10057e-18
       13141.482  4.76173e-17  1.21569e-18
       13148.414  3.95579e-17  1.09975e-18
       13155.346  4.21590e-17  1.05056e-18
       13162.278  4.25136e-17  9.98249e-19
       13169.210  3.60032e-17  1.02167e-18
       13176.142  4.22471e-17  1.10331e-18
       13183.074  3.51927e-17  1.06085e-18
       13190.006  3.52532e-17  1.05243e-18
       13196.937  3.95348e-17  1.05726e-18
       13203.869  3.50910e-17  1.02403e-18
       13210.801  3.90360e-17  1.06956e-18
       13217.733  4.60954e-17  1.17285e-18
       13224.665  3.83302e-17  1.19164e-18
       13231.597  4.31872e-17  1.12463e-18
       13238.529  3.35007e-17  1.03559e-18
       13245.461  4.25101e-17  1.10106e-18
       13252.392  3.51700e-17  1.06684e-18
       13259.324  3.79861e-17  1.04493e-18
       13266.256  4.31652e-17  1.15988e-18
       13273.188  3.63926e-17  1.08018e-18
       13280.120  3.63897e-17  1.08480e-18
       13287.052  3.82586e-17  1.08713e-18
       13293.984  3.01588e-17  1.06435e-18
       13300.916  3.24585e-17  1.16222e-18
       13307.847  4.30086e-17  1.22870e-18
       13314.779  3.86421e-17  1.12621e-18
       13321.711  3.97777e-17  1.10592e-18
       13328.643  3.18899e-17  1.04565e-18
       13335.575  3.43398e-17  1.35973e-18
       13342.507  3.96642e-17  1.15002e-18
       13349.439  3.68251e-17  1.17281e-18
       13356.371  4.38061e-17  1.18323e-18
       13363.302  3.69058e-17  1.09767e-18
       13370.234  3.17624e-17  1.09928e-18
       13377.166  4.09267e-17  1.15867e-18
       13384.098  4.70299e-17  1.21508e-18
       13391.030  4.14289e-17  1.19290e-18
       13397.962  4.56259e-17  1.35798e-18
       13404.894  3.86990e-17  1.57744e-18
       13411.826  2.99099e-17  1.24683e-18
       13418.757  3.57197e-17  1.26023e-18
       13425.689  3.58928e-17  1.52138e-18
       13432.621  3.62669e-17  1.32043e-18
       13439.553  3.09694e-17  1.16437e-18
       13446.485  3.57280e-17  1.45087e-18
       13453.417  3.35185e-17  1.35872e-18
       13460.349  3.65531e-17  1.57214e-18
       13467.281  4.66295e-17  1.93798e-18
       13474.212  5.48201e-17  2.27667e-18
       13481.144  3.11095e-17  1.51209e-18
       13488.076  3.35499e-17  1.67842e-18
       13495.008  3.09896e-17  2.25178e-18
       13501.940  3.64601e-17  2.39043e-18
       13508.872  3.92456e-17  2.04511e-18
       13515.804  4.81741e-17  2.57602e-18
       13522.736  4.57833e-17  3.10165e-18
       13529.667  3.34811e-17  5.11342e-18
       13536.599  2.59632e-17  4.85087e-18
       13543.531  2.95817e-17  3.96267e-18
       13550.463  1.21598e-17  3.75900e-18
       13557.395  1.46172e-18  5.25088e-18
       13564.327  6.19358e-17  5.02165e-18
       13571.259  1.88960e-17  6.78684e-18
       13578.191  6.97196e-17  5.77185e-18
       13585.122  1.32224e-16  7.22462e-18
       13592.054  1.74790e-17  1.17120e-17
       13598.986 -7.17640e-17  2.48050e-17
       13605.918  2.25695e-17  1.88508e-17
       13612.850  9.43216e-18  9.46227e-18
       13619.782  2.84584e-17  4.90211e-18
       13626.714 -1.27185e-17  8.39253e-18
       13633.646 -6.67394e-17  1.90468e-17
       13640.577 -3.52218e-18  6.61852e-18
       13647.509  6.94278e-17  5.28574e-18
       13654.441  4.44129e-17  5.52009e-18
       13661.373  1.21408e-16  1.32934e-17
       13668.305  5.78820e-17  1.13982e-17
       13675.237  6.45140e-17  8.61105e-18
       13682.169  7.28916e-17  7.83926e-18
       13689.101  1.56300e-16  1.27846e-17
       13696.032  3.71429e-17  1.14047e-17
       13702.964  3.13468e-17  1.15946e-17
       13709.896  6.73710e-17  5.96758e-18
       13716.828  5.79528e-17  4.76085e-18
       13723.760  3.17665e-17  4.06884e-18
       13730.692  2.27853e-17  3.17118e-18
       13737.624  5.15951e-17  3.07893e-18
       13744.556  4.98646e-17  3.06245e-18
       13751.488  5.75231e-17  4.01751e-18
       13758.419  6.40814e-17  2.96040e-18
       13765.351  2.70843e-17  2.65323e-18
       13772.283  5.53043e-17  3.31054e-18
       13779.215  4.48209e-17  3.61819e-18
       13786.147  6.28718e-17  4.21744e-18
       13793.079  6.74484e-17  8.03298e-18
       13800.011  1.69389e-18  9.07610e-18
       13806.943  1.25924e-16  1.28355e-17
       13813.874  1.03018e-16  1.60382e-17
       13820.806  1.68240e-16  1.20820e-17
       13827.738 -4.59006e-18  9.00578e-18
       13834.670  1.20309e-16  1.01934e-17
       13841.602  5.84295e-17  6.35920e-18
       13848.534  5.76294e-17  3.88677e-18
       13855.466  4.08501e-17  4.29937e-18
       13862.398  7.61087e-17  4.63903e-18
       13869.329  5.27074e-17  4.04125e-18
       13876.261  4.36281e-17  2.96153e-18
       13883.193  3.78431e-17  2.72846e-18
       13890.125  4.59549e-17  2.75258e-18
       13897.057  4.41728e-17  2.58949e-18
       13903.989  8.68104e-17  3.45415e-18
       13910.921  9.04509e-17  4.33419e-18
       13917.853  4.93656e-17  3.39880e-18
       13924.784  9.61410e-17  3.91709e-18
       13931.716  7.58885e-17  5.16399e-18
       13938.648  2.06354e-17  1.06418e-17
       13945.580  1.26942e-17  7.70083e-18
       13952.512  4.07883e-18  3.79044e-18
       13959.444  3.50245e-17  2.54847e-18
       13966.376  5.29238e-17  2.14889e-18
       13973.308  5.41139e-17  3.34088e-18
       13980.239  6.52573e-17  5.19186e-18
       13987.171  8.68996e-17  9.36129e-18
       13994.103  3.01587e-17  7.29281e-18
       14001.035  2.72945e-17  3.87304e-18
       14007.967  2.52206e-18  1.73252e-18
       14014.899  1.74230e-17  2.02223e-18
       14021.831  3.10583e-17  2.37186e-18
       14028.763  7.42128e-17  4.92898e-18
       14035.694  1.85129e-17  3.48193e-18
       14042.626  2.22583e-17  2.86964e-18
       14049.558 -7.49180e-20  3.16027e-18
       14056.490  2.29819e-18  3.38733e-18
       14063.422  4.54061e-17  2.79246e-18
       14070.354  3.36151e-17  2.40694e-18
       14077.286  4.49091e-17  3.83669e-18
       14084.218  1.80347e-17  3.71699e-18
       14091.149  2.94501e-17  2.72510e-18
       14098.081  1.77705e-17  2.29015e-18
       14105.013  3.08003e-17  2.58538e-18
       14111.945  4.10558e-17  1.63097e-18
       14118.877  2.99569e-17  2.57914e-18
       14125.809  5.40459e-17  2.76240e-18
       14132.741  1.13555e-16  5.52326e-18
       14139.673  4.64587e-17  2.97003e-18
       14146.604  5.24010e-17  2.84816e-18
       14153.536  3.82973e-17  1.68221e-18
       14160.468  6.20017e-17  2.18797e-18
       14167.400  5.51639e-17  2.50707e-18
       14174.332  8.44657e-17  3.55425e-18
       14181.264  2.87004e-17  2.57700e-18
       14188.196  3.24524e-17  2.53768e-18
       14195.128  4.52759e-17  2.18574e-18
       14202.059  3.46423e-17  1.46481e-18
       14208.991  3.03521e-17  1.54003e-18
       14215.923  3.88392e-17  1.85249e-18
       14222.855  3.33555e-17  1.79289e-18
       14229.787  2.88180e-17  1.49407e-18
       14236.719  3.44198e-17  1.52310e-18
       14243.651  3.61293e-17  1.54595e-18
       14250.583  3.88418e-17  1.41789e-18
       14257.514  4.76169e-17  1.67766e-18
       14264.446  4.78195e-17  2.24348e-18
       14271.378  4.66857e-17  2.12892e-18
       14278.310  3.85022e-17  1.51942e-18
       14285.242  3.02162e-17  1.27600e-18
       14292.174  3.30981e-17  1.46366e-18
       14299.106  4.05977e-17  1.75281e-18
       14306.038  3.60632e-17  2.13481e-18
       14312.969  3.50089e-17  1.75005e-18
       14319.901  3.33043e-17  1.59457e-18
       14326.833  2.96384e-17  1.83601e-18
       14333.765  2.66159e-17  1.72830e-18
       14340.697  3.19090e-17  1.44021e-18
       14347.629  3.37578e-17  1.81453e-18
       14354.561  2.38466e-17  1.51723e-18
       14361.493  3.02414e-17  1.84611e-18
       14368.424  4.22965e-17  1.71673e-18
       14375.356  3.30672e-17  1.51191e-18
       14382.288  1.76692e-17  1.65092e-18
       14389.220  4.13401e-17  1.56006e-18
       14396.152  3.92872e-17  1.44925e-18
       14403.084  2.70324e-17  1.49319e-18
       14410.016  3.56393e-17  1.55646e-18
       14416.948  3.47541e-17  1.34646e-18
       14423.879  3.51552e-17  1.22981e-18
       14430.811  3.43204e-17  1.47288e-18
       14437.743  2.63785e-17  1.50169e-18
       14444.675  3.51804e-17  1.53347e-18
       14451.607  3.63233e-17  1.45881e-18
       14458.539  3.22735e-17  1.29169e-18
       14465.471  2.54722e-17  1.06361e-18
       14472.403  2.63833e-17  1.05113e-18
       14479.335  2.48179e-17  1.18008e-18
       14486.266  3.52857e-17  1.57672e-18
       14493.198  2.63590e-17  2.24134e-18
       14500.130  3.96591e-17  2.09668e-18
       14507.062  4.08939e-17  1.53522e-18
       14513.994  3.07455e-17  1.13388e-18
       14520.926  2.91975e-17  1.01393e-18
       14527.858  3.39327e-17  1.06117e-18
       14534.790  4.13727e-17  1.26198e-18
       14541.721  3.01844e-17  1.09425e-18
       14548.653  3.22714e-17  1.21290e-18
       14555.585  4.13706e-17  1.14146e-18
       14562.517  2.61932e-17  1.29657e-18
       14569.449  3.51578e-17  1.19802e-18
       14576.381  3.30318e-17  1.06227e-18
       14583.313  3.30936e-17  1.10840e-18
       14590.245  3.37520e-17  1.29612e-18
       14597.176  2.72471e-17  1.43721e-18
       14604.108  3.15841e-17  1.19954e-18
       14611.040  3.83326e-17  1.30480e-18
       14617.972  4.38932e-17  1.32769e-18
       14624.904  3.55492e-17  1.08814e-18
       14631.836  3.61085e-17  1.10398e-18
       14638.768  4.98776e-17  1.56370e-18
       14645.700  3.73835e-17  1.28605e-18
       14652.631  3.02298e-17  1.45313e-18
       14659.563  3.09416e-17  1.20514e-18
       14666.495  3.72836e-17  1.30005e-18
       14673.427  4.46784e-17  1.42702e-18
       14680.359  4.56017e-17  1.28109e-18
       14687.291  4.04482e-17  1.43451e-18
       14694.223  3.83469e-17  2.10792e-18
       14701.155  3.31579e-17  1.39719e-18
       14708.086  4.41864e-17  1.55110e-18
       14715.018  3.62559e-17  1.32078e-18
       14721.950  3.74108e-17  1.18464e-18
       14728.882  3.91934e-17  1.18414e-18
       14735.814  3.84912e-17  1.10413e-18
       14742.746  4.32787e-17  1.19579e-18
       14749.678  4.50730e-17  1.46137e-18
       14756.610  3.44366e-17  1.13543e-18
       14763.541  3.98475e-17  1.29986e-18
       14770.473  4.62464e-17  1.35489e-18
       14777.405  3.60239e-17  1.32598e-18
       14784.337  3.02718e-17  1.24823e-18
       14791.269  3.65798e-17  1.28028e-18
       14798.201  3.89902e-17  1.33910e-18
       14805.133  4.19234e-17  1.19205e-18
       14812.065  4.26941e-17  1.17463e-18
       14818.996  3.30955e-17  1.11239e-18
       14825.928  5.08119e-17  1.35538e-18
       14832.860  4.59660e-17  1.25456e-18
       14839.792  3.04425e-17  1.00775e-18
       14846.724  4.33134e-17  1.26456e-18
       14853.656  4.81848e-17  1.56045e-18
       14860.588  5.14760e-17  1.52509e-18
       14867.520  4.22037e-17  1.23255e-18
       14874.451  3.99378e-17  1.45462e-18
       14881.383  2.86344e-17  1.24519e-18
       14888.315  2.44915e-17  8.83609e-19
       14895.247  3.64449e-17  1.04759e-18
       14902.179  3.25682e-17  1.00525e-18
       14909.111  2.70529e-17  9.87285e-19
       14916.043  3.04433e-17  9.48456e-19
       14922.975  2.90334e-17  9.04076e-19
       14929.906  2.68207e-17  9.47796e-19
       14936.838  3.51556e-17  9.96168e-19
       14943.770  3.22575e-17  9.83666e-19
       14950.702  3.29428e-17  1.01000e-18
       14957.634  2.99227e-17  8.87441e-19
       14964.566  3.19168e-17  8.95009e-19
       14971.498  3.06265e-17  8.73217e-19
       14978.430  3.27064e-17  8.72283e-19
       14985.361  3.18409e-17  9.60266e-19
       14992.293  2.89164e-17  9.83627e-19
       14999.225  2.84024e-17  9.45702e-19
       15006.157  3.74126e-17  1.01889e-18
       15013.089  3.56707e-17  9.82885e-19
       15020.021  3.71250e-17  1.10322e-18
       15026.953  3.98478e-17  1.38452e-18
       15033.885  3.82673e-17  1.04000e-18
       15040.816  2.29700e-17  1.26863e-18
       15047.748  3.00298e-17  9.70827e-19
       15054.680  3.85528e-17  1.42802e-18
       15061.612  4.32306e-17  1.15894e-18
       15068.544  3.64954e-17  1.23892e-18
       15075.476  3.28908e-17  1.20136e-18
       15082.408  2.81841e-17  8.75446e-19
       15089.340  4.01728e-17  1.12108e-18
       15096.271  3.09061e-17  8.80912e-19
       15103.203  2.74804e-17  8.69058e-19
       15110.135  3.18982e-17  9.23696e-19
       15117.067  2.90345e-17  9.99381e-19
       15123.999  3.66375e-17  9.44194e-19
       15130.931  2.53150e-17  1.06387e-18
       15137.863  2.75797e-17  8.70427e-19
       15144.795  3.22131e-17  1.03238e-18
       15151.726  3.19187e-17  8.53882e-19
       15158.658  3.39469e-17  1.01137e-18
       15165.590  3.68124e-17  1.04231e-18
       15172.522  3.92240e-17  1.25954e-18
       15179.454  3.50504e-17  9.19511e-19
       15186.386  3.53229e-17  8.84351e-19
       15193.318  3.60866e-17  8.96190e-19
       15200.250  3.24572e-17  8.98721e-19
       15207.182  3.19992e-17  9.07889e-19
       15214.113  3.48301e-17  1.15526e-18
       15221.045  3.62123e-17  1.00420e-18
       15227.977  3.05608e-17  1.03849e-18
       15234.909  4.37304e-17  1.07819e-18
       15241.841  1.89915e-17  1.10624e-18
       15248.773  5.12669e-17  1.64094e-18
       15255.705  3.43115e-17  9.91321e-19
       15262.637  2.65714e-17  8.37885e-19
       15269.568  3.39672e-17  9.33025e-19
       15276.500  2.67466e-17  9.74913e-19
       15283.432  2.96675e-17  1.04737e-18
       15290.364  2.80629e-17  9.29219e-19
       15297.296  3.27419e-17  8.44972e-19
       15304.228  3.57021e-17  9.02485e-19
       15311.160  3.19346e-17  9.85203e-19
       15318.092  1.38390e-17  1.07033e-18
       15325.023  2.61497e-17  8.31888e-19
       15331.955  3.85987e-17  1.33041e-18
       15338.887  3.66588e-17  1.08979e-18
       15345.819  1.90528e-17  9.74590e-19
       15352.751  1.82986e-17  9.98419e-19
       15359.683  2.56253e-17  8.70070e-19
       15366.615  2.92350e-17  9.50792e-19
       15373.547  3.52082e-17  9.32456e-19
       15380.478  3.19601e-17  1.05461e-18
       15387.410  2.74694e-17  9.37952e-19
       15394.342  3.24864e-17  1.01296e-18
       15401.274  2.52166e-17  9.37731e-19
       15408.206  2.20573e-17  1.10884e-18
       15415.138  3.15903e-17  1.00138e-18
       15422.070  2.86679e-17  9.93118e-19
       15429.002  2.81277e-17  1.02474e-18
       15435.933  3.52145e-17  1.01254e-18
       15442.865  2.90974e-17  9.37947e-19
       15449.797  2.76953e-17  9.07713e-19
       15456.729  2.69044e-17  8.44508e-19
       15463.661  2.80627e-17  8.39446e-19
       15470.593  2.72781e-17  9.25356e-19
       15477.525  3.07660e-17  8.89915e-19
       15484.457  2.62728e-17  8.19012e-19
       15491.388  2.50640e-17  8.65992e-19
       15498.320  2.79492e-17  8.55385e-19
       15505.252  2.39787e-17  8.35114e-19
       15512.184  1.27654e-17  1.02705e-18
       15519.116  4.15697e-17  1.11543e-18
       15526.048  3.34082e-17  1.21153e-18
       15532.980  3.00179e-17  9.38666e-19
       15539.912  2.44829e-17  8.74069e-19
       15546.843  2.76854e-17  9.08810e-19
       15553.775  3.29615e-17  8.42877e-19
       15560.707  2.95263e-17  8.06611e-19
       15567.639  2.64938e-17  9.41448e-19
       15574.571  2.80201e-17  8.75566e-19
       15581.503  2.74545e-17  1.02903e-18
       15588.435  3.04809e-17  8.90879e-19
       15595.367  4.42167e-18  8.15178e-19
       15602.298  2.24067e-17  1.01073e-18
       15609.230  2.33222e-17  9.07397e-19
       15616.162  2.85100e-17  8.82363e-19
       15623.094  2.08472e-17  8.82667e-19
       15630.026  1.24072e-17  7.71472e-19
       15636.958  2.27436e-17  8.67266e-19
       15643.890  2.47510e-17  9.25421e-19
       15650.822  1.75167e-17  9.35310e-19
       15657.753  2.24665e-17  7.51189e-19
       15664.685  2.32086e-17  1.08847e-18
       15671.617  1.78562e-17  7.32573e-19
       15678.549  1.77700e-17  7.89078e-19
       15685.481  2.85839e-17  1.08446e-18
       15692.413  1.02111e-17  1.16717e-18
       15699.345  1.88614e-17  8.14167e-19
       15706.277  1.53049e-17  8.15314e-19
       15713.208  1.97409e-17  8.57903e-19
       15720.140  2.63041e-17  8.77195e-19
       15727.072  1.95951e-17  8.08169e-19
       15734.004  2.18148e-17  8.22457e-19
       15740.936  2.47333e-17  8.43194e-19
       15747.868  2.83290e-17  8.73709e-19
       15754.800  2.54504e-17  8.92281e-19
       15761.732  2.19490e-17  8.62765e-19
       15768.663  2.16659e-17  8.38734e-19
       15775.595  2.56491e-17  8.73093e-19
       15782.527  2.97497e-17  9.25626e-19
       15789.459  1.92844e-17  8.34691e-19
       15796.391  1.58620e-17  8.38383e-19
       15803.323  2.99258e-17  9.70869e-19
       15810.255  1.37411e-17  7.30650e-19
       15817.187  1.82415e-17  7.82218e-19
       15824.118  1.30641e-17  1.20498e-18
       15831.050  2.75270e-17  8.52898e-19
       15837.982  5.31611e-17  1.40851e-18
       15844.914  3.74172e-17  1.05840e-18
       15851.846  2.31473e-17  7.98251e-19
       15858.778  2.41848e-17  8.74511e-19
       15865.710  2.91371e-17  8.94514e-19
       15872.642  3.12866e-17  9.31601e-19
       15879.573  2.67173e-17  8.52202e-19
       15886.505  2.56215e-17  8.21560e-19
       15893.437  2.22369e-17  8.66505e-19
       15900.369  2.19513e-17  7.52320e-19
       15907.301  2.34254e-17  7.82717e-19
       15914.233  2.63493e-17  8.38480e-19
       15921.165  2.39518e-17  8.01287e-19
       15928.097  2.72889e-17  8.25733e-19
       15935.029  2.55883e-17  8.14097e-19
       15941.960  2.43583e-17  8.22402e-19
       15948.892  2.71620e-17  8.45713e-19
       15955.824  2.04335e-17  7.95869e-19
       15962.756  1.64041e-17  7.95617e-19
       15969.688  2.12554e-17  7.77343e-19
       15976.620  3.39057e-17  9.18899e-19
       15983.552  2.42423e-17  8.18775e-19
       15990.484  1.98622e-17  8.38406e-19
       15997.415  2.51099e-17  9.66113e-19
       16004.347  1.81007e-17  1.00351e-18
       16011.279  3.12830e-17  1.09950e-18
       16018.211  2.13894e-17  9.05015e-19
       16025.143  1.46843e-17  1.18955e-18
       16032.075  3.41091e-17  1.28108e-18
       16039.007  3.00233e-17  1.06046e-18
       16045.939  2.32572e-17  1.09057e-18
       16052.870  2.74886e-17  9.07352e-19
       16059.802  3.29105e-17  1.06036e-18
       16066.734  2.03086e-17  9.57425e-19
       16073.666  2.62694e-17  1.04321e-18
       16080.598  2.46973e-17  9.25801e-19
       16087.530  2.86882e-17  1.31860e-18
       16094.462  2.86978e-17  8.75792e-19
       16101.394  1.80780e-17  1.01616e-18
       16108.325  3.01829e-17  1.28326e-18
       16115.257  3.66195e-17  1.15318e-18
       16122.189  2.38508e-17  1.01064e-18
       16129.121  1.97694e-17  8.93226e-19
       16136.053  2.56509e-17  8.67530e-19
       16142.985  3.06322e-17  9.09126e-19
       16149.917  2.86435e-17  8.36144e-19
       16156.849  2.74432e-17  8.29565e-19
       16163.780  2.82062e-17  8.96451e-19
       16170.712  3.11160e-17  1.00883e-18
       16177.644  2.50722e-17  8.25533e-19
       16184.576  2.12925e-17  8.47850e-19
       16191.508  2.89260e-17  9.33072e-19
       16198.440  3.07833e-17  9.44929e-19
       16205.372  3.11038e-17  8.83642e-19
       16212.304  2.51057e-17  8.24856e-19
       16219.235  3.41771e-17  1.10042e-18
       16226.167  3.30123e-17  9.49189e-19
       16233.099  2.45580e-17  8.90453e-19
       16240.031  1.43490e-17  1.32168e-18
       16246.963  3.05200e-17  8.69426e-19
       16253.895  2.90061e-17  1.06952e-18
       16260.827  2.58209e-17  8.82703e-19
       16267.759  2.70872e-17  8.29383e-19
       16274.690  2.54568e-17  8.16050e-19
       16281.622  2.55049e-17  8.06033e-19
       16288.554  2.33958e-17  9.09258e-19
       16295.486  2.50099e-17  8.44392e-19
       16302.418  1.47858e-17  8.73922e-19
       16309.350  2.84588e-17  8.60285e-19
       16316.282  2.76895e-17  8.95119e-19
       16323.214  2.70537e-17  9.61143e-19
       16330.145  2.23399e-17  7.95896e-19
       16337.077  2.65784e-17  9.23608e-19
       16344.009  2.92231e-17  1.00452e-18
       16350.941  3.81011e-17  9.40770e-19
       16357.873  2.38697e-17  8.14179e-19
       16364.805  2.54673e-17  8.81442e-19
       16371.737  3.32116e-17  9.26974e-19
       16378.669  2.39954e-17  8.69676e-19
       16385.600  1.99876e-17  1.03605e-18
       16392.532  3.04501e-17  1.10080e-18
       16399.464  2.62033e-17  8.23567e-19
       16406.396  2.92671e-17  9.56634e-19
       16413.328  2.80475e-17  8.46592e-19
       16420.260  2.53058e-17  8.64282e-19
       16427.192  2.83282e-17  9.62443e-19
       16434.124  2.84526e-17  8.76626e-19
       16441.055  3.28755e-17  1.00282e-18
       16447.987  3.47261e-17  9.90084e-19
       16454.919  3.38072e-17  8.55915e-19
       16461.851  3.50252e-17  8.66177e-19
       16468.783  3.51505e-17  8.69276e-19
