       3339.9165  1.17088e-18  1.49641e-17
       3343.9915  1.67939e-17  1.56658e-17
       3348.0664  9.66987e-18  1.56785e-17
       3352.1414  1.96352e-17  1.64411e-17
       3356.2163 -6.59332e-18  1.62847e-17
       3360.2913 -3.29096e-17  1.66643e-17
       3364.3662  4.57958e-17  1.68757e-17
       3368.4412  3.13685e-17  1.70605e-17
       3372.5162 -2.46490e-17  1.69906e-17
       3376.5911  3.62539e-17  1.75242e-17
       3380.6661  5.06822e-18  1.73261e-17
       3384.7410  1.83243e-17  1.74823e-17
       3388.8160  4.55346e-17  1.76140e-17
       3392.8909 -1.83113e-17  1.74692e-17
       3396.9659 -1.20764e-17  1.75934e-17
       3401.0409  2.30948e-17  1.74245e-17
       3405.1158  3.55902e-17  1.75104e-17
       3409.1908  8.33601e-18  1.68990e-17
       3413.2657  1.71087e-17  1.66448e-17
       3417.3407  2.91374e-17  1.66610e-17
       3421.4157 -5.27544e-18  1.61823e-17
       3425.4906 -3.33782e-18  1.55915e-17
       3429.5656  2.39331e-17  1.54459e-17
       3433.6405  5.18957e-17  1.55890e-17
       3437.7155  1.02002e-17  1.50155e-17
       3441.7904  3.62250e-17  1.49535e-17
       3445.8654  1.24319e-17  1.46940e-17
       3449.9404 -2.18631e-17  1.42389e-17
       3454.0153  3.30213e-17  1.39691e-17
       3458.0903 -7.54318e-18  1.34643e-17
       3462.1652  3.91157e-18  1.32432e-17
       3466.2402  1.88659e-17  1.34417e-17
       3470.3151 -1.03078e-17  1.31195e-17
       3474.3901 -1.06085e-17  1.28172e-17
       3478.4651  5.03416e-17  1.29447e-17
       3482.5400  3.09407e-17  1.23463e-17
       3486.6150  1.86990e-17  1.19522e-17
       3490.6899  1.50717e-17  1.17739e-17
       3494.7649  3.23344e-17  1.19097e-17
       3498.8398  7.05421e-18  1.11977e-17
       3502.9148 -3.12316e-18  1.11850e-17
       3506.9898  1.76632e-17  1.10524e-17
       3511.0647  2.17701e-17  1.09482e-17
       3515.1397  9.46227e-19  1.05572e-17
       3519.2146  3.07649e-17  1.07529e-17
       3523.2896  3.58352e-17  1.06886e-17
       3527.3645  1.47749e-17  1.04168e-17
       3531.4395 -1.04855e-17  1.04768e-17
       3535.5145  2.04047e-17  1.06215e-17
       3539.5894  1.01362e-17  1.03870e-17
       3543.6644  1.23543e-17  1.01330e-17
       3547.7393  1.77267e-17  1.02014e-17
       3551.8143  1.16535e-17  9.80278e-18
       3555.8892  1.07300e-17  9.53360e-18
       3559.9642  8.94370e-18  9.11580e-18
       3564.0392  3.17065e-18  8.89647e-18
       3568.1141  1.47271e-17  8.82570e-18
       3572.1891  1.01722e-17  8.61669e-18
       3576.2640  3.91436e-18  8.41055e-18
       3580.3390  1.66501e-17  8.41125e-18
       3584.4139  2.05147e-17  8.49511e-18
       3588.4889  2.28218e-17  8.62698e-18
       3592.5639  1.65541e-17  8.43068e-18
       3596.6388  2.23172e-17  8.33876e-18
       3600.7138 -2.65814e-18  7.89467e-18
       3604.7887  2.21950e-17  8.06768e-18
       3608.8637  1.01705e-17  7.89050e-18
       3612.9386  1.32638e-17  7.87098e-18
       3617.0136  6.81915e-18  7.87838e-18
       3621.0886  2.92389e-17  7.99743e-18
       3625.1635  6.83739e-18  7.72160e-18
       3629.2385  1.68352e-17  7.77384e-18
       3633.3134  2.31961e-17  7.82656e-18
       3637.3884  1.87306e-17  7.67852e-18
       3641.4633  3.64172e-17  7.53717e-18
       3645.5383  6.78561e-19  7.34640e-18
       3649.6133  2.77766e-17  7.36817e-18
       3653.6882  1.65725e-17  7.42135e-18
       3657.7632  6.05932e-18  7.34097e-18
       3661.8381  2.38508e-17  7.30139e-18
       3665.9131  1.26698e-17  7.19445e-18
       3669.9881  7.83576e-18  6.96235e-18
       3674.0630 -7.48237e-18  6.95227e-18
       3678.1380  1.09027e-19  6.77569e-18
       3682.2129  1.92291e-17  6.76782e-18
       3686.2879  1.51536e-17  6.71776e-18
       3690.3628  2.31617e-17  6.78726e-18
       3694.4378  4.53636e-18  6.86245e-18
       3698.5128  1.36927e-17  6.80211e-18
       3702.5877  1.17590e-17  6.62226e-18
       3706.6627  1.38691e-17  6.60645e-18
       3710.7376  9.91499e-19  6.53249e-18
       3714.8126  1.32928e-17  6.52751e-18
       3718.8875 -1.16678e-17  6.43697e-18
       3722.9625  7.30970e-18  6.34095e-18
       3727.0375  9.92006e-18  6.36181e-18
       3731.1124  5.81225e-18  6.24510e-18
       3735.1874  2.22426e-17  6.29428e-18
       3739.2623  8.92008e-19  6.16737e-18
       3743.3373  1.61313e-17  6.20321e-18
       3747.4122  1.41501e-17  6.12324e-18
       3751.4872  1.86535e-17  6.27880e-18
       3755.5622  7.14369e-18  6.06513e-18
       3759.6371  1.35662e-17  6.02058e-18
       3763.7121  1.92443e-18  5.86310e-18
       3767.7870  7.29455e-18  5.81668e-18
       3771.8620  2.09689e-17  6.01004e-18
       3775.9369  8.66001e-18  5.93482e-18
       3780.0119 -3.06453e-18  5.86085e-18
       3784.0869  1.55874e-17  5.91521e-18
       3788.1618  1.12849e-17  5.86199e-18
       3792.2368  2.88351e-17  5.85742e-18
       3796.3117  1.97065e-17  5.65240e-18
       3800.3867  2.00114e-17  5.57884e-18
       3804.4616  1.19665e-17  5.59624e-18
       3808.5366  1.34880e-17  5.59009e-18
       3812.6116  4.50801e-18  5.42590e-18
       3816.6865  2.68699e-18  5.36651e-18
       3820.7615  1.03693e-17  5.26739e-18
       3824.8364  1.13343e-17  5.21972e-18
       3828.9114  9.51061e-18  5.15773e-18
       3832.9863  1.79293e-17  5.26738e-18
       3837.0613  1.04447e-17  5.17863e-18
       3841.1363  1.16904e-17  5.21351e-18
       3845.2112  2.81969e-17  5.31505e-18
       3849.2862  1.97982e-17  5.24017e-18
       3853.3611  3.52557e-17  5.33423e-18
       3857.4361  2.12919e-17  5.13222e-18
       3861.5110  2.01730e-17  5.03574e-18
       3865.5860  2.76448e-17  5.07189e-18
       3869.6610  3.45124e-17  5.17130e-18
       3873.7359  2.04063e-17  5.03071e-18
       3877.8109  3.19541e-17  5.01299e-18
       3881.8858  2.32756e-17  4.96257e-18
       3885.9608  4.94033e-17  5.07742e-18
       3890.0357  3.36392e-17  4.97129e-18
       3894.1107  2.91384e-17  4.95877e-18
       3898.1857  3.44256e-17  5.05022e-18
       3902.2606  4.48391e-17  5.11398e-18
       3906.3356  3.52136e-17  5.09962e-18
       3910.4105  4.49609e-17  5.25977e-18
       3914.4855  3.54714e-17  5.16628e-18
       3918.5605  5.64098e-17  5.19048e-18
       3922.6354  4.35149e-17  5.01860e-18
       3926.7104  3.98163e-17  4.84722e-18
       3930.7853  4.86331e-17  4.70961e-18
       3934.8603  5.57972e-17  4.70335e-18
       3938.9352  5.37949e-17  4.74280e-18
       3943.0102  4.93227e-17  4.78994e-18
       3947.0852  4.54819e-17  4.90582e-18
       3951.1601  4.59866e-17  4.94464e-18
       3955.2351  6.01265e-17  5.02260e-18
       3959.3100  3.24586e-17  4.74775e-18
       3963.3850  4.23559e-17  4.67937e-18
       3967.4599  4.61062e-17  4.56884e-18
       3971.5349  4.65096e-17  4.49206e-18
       3975.6099  4.41925e-17  4.57924e-18
       3979.6848  5.89584e-17  4.86398e-18
       3983.7598  4.50741e-17  4.88230e-18
       3987.8347  3.38123e-17  5.48085e-18
       3991.9097  6.12118e-17  5.52357e-18
       3995.9846  2.77176e-17  4.68829e-18
       4000.0596  5.13834e-17  4.87652e-18
       4004.1346  4.77987e-17  4.84246e-18
       4008.2095  4.17782e-17  4.85063e-18
       4012.2845  3.68919e-17  4.83087e-18
       4016.3594  4.49137e-17  4.91096e-18
       4020.4344  3.74161e-17  4.82857e-18
       4024.5093  2.68198e-17  4.71131e-18
       4028.5843  3.74423e-17  4.80264e-18
       4032.6593  3.78923e-17  4.73655e-18
       4036.7342  3.45629e-17  4.62024e-18
       4040.8092  3.99582e-17  4.73219e-18
       4044.8841  4.19631e-17  4.73867e-18
       4048.9591  4.19334e-17  4.76924e-18
       4053.0340  4.45181e-17  4.78396e-18
       4057.1090  2.89604e-17  4.63415e-18
       4061.1840  3.47232e-17  4.68251e-18
       4065.2589  4.53945e-17  4.77067e-18
       4069.3339  3.38276e-17  4.62670e-18
       4073.4088  2.39099e-17  4.56698e-18
       4077.4838  4.97239e-17  4.78015e-18
       4081.5587  2.12700e-17  4.51353e-18
       4085.6337  3.76985e-17  4.67897e-18
       4089.7087  2.29682e-17  4.56675e-18
       4093.7836  3.53530e-17  4.70781e-18
       4097.8586  2.96415e-17  4.71234e-18
       4101.9335  3.08498e-17  4.49109e-18
       4106.0085  3.45554e-17  4.41480e-18
       4110.0834  2.80527e-17  4.43718e-18
       4114.1584  2.79811e-17  4.45327e-18
       4118.2334  2.77337e-17  4.48185e-18
       4122.3083  2.34240e-17  4.48571e-18
       4126.3833  1.99615e-17  4.42599e-18
       4130.4582  3.48154e-17  4.50590e-18
       4134.5332  3.30687e-17  4.49777e-18
       4138.6081  3.02846e-17  4.48733e-18
       4142.6831  2.88218e-17  4.41958e-18
       4146.7581  2.46828e-17  4.43298e-18
       4150.8330  2.69938e-17  4.37680e-18
       4154.9080  3.64981e-17  4.47394e-18
       4158.9829  2.77867e-17  4.42429e-18
       4163.0579  2.79838e-17  4.44290e-18
       4167.1329  3.98687e-17  4.54424e-18
       4171.2078  3.31132e-17  4.51885e-18
       4175.2828  2.89590e-17  4.44922e-18
       4179.3577  2.98602e-17  4.40727e-18
       4183.4327  2.67504e-17  4.32463e-18
       4187.5076  3.02683e-17  4.31210e-18
       4191.5826  2.88250e-17  4.32814e-18
       4195.6576  3.40806e-17  4.36734e-18
       4199.7325  2.94729e-17  4.30459e-18
       4203.8075  3.43350e-17  4.31354e-18
       4207.8824  2.65751e-17  4.24826e-18
       4211.9574  2.34912e-17  4.26271e-18
       4216.0323  2.39675e-17  4.30375e-18
       4220.1073  2.86826e-17  4.32124e-18
       4224.1823  3.29801e-17  4.33137e-18
       4228.2572  3.41279e-17  4.27432e-18
       4232.3322  2.42106e-17  4.18299e-18
       4236.4071  2.37733e-17  4.17909e-18
       4240.4821  1.16452e-17  4.09586e-18
       4244.5570  2.85844e-17  4.24858e-18
       4248.6320  2.51947e-17  4.24208e-18
       4252.7070  2.90688e-17  4.24759e-18
       4256.7819  2.55829e-17  4.21637e-18
       4260.8569  1.91948e-17  4.14503e-18
       4264.9318  2.53129e-17  4.18146e-18
       4269.0068  2.59004e-17  4.18233e-18
       4273.0817  2.77690e-17  4.15224e-18
       4277.1567  3.10100e-17  4.17338e-18
       4281.2317  3.05479e-17  4.17138e-18
       4285.3066  2.42752e-17  4.16290e-18
       4289.3816  3.18951e-17  4.19732e-18
       4293.4565  2.81731e-17  4.12264e-18
       4297.5315  2.19228e-17  4.01212e-18
       4301.6064  3.16918e-17  4.08306e-18
       4305.6814  3.06767e-17  4.03250e-18
       4309.7564  2.97406e-17  3.99472e-18
       4313.8313  3.12451e-17  4.04206e-18
       4317.9063  2.34195e-17  4.09409e-18
       4321.9812  2.25142e-17  4.16207e-18
       4326.0562  2.20105e-17  4.17027e-18
       4330.1311  2.59706e-17  4.16892e-18
       4334.2061  2.17710e-17  4.11475e-18
       4338.2811  2.33019e-17  4.09733e-18
       4342.3560  2.39700e-17  4.11355e-18
       4346.4310  3.11467e-17  4.13328e-18
       4350.5059  2.60928e-17  4.10057e-18
       4354.5809  3.23028e-17  4.16208e-18
       4358.6558  3.79130e-17  4.24725e-18
       4362.7308  4.08438e-17  4.29417e-18
       4366.8058  3.16646e-17  4.27954e-18
       4370.8807  3.26444e-17  4.21821e-18
       4374.9557  1.11156e-17  4.17622e-18
       4379.0306  1.68771e-17  4.22203e-18
       4383.1056  3.73584e-17  4.14202e-18
       4387.1805  4.12265e-17  4.22512e-18
       4391.2555  4.24655e-17  4.28029e-18
       4395.3305  5.38930e-17  4.38669e-18
       4399.4054  5.32032e-17  4.40393e-18
       4403.4804  4.25324e-17  4.31109e-18
       4407.5553  4.73779e-17  4.37369e-18
       4411.6303  5.67495e-17  4.46327e-18
       4415.7052  5.03394e-17  4.46082e-18
       4419.7802  5.48734e-17  4.48996e-18
       4423.8552  6.55550e-17  4.58051e-18
       4427.9301  5.97850e-17  4.52304e-18
       4432.0051  6.68629e-17  4.59058e-18
       4436.0800  5.86197e-17  4.51220e-18
       4440.1550  6.14343e-17  4.53561e-18
       4444.2300  6.31711e-17  4.58612e-18
       4448.3049  6.28718e-17  4.55370e-18
       4452.3799  6.68342e-17  4.57011e-18
       4456.4548  6.68926e-17  4.53329e-18
       4460.5298  6.30010e-17  4.49330e-18
       4464.6047  7.07130e-17  4.56065e-18
       4468.6797  7.08891e-17  4.59240e-18
       4472.7547  7.41678e-17  4.63408e-18
       4476.8296  7.00626e-17  4.59599e-18
       4480.9046  7.84451e-17  4.66071e-18
       4484.9795  8.15110e-17  4.70064e-18
       4489.0545  8.38505e-17  4.72349e-18
       4493.1294  7.86954e-17  4.68208e-18
       4497.2044  7.17465e-17  4.63604e-18
       4501.2794  8.25525e-17  4.73732e-18
       4505.3543  8.70531e-17  4.78912e-18
       4509.4293  7.93581e-17  4.72933e-18
       4513.5042  8.12986e-17  4.74911e-18
       4517.5792  8.22054e-17  4.75957e-18
       4521.6541  7.30956e-17  4.67951e-18
       4525.7291  7.53907e-17  4.69066e-18
       4529.8041  8.08414e-17  4.72565e-18
       4533.8790  8.04314e-17  4.67660e-18
       4537.9540  8.90299e-17  4.74993e-18
       4542.0289  7.96004e-17  4.69158e-18
       4546.1039  7.52246e-17  4.68082e-18
       4550.1788  8.51065e-17  4.74887e-18
       4554.2538  7.09524e-17  4.61670e-18
       4558.3288  8.36164e-17  4.71716e-18
       4562.4037  7.32441e-17  4.62033e-18
       4566.4787  8.49137e-17  4.70358e-18
       4570.5536  7.12548e-17  4.56360e-18
       4574.6286  7.03274e-17  4.64035e-18
       4578.7035  7.71490e-17  4.65401e-18
       4582.7785  7.62183e-17  4.70331e-18
       4586.8535  8.35596e-17  4.71439e-18
       4590.9284  7.63657e-17  4.64853e-18
       4595.0034  8.12839e-17  4.66060e-18
       4599.0783  8.04957e-17  4.66442e-18
       4603.1533  9.61478e-17  4.77794e-18
       4607.2282  9.30172e-17  4.76638e-18
       4611.3032  8.05736e-17  4.68724e-18
       4615.3782  8.28895e-17  4.74193e-18
       4619.4531  9.35616e-17  4.81126e-18
       4623.5281  9.37700e-17  4.79489e-18
       4627.6030  9.48334e-17  4.83268e-18
       4631.6780  1.06024e-16  4.91827e-18
       4635.7529  1.04050e-16  4.87422e-18
       4639.8279  1.01298e-16  4.84404e-18
       4643.9029  1.08688e-16  4.91758e-18
       4647.9778  1.11970e-16  4.93862e-18
       4652.0528  1.09744e-16  4.93025e-18
       4656.1277  1.20139e-16  5.01598e-18
       4660.2027  1.19637e-16  5.02891e-18
       4664.2776  1.21462e-16  5.04196e-18
       4668.3526  1.31095e-16  5.12532e-18
       4672.4276  1.31345e-16  5.12044e-18
       4676.5025  1.39409e-16  5.19060e-18
       4680.5775  1.48538e-16  5.27999e-18
       4684.6524  1.52077e-16  5.30422e-18
       4688.7274  1.45552e-16  5.23729e-18
       4692.8024  1.33799e-16  5.14461e-18
       4696.8773  1.45153e-16  5.22321e-18
       4700.9523  1.43450e-16  5.22321e-18
       4705.0272  1.30999e-16  5.13865e-18
       4709.1022  1.30985e-16  5.07109e-18
       4713.1771  1.40256e-16  5.17464e-18
       4717.2521  1.32496e-16  5.12587e-18
       4721.3271  1.18828e-16  5.02439e-18
       4725.4020  1.21010e-16  5.03017e-18
       4729.4770  1.26934e-16  5.05635e-18
       4733.5519  1.16154e-16  4.97241e-18
       4737.6269  1.06743e-16  4.89991e-18
       4741.7018  1.05887e-16  4.88472e-18
       4745.7768  1.06508e-16  4.89486e-18
       4749.8518  1.04444e-16  4.84845e-18
       4753.9267  9.37032e-17  4.75387e-18
       4758.0017  8.66797e-17  4.69641e-18
       4762.0766  9.06679e-17  4.71224e-18
       4766.1516  9.30132e-17  4.76580e-18
       4770.2265  7.90911e-17  4.65668e-18
       4774.3015  8.59032e-17  4.69012e-18
       4778.3765  8.69637e-17  4.73375e-18
       4782.4514  9.02198e-17  4.73011e-18
       4786.5264  8.22393e-17  4.69117e-18
       4790.6013  8.76707e-17  4.69946e-18
       4794.6763  8.06374e-17  4.68469e-18
       4798.7512  8.03138e-17  4.70758e-18
       4802.8262  8.15460e-17  4.68920e-18
       4806.9012  8.48448e-17  4.73454e-18
       4810.9761  9.31821e-17  4.79237e-18
       4815.0511  9.46942e-17  4.82098e-18
       4819.1260  9.36928e-17  4.84279e-18
       4823.2010  9.40283e-17  4.84443e-18
       4827.2759  9.48494e-17  4.86402e-18
       4831.3509  9.68763e-17  4.85594e-18
       4835.4259  9.53992e-17  4.84105e-18
       4839.5008  9.71350e-17  4.87754e-18
       4843.5758  9.31585e-17  4.85120e-18
       4847.6507  9.23506e-17  4.81073e-18
       4851.7257  1.09296e-16  4.91151e-18
       4855.8006  9.24488e-17  4.73820e-18
       4859.8756  9.32539e-17  4.70749e-18
       4863.9506  8.52055e-17  4.66482e-18
       4868.0255  8.35745e-17  4.61688e-18
       4872.1005  9.72155e-17  4.79450e-18
       4876.1754  8.79560e-17  4.74570e-18
       4880.2504  8.09907e-17  4.64447e-18
       4884.3253  9.41856e-17  4.75737e-18
       4888.4003  9.09157e-17  4.76525e-18
       4892.4753  8.65147e-17  4.70530e-18
       4896.5502  8.79885e-17  4.73375e-18
       4900.6252  8.39844e-17  4.72467e-18
       4904.7001  7.79460e-17  4.66928e-18
       4908.7751  7.56408e-17  4.62756e-18
       4912.8500  8.51817e-17  4.69081e-18
       4916.9250  7.84133e-17  4.61598e-18
       4921.0000  7.02132e-17  4.53241e-18
       4925.0749  6.58826e-17  4.49496e-18
       4929.1499  5.96870e-17  4.46528e-18
       4933.2248  6.63298e-17  4.53567e-18
       4937.2998  7.21279e-17  4.57116e-18
       4941.3748  6.07894e-17  4.48043e-18
       4945.4497  5.56522e-17  4.45010e-18
       4949.5247  5.99622e-17  4.48381e-18
       4953.5996  6.36912e-17  4.48900e-18
       4957.6746  6.48359e-17  4.50802e-18
       4961.7495  5.49599e-17  4.42902e-18
       4965.8245  6.48360e-17  4.48707e-18
       4969.8995  6.48723e-17  4.53173e-18
       4973.9744  5.75779e-17  4.46401e-18
       4978.0494  6.33769e-17  4.50812e-18
       4982.1243  6.11188e-17  4.50835e-18
       4986.1993  6.90690e-17  4.54324e-18
       4990.2742  7.15837e-17  4.60031e-18
       4994.3492  6.96121e-17  4.58121e-18
       4998.4242  6.91438e-17  4.56612e-18
       5002.4991  6.87977e-17  4.55650e-18
       5006.5741  7.11015e-17  4.55500e-18
       5010.6490  8.05509e-17  4.64335e-18
       5014.7240  7.84980e-17  4.64139e-18
       5018.7989  7.25234e-17  4.57826e-18
       5022.8739  7.85571e-17  4.62382e-18
       5026.9489  7.64926e-17  4.64454e-18
       5031.0238  7.28826e-17  4.60896e-18
       5035.0988  8.62615e-17  4.69168e-18
       5039.1737  7.20550e-17  4.58125e-18
       5043.2487  7.48494e-17  4.57691e-18
       5047.3236  6.79457e-17  4.57879e-18
       5051.3986  7.26705e-17  4.59540e-18
       5055.4736  7.57696e-17  4.59012e-18
       5059.5485  7.46340e-17  4.57704e-18
       5063.6235  7.65790e-17  4.63743e-18
       5067.6984  7.39907e-17  4.59559e-18
       5071.7734  7.13783e-17  4.55616e-18
       5075.8483  6.25169e-17  4.48068e-18
       5079.9233  6.26756e-17  4.40195e-18
       5083.9983  6.23034e-17  4.45080e-18
       5088.0732  6.67923e-17  4.51659e-18
       5092.1482  6.98241e-17  4.55692e-18
       5096.2231  6.17185e-17  4.47535e-18
       5100.2981  5.86383e-17  4.47046e-18
       5104.3730  6.27342e-17  4.44797e-18
       5108.4480  6.33342e-17  4.46172e-18
       5112.5230  6.51666e-17  4.47479e-18
       5116.5979  6.30731e-17  4.47260e-18
       5120.6729  6.58283e-17  4.47860e-18
       5124.7478  7.19210e-17  4.54919e-18
       5128.8228  7.08736e-17  4.53131e-18
       5132.8977  6.90030e-17  4.52439e-18
       5136.9727  6.87205e-17  4.57057e-18
       5141.0477  7.14070e-17  4.57071e-18
       5145.1226  7.26979e-17  4.59414e-18
       5149.1976  7.57093e-17  4.62752e-18
       5153.2725  7.68798e-17  4.68300e-18
       5157.3475  8.11663e-17  4.67608e-18
       5161.4224  8.24900e-17  4.63938e-18
       5165.4974  9.16810e-17  4.69909e-18
       5169.5724  9.25709e-17  4.72438e-18
       5173.6473  9.40891e-17  4.73553e-18
       5177.7223  1.00714e-16  4.78308e-18
       5181.7972  9.63969e-17  4.78084e-18
       5185.8722  1.01528e-16  4.83732e-18
       5189.9472  1.18519e-16  4.98266e-18
       5194.0221  1.24042e-16  5.06679e-18
       5198.0971  1.20292e-16  5.09935e-18
       5202.1720  1.27148e-16  5.13704e-18
       5206.2470  1.26087e-16  5.10851e-18
       5210.3219  1.30152e-16  5.14045e-18
       5214.3969  1.39787e-16  5.20258e-18
       5218.4719  1.41261e-16  5.24661e-18
       5222.5468  1.40503e-16  5.20481e-18
       5226.6218  1.42781e-16  5.24943e-18
       5230.6967  1.42240e-16  5.23400e-18
       5234.7717  1.40001e-16  5.25932e-18
       5238.8466  1.48897e-16  5.34319e-18
       5242.9216  1.45147e-16  5.27698e-18
       5246.9966  1.53864e-16  5.32062e-18
       5251.0715  1.63174e-16  5.40133e-18
       5255.1465  1.59228e-16  5.38854e-18
       5259.2214  1.53913e-16  5.34356e-18
       5263.2964  1.58041e-16  5.36222e-18
       5267.3713  1.66130e-16  5.40691e-18
       5271.4463  1.67498e-16  5.44117e-18
       5275.5213  1.69624e-16  5.42749e-18
       5279.5962  1.65348e-16  5.43967e-18
       5283.6712  1.62895e-16  5.47133e-18
       5287.7461  1.80948e-16  5.56788e-18
       5291.8211  1.78722e-16  5.55831e-18
       5295.8960  1.76744e-16  5.55145e-18
       5299.9710  1.80312e-16  5.59606e-18
       5304.0460  1.80128e-16  5.59771e-18
       5308.1209  1.83612e-16  5.62648e-18
       5312.1959  1.83779e-16  5.64046e-18
       5316.2708  1.87250e-16  5.67551e-18
       5320.3458  1.94370e-16  5.71524e-18
       5324.4207  1.89075e-16  5.70140e-18
       5328.4957  1.90872e-16  5.69583e-18
       5332.5707  2.03171e-16  5.76917e-18
       5336.6456  1.92878e-16  5.69447e-18
       5340.7206  1.97435e-16  5.73142e-18
       5344.7955  1.95222e-16  5.71578e-18
       5348.8705  2.02467e-16  5.76186e-18
       5352.9454  2.01635e-16  5.80719e-18
       5357.0204  1.88906e-16  5.70035e-18
       5361.0954  2.01871e-16  5.78516e-18
       5365.1703  2.05594e-16  5.80728e-18
       5369.2453  2.13423e-16  5.89349e-18
       5373.3202  2.15917e-16  5.86358e-18
       5377.3952  1.98657e-16  5.81242e-18
       5381.4701  1.96520e-16  5.79364e-18
       5385.5451  1.90717e-16  5.76089e-18
       5389.6201  2.10571e-16  5.88200e-18
       5393.6950  2.08329e-16  5.87338e-18
       5397.7700  2.10541e-16  5.88209e-18
       5401.8449  2.10943e-16  5.87565e-18
       5405.9199  2.08410e-16  5.85777e-18
       5409.9948  2.07035e-16  5.82846e-18
       5414.0698  1.99827e-16  5.79225e-18
       5418.1448  2.04653e-16  5.82198e-18
       5422.2197  1.96260e-16  5.76494e-18
       5426.2947  1.89745e-16  5.72303e-18
       5430.3696  1.85424e-16  5.66541e-18
       5434.4446  1.92974e-16  5.75733e-18
       5438.5195  1.90109e-16  5.75347e-18
       5442.5945  1.90751e-16  5.75158e-18
       5446.6695  1.89526e-16  5.77333e-18
       5450.7444  1.68066e-16  5.61969e-18
       5454.8194  1.87833e-16  5.72702e-18
       5458.8943  1.91109e-16  5.77104e-18
       5462.9693  1.78447e-16  5.67840e-18
       5467.0443  1.85471e-16  5.72872e-18
       5471.1192  1.94168e-16  5.78600e-18
       5475.1942  1.87470e-16  5.77525e-18
       5479.2691  1.96510e-16  5.78609e-18
       5483.3441  1.99023e-16  5.96005e-18
       5487.4190  1.92790e-16  5.92259e-18
       5491.4940  2.04335e-16  5.89143e-18
       5495.5690  2.16097e-16  5.99694e-18
       5499.6439  2.20170e-16  6.04029e-18
       5503.7189  2.12519e-16  6.00526e-18
       5507.7938  2.16037e-16  6.02493e-18
       5511.8688  2.37870e-16  6.18082e-18
       5515.9437  2.43819e-16  7.13934e-18
       5520.0187  2.58249e-16  7.52638e-18
       5524.0937  2.48779e-16  6.72281e-18
       5528.1686  2.62591e-16  6.37872e-18
       5532.2436  2.67520e-16  6.42361e-18
       5536.3185  2.65473e-16  6.39707e-18
       5540.3935  2.80168e-16  6.52337e-18
       5544.4684  2.66212e-16  6.45493e-18
       5548.5434  2.75139e-16  6.51935e-18
       5552.6184  2.69738e-16  6.45140e-18
       5556.6933  2.74870e-16  6.50935e-18
       5560.7683  2.84536e-16  6.57227e-18
       5564.8432  2.79950e-16  6.53612e-18
       5568.9182  2.83996e-16  7.52824e-18
       5572.9931  2.79862e-16  8.43850e-18
       5577.0681  2.85304e-16  8.62711e-18
       5581.1431  2.91777e-16  8.59358e-18
       5585.2180  2.79452e-16  7.69606e-18
       5589.2930  2.75711e-16  6.61841e-18
       5593.3679  2.76326e-16  6.53504e-18
       5597.4429  2.63432e-16  6.44588e-18
       5601.5178  2.72009e-16  6.52617e-18
       5605.5928  2.71542e-16  6.53012e-18
       5609.6678  2.75523e-16  6.54885e-18
       5613.7427  2.86516e-16  6.64728e-18
       5617.8177  2.67416e-16  6.49625e-18
       5621.8926  2.79202e-16  6.56806e-18
       5625.9676  2.75260e-16  6.53569e-18
       5630.0425  2.63647e-16  6.45047e-18
       5634.1175  2.78401e-16  6.55981e-18
       5638.1925  2.74415e-16  6.51516e-18
       5642.2674  2.63465e-16  6.46669e-18
       5646.3424  2.76447e-16  6.58653e-18
       5650.4173  2.64766e-16  6.49804e-18
       5654.4923  2.69888e-16  6.50222e-18
       5658.5672  2.83926e-16  6.60699e-18
       5662.6422  2.87794e-16  6.64093e-18
       5666.7172  2.86939e-16  6.63149e-18
       5670.7921  2.83523e-16  6.62400e-18
       5674.8671  2.84769e-16  6.65212e-18
       5678.9420  2.90779e-16  6.68553e-18
       5683.0170  3.06486e-16  6.78143e-18
       5687.0919  3.04767e-16  6.80626e-18
       5691.1669  3.06815e-16  6.83006e-18
       5695.2419  3.38094e-16  7.00771e-18
       5699.3168  3.21353e-16  6.91543e-18
       5703.3918  3.22365e-16  6.92296e-18
       5707.4667  3.19811e-16  6.90287e-18
       5711.5417  3.18216e-16  6.91133e-18
       5715.6167  3.33310e-16  6.96942e-18
       5719.6916  3.18103e-16  6.89857e-18
       5723.7666  3.12011e-16  6.88178e-18
       5727.8415  3.20488e-16  6.92919e-18
       5731.9165  3.18403e-16  6.87795e-18
       5735.9914  3.14521e-16  6.85626e-18
       5740.0664  3.10003e-16  6.87458e-18
       5744.1414  3.10079e-16  6.87569e-18
       5748.2163  3.01364e-16  6.81200e-18
       5752.2913  2.91260e-16  6.71955e-18
       5756.3662  2.99696e-16  6.75964e-18
       5760.4412  3.02538e-16  6.80471e-18
       5764.5161  2.92661e-16  6.75990e-18
       5768.5911  2.89340e-16  6.68122e-18
       5772.6661  2.76168e-16  6.61446e-18
       5776.7410  2.71347e-16  6.58006e-18
       5780.8160  2.66508e-16  6.54241e-18
       5784.8909  2.66258e-16  6.53943e-18
       5788.9659  2.59829e-16  6.49713e-18
       5793.0408  2.56825e-16  6.50993e-18
       5797.1158  2.53574e-16  6.49071e-18
       5801.1908  2.64312e-16  6.53444e-18
       5805.2657  2.58624e-16  6.49470e-18
       5809.3407  2.50708e-16  6.44769e-18
       5813.4156  2.50934e-16  6.46154e-18
       5817.4906  2.49146e-16  6.47080e-18
       5821.5655  2.60560e-16  6.54003e-18
       5825.6405  2.53357e-16  6.50475e-18
       5829.7155  2.54334e-16  6.52486e-18
       5833.7904  2.56860e-16  6.52537e-18
       5837.8654  2.49926e-16  6.47381e-18
       5841.9403  2.67378e-16  6.60220e-18
       5846.0153  2.57530e-16  6.51757e-18
       5850.0902  2.55447e-16  6.50923e-18
       5854.1652  2.59035e-16  6.52735e-18
       5858.2402  2.55496e-16  6.51829e-18
       5862.3151  2.39546e-16  6.45755e-18
       5866.3901  2.37651e-16  6.49235e-18
       5870.4650  2.39911e-16  6.50944e-18
       5874.5400  2.33896e-16  6.43706e-18
       5878.6149  2.48132e-16  6.51585e-18
       5882.6899  2.51744e-16  6.69086e-18
       5886.7649  2.34626e-16  6.80902e-18
       5890.8398  2.27365e-16  6.88637e-18
       5894.9148  2.24436e-16  6.83158e-18
       5898.9897  2.35839e-16  6.73683e-18
       5903.0647  2.41335e-16  6.56697e-18
       5907.1396  2.30038e-16  6.43017e-18
       5911.2146  2.36580e-16  6.44431e-18
       5915.2896  2.35278e-16  6.45988e-18
       5919.3645  2.34169e-16  6.43783e-18
       5923.4395  2.38844e-16  6.47052e-18
       5927.5144  2.24034e-16  6.40454e-18
       5931.5894  2.16149e-16  6.35445e-18
       5935.6643  2.18031e-16  6.32344e-18
       5939.7393  2.27524e-16  6.31437e-18
       5943.8143  1.85304e-16  6.28621e-18
       5947.8892  1.69947e-16  6.23989e-18
       5951.9642  2.03656e-16  6.19453e-18
       5956.0391  1.95460e-16  6.14201e-18
       5960.1141  2.02394e-16  6.20076e-18
       5964.1891  1.94650e-16  6.10254e-18
       5968.2640  1.97450e-16  6.12194e-18
       5972.3390  2.02594e-16  6.20655e-18
       5976.4139  1.94620e-16  6.13890e-18
       5980.4889  1.94982e-16  6.12750e-18
       5984.5638  1.99682e-16  6.11648e-18
       5988.6388  2.02501e-16  6.09876e-18
       5992.7138  1.91559e-16  6.07866e-18
       5996.7887  1.97272e-16  6.12193e-18
       6000.8637  2.05847e-16  6.16116e-18
       6004.9386  2.09579e-16  6.21854e-18
       6009.0136  2.06424e-16  6.16423e-18
       6013.0885  1.94477e-16  6.03786e-18
       6017.1635  1.94854e-16  6.08170e-18
       6021.2385  1.92970e-16  6.06471e-18
       6025.3134  1.90288e-16  6.04612e-18
       6029.3884  1.92846e-16  6.07947e-18
       6033.4633  2.01618e-16  6.13163e-18
       6037.5383  1.93922e-16  6.05961e-18
       6041.6132  2.05446e-16  6.14884e-18
       6045.6882  2.06492e-16  6.13163e-18
       6049.7632  1.95500e-16  6.06131e-18
       6053.8381  2.07300e-16  6.16455e-18
       6057.9131  2.01381e-16  6.10102e-18
       6061.9880  1.84259e-16  6.01191e-18
       6066.0630  1.89239e-16  6.02824e-18
       6070.1379  1.87912e-16  6.00578e-18
       6074.2129  1.91480e-16  6.01304e-18
       6078.2879  1.94128e-16  6.05001e-18
       6082.3628  1.99998e-16  6.07891e-18
       6086.4378  1.93596e-16  6.05874e-18
       6090.5127  1.99208e-16  6.05659e-18
       6094.5877  1.83146e-16  5.96540e-18
       6098.6626  1.92763e-16  5.99861e-18
       6102.7376  1.82745e-16  5.93950e-18
       6106.8126  1.92564e-16  6.02398e-18
       6110.8875  1.85274e-16  5.99654e-18
       6114.9625  1.89161e-16  6.00148e-18
       6119.0374  1.88730e-16  5.96509e-18
       6123.1124  1.81805e-16  5.89045e-18
       6127.1873  1.86772e-16  5.95986e-18
       6131.2623  1.91425e-16  6.00441e-18
       6135.3373  1.83277e-16  5.93615e-18
       6139.4122  1.81016e-16  5.94778e-18
       6143.4872  1.80241e-16  5.97804e-18
       6147.5621  1.75923e-16  5.92717e-18
       6151.6371  1.81607e-16  5.96572e-18
       6155.7120  1.71258e-16  5.90656e-18
       6159.7870  1.75480e-16  5.86998e-18
       6163.8620  1.73437e-16  5.88644e-18
       6167.9369  1.60315e-16  5.80474e-18
       6172.0119  1.44443e-16  5.68239e-18
       6176.0868  1.49561e-16  5.71187e-18
       6180.1618  1.45408e-16  5.67227e-18
       6184.2367  1.38395e-16  5.58615e-18
       6188.3117  1.37790e-16  5.54963e-18
       6192.3867  1.31061e-16  5.47678e-18
       6196.4616  1.23136e-16  5.45756e-18
       6200.5366  1.26858e-16  5.46963e-18
       6204.6115  1.13812e-16  5.39675e-18
       6208.6865  1.13437e-16  5.39322e-18
       6212.7615  1.19994e-16  5.40020e-18
       6216.8364  1.15905e-16  5.34017e-18
       6220.9114  1.05687e-16  5.30182e-18
       6224.9863  1.08718e-16  5.27960e-18
       6229.0613  9.74893e-17  5.27865e-18
       6233.1362  8.57757e-17  5.24463e-18
       6237.2112  9.03600e-17  5.32166e-18
       6241.2862  8.43631e-17  5.27475e-18
       6245.3611  8.05223e-17  5.15746e-18
       6249.4361  9.14989e-17  5.20700e-18
       6253.5110  9.29115e-17  5.21787e-18
       6257.5860  7.92617e-17  5.16835e-18
       6261.6609  7.70709e-17  5.15149e-18
       6265.7359  7.40597e-17  5.08685e-18
       6269.8109  8.50879e-17  5.12017e-18
       6273.8858  7.78039e-17  5.00851e-18
       6277.9608  7.81737e-17  5.00900e-18
       6282.0357  3.30190e-17  5.01956e-18
       6286.1107  5.18826e-17  5.03132e-18
       6290.1856  7.56199e-17  5.18822e-18
       6294.2606  8.47604e-17  5.91455e-18
       6298.3356  8.22879e-17  6.39543e-18
       6302.4105  8.61248e-17  6.45952e-18
       6306.4855  9.06032e-17  6.35642e-18
       6310.5604  8.89107e-17  5.76145e-18
       6314.6354  9.52541e-17  5.28634e-18
       6318.7103  9.54484e-17  5.25982e-18
       6322.7853  8.07702e-17  5.25323e-18
       6326.8603  1.05160e-16  5.40480e-18
       6330.9352  1.17263e-16  5.46463e-18
       6335.0102  1.08151e-16  5.41294e-18
       6339.0851  1.16263e-16  5.43968e-18
       6343.1601  1.25503e-16  5.43940e-18
       6347.2350  1.29204e-16  5.51781e-18
       6351.3100  1.34190e-16  5.62114e-18
       6355.3850  1.36336e-16  5.72777e-18
       6359.4599  1.36324e-16  5.92405e-18
       6363.5349  1.41994e-16  6.05122e-18
       6367.6098  1.38643e-16  6.04864e-18
       6371.6848  1.44493e-16  5.97292e-18
       6375.7597  1.40239e-16  5.66231e-18
       6379.8347  1.44957e-16  5.67512e-18
       6383.9097  1.56526e-16  5.75400e-18
       6387.9846  1.37575e-16  5.66151e-18
       6392.0596  1.47891e-16  5.68717e-18
       6396.1345  1.51676e-16  5.72700e-18
       6400.2095  1.47266e-16  5.70434e-18
       6404.2844  1.50044e-16  5.71391e-18
       6408.3594  1.67725e-16  5.81342e-18
       6412.4344  1.70736e-16  5.87158e-18
       6416.5093  1.61106e-16  5.82138e-18
       6420.5843  1.59824e-16  5.80980e-18
       6424.6592  1.69249e-16  5.88465e-18
       6428.7342  1.70989e-16  5.88919e-18
       6432.8091  1.66804e-16  5.84654e-18
       6436.8841  1.77709e-16  5.91725e-18
       6440.9591  1.82447e-16  5.95530e-18
       6445.0340  1.72538e-16  5.88077e-18
       6449.1090  1.70281e-16  5.87396e-18
       6453.1839  1.78618e-16  5.98147e-18
       6457.2589  1.87366e-16  6.07724e-18
       6461.3338  1.93579e-16  6.14634e-18
       6465.4088  1.87078e-16  6.16882e-18
       6469.4838  1.86665e-16  6.16159e-18
       6473.5587  1.95906e-16  6.19314e-18
       6477.6337  1.96960e-16  6.15696e-18
       6481.7086  1.89470e-16  6.04870e-18
       6485.7836  2.05063e-16  6.18153e-18
       6489.8586  1.93367e-16  6.06822e-18
       6493.9335  1.96124e-16  6.18471e-18
       6498.0085  2.09178e-16  6.37939e-18
       6502.0834  2.02280e-16  6.33605e-18
       6506.1584  2.08261e-16  6.35710e-18
       6510.2333  2.10108e-16  6.34225e-18
       6514.3083  2.21961e-16  6.37794e-18
       6518.3833  2.25981e-16  6.36320e-18
       6522.4582  2.17894e-16  6.32860e-18
       6526.5332  2.31361e-16  6.47633e-18
       6530.6081  2.37833e-16  6.56524e-18
       6534.6831  2.46218e-16  6.60829e-18
       6538.7580  2.51891e-16  6.70933e-18
       6542.8330  2.52083e-16  6.62097e-18
       6546.9080  2.52077e-16  6.68143e-18
       6550.9829  2.49991e-16  6.70599e-18
       6555.0579  2.55501e-16  6.73131e-18
       6559.1328  2.59813e-16  6.77589e-18
       6563.2078  2.60724e-16  6.73459e-18
       6567.2827  2.56143e-16  6.63585e-18
       6571.3577  2.60204e-16  6.70648e-18
       6575.4327  2.57370e-16  6.72326e-18
       6579.5076  2.42230e-16  6.63117e-18
       6583.5826  2.51738e-16  6.67147e-18
       6587.6575  2.52177e-16  6.62797e-18
       6591.7325  2.54881e-16  6.62664e-18
       6595.8074  2.40021e-16  6.53389e-18
       6599.8824  2.48660e-16  6.61356e-18
       6603.9574  2.61181e-16  6.71608e-18
       6608.0323  2.62860e-16  6.68868e-18
       6612.1073  2.52208e-16  6.61816e-18
       6616.1822  2.58272e-16  6.65958e-18
       6620.2572  2.68069e-16  6.74126e-18
       6624.3321  2.56444e-16  6.65421e-18
       6628.4071  2.53213e-16  6.62164e-18
       6632.4821  2.64556e-16  6.71527e-18
       6636.5570  2.51599e-16  6.64155e-18
       6640.6320  2.46190e-16  6.56297e-18
       6644.7069  2.40490e-16  6.54972e-18
       6648.7819  2.40366e-16  6.52186e-18
       6652.8568  2.54308e-16  6.61367e-18
       6656.9318  2.33559e-16  6.49156e-18
       6661.0068  2.45007e-16  6.58657e-18
       6665.0817  2.40899e-16  6.58185e-18
       6669.1567  2.40732e-16  6.55037e-18
       6673.2316  2.54350e-16  6.62349e-18
       6677.3066  2.35648e-16  6.50755e-18
       6681.3815  2.26507e-16  6.44166e-18
       6685.4565  2.36903e-16  6.52039e-18
       6689.5315  2.25542e-16  6.45692e-18
       6693.6064  2.32923e-16  6.48890e-18
       6697.6814  2.27484e-16  6.49546e-18
       6701.7563  2.42802e-16  6.55823e-18
       6705.8313  2.30489e-16  6.47929e-18
       6709.9062  2.30612e-16  6.49510e-18
       6713.9812  2.35445e-16  6.49773e-18
       6718.0562  2.45984e-16  6.60439e-18
       6722.1311  2.56082e-16  6.66844e-18
       6722.5747  2.39452e-16  2.84275e-18
       6726.7838  2.42409e-16  2.86221e-18
       6730.9929  2.44894e-16  2.86784e-18
       6735.2020  2.38495e-16  2.84282e-18
       6739.4111  2.36946e-16  2.82953e-18
       6743.6202  2.37357e-16  2.83713e-18
       6747.8293  2.38848e-16  2.83293e-18
       6752.0384  2.31909e-16  2.80196e-18
       6756.2476  2.31201e-16  2.79734e-18
       6760.4567  2.30443e-16  2.79125e-18
       6764.6658  2.23523e-16  2.76453e-18
       6768.8749  2.18910e-16  2.74563e-18
       6773.0840  2.15449e-16  2.73043e-18
       6777.2931  2.20508e-16  2.74745e-18
       6781.5022  2.17304e-16  2.72649e-18
       6785.7113  2.12124e-16  2.69156e-18
       6789.9204  2.15546e-16  2.70647e-18
       6794.1295  2.12340e-16  2.69731e-18
       6798.3387  2.10714e-16  2.68929e-18
       6802.5478  2.07778e-16  2.66802e-18
       6806.7569  2.16373e-16  2.70864e-18
       6810.9660  2.09393e-16  2.67774e-18
       6815.1751  2.08475e-16  2.68837e-18
       6819.3842  2.11776e-16  2.76149e-18
       6823.5933  2.11291e-16  2.81663e-18
       6827.8024  2.13876e-16  2.85144e-18
       6832.0115  2.07728e-16  2.81456e-18
       6836.2206  2.15937e-16  2.78541e-18
       6840.4298  2.15379e-16  2.74359e-18
       6844.6389  2.11704e-16  2.69699e-18
       6848.8480  2.18978e-16  2.71740e-18
       6853.0571  2.16161e-16  2.75536e-18
       6857.2662  2.15400e-16  2.78139e-18
       6861.4753  2.14926e-16  2.73338e-18
       6865.6844  2.01127e-16  2.61383e-18
       6869.8935  1.88902e-16  2.44693e-18
       6874.1026  1.98841e-16  2.45178e-18
       6878.3117  2.11201e-16  2.53616e-18
       6882.5209  2.10825e-16  2.55301e-18
       6886.7300  2.08897e-16  2.55531e-18
       6890.9391  1.98700e-16  2.52784e-18
       6895.1482  1.97802e-16  2.51915e-18
       6899.3573  1.99316e-16  2.54098e-18
       6903.5664  1.99572e-16  2.55919e-18
       6907.7755  1.95341e-16  2.54959e-18
       6911.9846  1.92040e-16  2.58357e-18
       6916.1937  1.91730e-16  2.60015e-18
       6920.4028  1.84619e-16  2.57217e-18
       6924.6120  1.80508e-16  2.54136e-18
       6928.8211  1.78664e-16  2.50545e-18
       6933.0302  1.75972e-16  2.48453e-18
       6937.2393  1.74959e-16  2.51524e-18
       6941.4484  1.72592e-16  2.53579e-18
       6945.6575  1.69979e-16  2.52097e-18
       6949.8666  1.66694e-16  2.49045e-18
       6954.0757  1.64584e-16  2.44254e-18
       6958.2848  1.68354e-16  2.43224e-18
       6962.4939  1.68875e-16  2.46983e-18
       6966.7030  1.69996e-16  2.49265e-18
       6970.9122  1.73357e-16  2.52911e-18
       6975.1213  1.70418e-16  2.51083e-18
       6979.3304  1.73535e-16  2.51721e-18
       6983.5395  1.72221e-16  2.48102e-18
       6987.7486  1.69083e-16  2.44562e-18
       6991.9577  1.76757e-16  2.47819e-18
       6996.1668  1.75075e-16  2.48766e-18
       7000.3759  1.74004e-16  2.48490e-18
       7004.5850  1.73954e-16  2.49461e-18
       7008.7941  1.76484e-16  2.49963e-18
       7013.0033  1.80194e-16  2.50378e-18
       7017.2124  1.81188e-16  2.49561e-18
       7021.4215  1.83143e-16  2.50781e-18
       7025.6306  1.87516e-16  2.53303e-18
       7029.8397  1.90863e-16  2.54593e-18
       7034.0488  1.93356e-16  2.57212e-18
       7038.2579  1.89771e-16  2.57233e-18
       7042.4670  1.95802e-16  2.60623e-18
       7046.6761  1.91126e-16  2.59362e-18
       7050.8852  1.96637e-16  2.61114e-18
       7055.0944  2.01481e-16  2.62683e-18
       7059.3035  2.00585e-16  2.61976e-18
       7063.5126  1.99489e-16  2.62388e-18
       7067.7217  1.99203e-16  2.62272e-18
       7071.9308  2.01703e-16  2.63120e-18
       7076.1399  1.99051e-16  2.62679e-18
       7080.3490  2.02860e-16  2.64448e-18
       7084.5581  2.00469e-16  2.63669e-18
       7088.7672  1.90660e-16  2.59236e-18
       7092.9763  1.93842e-16  2.59778e-18
       7097.1855  1.94472e-16  2.59871e-18
       7101.3946  1.90886e-16  2.58292e-18
       7105.6037  1.91886e-16  2.58600e-18
       7109.8128  1.89184e-16  2.57664e-18
       7114.0219  1.85098e-16  2.55406e-18
       7118.2310  1.80594e-16  2.52766e-18
       7122.4401  1.75572e-16  2.50812e-18
       7126.6492  1.69200e-16  2.46911e-18
       7130.8583  1.73031e-16  2.49301e-18
       7135.0674  1.66486e-16  2.46794e-18
       7139.2765  1.71487e-16  2.49632e-18
       7143.4857  1.61931e-16  2.44178e-18
       7147.6948  1.49876e-16  2.37958e-18
       7151.9039  1.49992e-16  2.36938e-18
       7156.1130  1.49205e-16  2.36408e-18
       7160.3221  1.49972e-16  2.35106e-18
       7164.5312  1.48194e-16  2.32997e-18
       7168.7403  1.43019e-16  2.26795e-18
       7172.9494  1.37786e-16  2.23118e-18
       7177.1585  1.35830e-16  2.19957e-18
       7181.3676  1.36053e-16  2.18891e-18
       7185.5768  1.34761e-16  2.17438e-18
       7189.7859  1.36823e-16  2.18140e-18
       7193.9950  1.40108e-16  2.19340e-18
       7198.2041  1.41244e-16  2.21576e-18
       7202.4132  1.35248e-16  2.18942e-18
       7206.6223  1.42230e-16  2.24260e-18
       7210.8314  1.38681e-16  2.25128e-18
       7215.0405  1.38260e-16  2.26841e-18
       7219.2496  1.40264e-16  2.29056e-18
       7223.4587  1.41469e-16  2.28500e-18
       7227.6679  1.36251e-16  2.31285e-18
       7231.8770  1.36010e-16  2.44045e-18
       7236.0861  1.32842e-16  2.55169e-18
       7240.2952  1.34679e-16  2.56905e-18
       7244.5043  1.31640e-16  2.49609e-18
       7248.7134  1.29942e-16  2.36697e-18
       7252.9225  1.27514e-16  2.24506e-18
       7257.1316  1.25622e-16  2.21325e-18
       7261.3407  1.29306e-16  2.21958e-18
       7265.5498  1.27064e-16  2.34588e-18
       7269.7590  1.27040e-16  2.47225e-18
       7273.9681  1.29109e-16  2.53593e-18
       7278.1772  1.29712e-16  2.52640e-18
       7282.3863  1.27486e-16  2.38472e-18
       7286.5954  1.34357e-16  2.35721e-18
       7290.8045  1.23889e-16  2.24891e-18
       7295.0136  1.34510e-16  2.31702e-18
       7299.2227  1.33471e-16  2.31638e-18
       7303.4318  1.36290e-16  2.36577e-18
       7307.6409  1.42373e-16  2.50397e-18
       7311.8501  1.42902e-16  2.52255e-18
       7316.0592  1.45155e-16  2.53661e-18
       7320.2683  1.48408e-16  2.52040e-18
       7324.4774  1.52560e-16  2.46224e-18
       7328.6865  1.46110e-16  2.50912e-18
       7332.8956  1.51669e-16  2.64892e-18
       7337.1047  1.55267e-16  2.64163e-18
       7341.3138  1.57674e-16  2.63595e-18
       7345.5229  1.59729e-16  2.56814e-18
       7349.7320  1.53642e-16  2.46894e-18
       7353.9411  1.56569e-16  2.49425e-18
       7358.1503  1.58504e-16  2.55863e-18
       7362.3594  1.50477e-16  2.58912e-18
       7366.5685  1.53762e-16  2.58930e-18
       7370.7776  1.56873e-16  2.56465e-18
       7374.9867  1.52224e-16  2.43402e-18
       7379.1958  1.50593e-16  2.38145e-18
       7383.4049  1.47676e-16  2.39344e-18
       7387.6140  1.46443e-16  2.41292e-18
       7391.8231  1.45626e-16  2.46888e-18
       7396.0322  1.48210e-16  2.49118e-18
       7400.2414  1.52346e-16  2.48929e-18
       7404.4505  1.49770e-16  2.44897e-18
       7408.6596  1.45038e-16  2.36412e-18
       7412.8687  1.42862e-16  2.32519e-18
       7417.0778  1.40500e-16  2.31917e-18
       7421.2869  1.44285e-16  2.35011e-18
       7425.4960  1.45786e-16  2.38679e-18
       7429.7051  1.49728e-16  2.43775e-18
       7433.9142  1.48535e-16  2.42660e-18
       7438.1233  1.43945e-16  2.38997e-18
       7442.3325  1.44772e-16  2.36599e-18
       7446.5416  1.45242e-16  2.33150e-18
       7450.7507  1.46490e-16  2.34355e-18
       7454.9598  1.49334e-16  2.38554e-18
       7459.1689  1.45474e-16  2.38883e-18
       7463.3780  1.41127e-16  2.39939e-18
       7467.5871  1.41958e-16  2.43989e-18
       7471.7962  1.41234e-16  2.45234e-18
       7476.0053  1.39064e-16  2.44816e-18
       7480.2144  1.39286e-16  2.41388e-18
       7484.4236  1.39957e-16  2.38598e-18
       7488.6327  1.37226e-16  2.34337e-18
       7492.8418  1.29253e-16  2.26257e-18
       7497.0509  1.23612e-16  2.21487e-18
       7501.2600  1.17130e-16  2.17551e-18
       7505.4691  1.11938e-16  2.13963e-18
       7509.6782  1.07623e-16  2.14799e-18
       7513.8873  1.05487e-16  2.23212e-18
       7518.0964  9.85300e-17  2.26600e-18
       7522.3055  8.94955e-17  2.24155e-18
       7526.5146  8.54823e-17  2.16947e-18
       7530.7238  7.63265e-17  2.02188e-18
       7534.9329  7.00010e-17  1.92260e-18
       7539.1420  6.77256e-17  1.86428e-18
       7543.3511  6.40789e-17  1.83137e-18
       7547.5602  6.16157e-17  1.83661e-18
       7551.7693  5.76492e-17  1.82427e-18
       7555.9784  5.23872e-17  1.79138e-18
       7560.1875  4.86401e-17  1.81543e-18
       7564.3966  4.90178e-17  1.86615e-18
       7568.6057  4.71629e-17  1.85071e-18
       7572.8149  3.96252e-17  1.78596e-18
       7577.0240  3.72109e-17  1.71877e-18
       7581.2331  3.93102e-17  1.66754e-18
       7585.4422  3.78566e-17  1.63705e-18
       7589.6513  3.82379e-17  1.57618e-18
       7593.8604  3.76924e-17  1.46224e-18
       7598.0695  3.23130e-17  1.32091e-18
       7602.2786  2.65602e-17  1.22730e-18
       7606.4877  4.12283e-17  1.28929e-18
       7610.6968  4.85618e-17  1.38758e-18
       7614.9060  4.18203e-17  1.44797e-18
       7619.1151  5.01404e-17  1.55131e-18
       7623.3242  4.93921e-17  1.53324e-18
       7627.5333  4.73454e-17  1.48130e-18
       7631.7424  4.85459e-17  1.47624e-18
       7635.9515  4.65056e-17  1.45544e-18
       7640.1606  5.05179e-17  1.49606e-18
       7644.3697  5.03739e-17  1.54703e-18
       7648.5788  5.14900e-17  1.60898e-18
       7652.7879  5.65845e-17  1.69730e-18
       7656.9971  6.14138e-17  1.77577e-18
       7661.2062  6.67991e-17  1.81924e-18
       7665.4153  6.45443e-17  1.80908e-18
       7669.6244  6.94778e-17  1.84221e-18
       7673.8335  7.49806e-17  1.89100e-18
       7678.0426  7.82218e-17  1.94998e-18
       7682.2517  8.14909e-17  1.99036e-18
       7686.4608  8.78484e-17  2.04309e-18
       7690.6699  9.50245e-17  2.11662e-18
       7694.8790  9.69210e-17  2.13133e-18
       7699.0882  1.07049e-16  2.24367e-18
       7703.2973  1.12953e-16  2.46938e-18
       7707.5064  1.10148e-16  2.63776e-18
       7711.7155  1.18423e-16  2.74871e-18
       7715.9246  1.21934e-16  2.73954e-18
       7720.1337  1.28109e-16  2.61999e-18
       7724.3428  1.40618e-16  2.52062e-18
       7728.5519  1.50023e-16  2.51924e-18
       7732.7610  1.59090e-16  2.53402e-18
       7736.9701  1.60321e-16  2.60660e-18
       7741.1792  1.64885e-16  2.81798e-18
       7745.3884  1.73453e-16  2.95697e-18
       7749.5975  1.67996e-16  2.97333e-18
       7753.8066  1.74366e-16  2.93912e-18
       7758.0157  1.83394e-16  2.83428e-18
       7762.2248  1.91861e-16  2.82830e-18
       7766.4339  1.87734e-16  2.80413e-18
       7770.6430  1.96305e-16  2.85840e-18
       7774.8521  1.95018e-16  2.85305e-18
       7779.0612  2.00262e-16  2.87659e-18
       7783.2703  1.95014e-16  2.93538e-18
       7787.4795  2.03298e-16  3.03189e-18
       7791.6886  2.05236e-16  3.04058e-18
       7795.8977  2.10094e-16  3.05290e-18
       7800.1068  2.08409e-16  2.97813e-18
       7804.3159  2.05180e-16  3.00483e-18
       7808.5250  2.08640e-16  3.42641e-18
       7812.7341  2.13673e-16  3.57604e-18
       7816.9432  2.10290e-16  3.14813e-18
       7821.1523  2.03040e-16  3.09835e-18
       7825.3614  2.08967e-16  3.02240e-18
       7829.5706  2.10487e-16  2.92693e-18
       7833.7797  2.12333e-16  2.96585e-18
       7837.9888  2.17110e-16  3.02434e-18
       7842.1979  2.12745e-16  3.14677e-18
       7846.4070  2.07807e-16  3.25113e-18
       7850.6161  2.20797e-16  3.36101e-18
       7854.8252  2.13284e-16  4.48977e-18
       7859.0343  2.17110e-16  3.63677e-18
       7863.2434  2.12820e-16  3.18832e-18
       7867.4525  2.08143e-16  3.13619e-18
       7871.6617  2.05304e-16  3.12112e-18
       7875.8708  2.04618e-16  3.08144e-18
       7880.0799  2.09790e-16  3.13201e-18
       7884.2890  2.12381e-16  3.13038e-18
       7888.4981  2.13667e-16  3.08478e-18
       7892.7072  2.07014e-16  3.00465e-18
       7896.9163  2.05675e-16  2.91522e-18
       7901.1254  2.04427e-16  3.03383e-18
       7905.3345  2.00414e-16  3.25921e-18
       7909.5436  1.90505e-16  3.33695e-18
       7913.7527  1.86100e-16  3.38400e-18
       7917.9619  1.83076e-16  3.22625e-18
       7922.1710  1.77256e-16  3.04492e-18
       7926.3801  1.71423e-16  2.92288e-18
       7930.5892  1.59538e-16  2.80423e-18
       7934.7983  1.53863e-16  2.73868e-18
       7939.0074  1.52769e-16  2.72234e-18
       7943.2165  1.47324e-16  2.71591e-18
       7947.4256  1.46343e-16  2.70454e-18
       7951.6347  1.39110e-16  2.72787e-18
       7955.8438  1.33327e-16  2.83647e-18
       7960.0530  1.34254e-16  2.87655e-18
       7964.2621  1.26938e-16  2.85697e-18
       7968.4712  1.24153e-16  2.77849e-18
       7972.6803  1.17886e-16  2.64432e-18
       7976.8894  1.09991e-16  2.58688e-18
       7981.0985  1.12816e-16  2.71399e-18
       7985.3076  1.15397e-16  2.83270e-18
       7989.5167  1.05918e-16  2.79117e-18
       7993.7258  1.03463e-16  2.75032e-18
       7997.9349  9.59261e-17  2.50890e-18
       8002.1441  9.55557e-17  2.36872e-18
       8006.3532  9.31225e-17  2.39431e-18
       8010.5623  9.18912e-17  2.42407e-18
       8014.7714  8.79454e-17  2.54832e-18
       8018.9805  8.49093e-17  2.59707e-18
       8023.1896  7.76792e-17  2.52624e-18
       8027.3987  7.33945e-17  2.43603e-18
       8031.6078  6.84640e-17  2.24044e-18
       8035.8169  6.14020e-17  2.06530e-18
       8040.0260  5.81728e-17  2.05710e-18
       8044.2352  5.39257e-17  2.08044e-18
       8048.4443  5.28564e-17  2.10711e-18
       8052.6534  4.84741e-17  2.16060e-18
       8056.8625  3.95008e-17  2.09985e-18
       8061.0716  4.12916e-17  2.07069e-18
       8065.2807  3.98370e-17  2.00031e-18
       8069.4898  3.21045e-17  1.83849e-18
       8073.6989  3.34653e-17  1.82918e-18
       8077.9080  2.99748e-17  1.80555e-18
       8082.1171  2.50986e-17  1.77018e-18
       8086.3263  2.50221e-17  1.79197e-18
       8090.5354  2.39812e-17  1.80407e-18
       8094.7445  2.45753e-17  1.83598e-18
       8098.9536  2.32600e-17  1.83059e-18
       8103.1627  1.80394e-17  1.75886e-18
       8107.3718  1.54459e-17  1.69239e-18
       8111.5809  1.76351e-17  1.67582e-18
       8115.7900  1.96471e-17  1.66207e-18
       8119.9991  1.75824e-17  1.66138e-18
       8124.2082  1.40025e-17  1.63842e-18
       8128.4173  1.91972e-17  1.69786e-18
       8132.6265  1.65004e-17  1.68517e-18
       8136.8356  1.31109e-17  1.67548e-18
       8141.0447  1.55104e-17  1.68617e-18
       8145.2538  1.94558e-17  1.69967e-18
       8149.4629  1.75982e-17  1.66382e-18
       8153.6720  1.89839e-17  1.65582e-18
       8157.8811  1.83623e-17  1.64455e-18
       8162.0902  2.06969e-17  1.66353e-18
       8166.2993  2.39703e-17  1.70321e-18
       8170.5084  2.54536e-17  1.71637e-18
       8174.7176  2.36081e-17  1.70742e-18
       8178.9267  2.29331e-17  1.70020e-18
       8183.1358  1.64218e-17  1.66837e-18
       8187.3449  1.94831e-17  1.69996e-18
       8191.5540  1.90103e-17  1.69652e-18
       8195.7631  2.28299e-17  1.73647e-18
       8199.9722  2.15506e-17  1.74077e-18
       8204.1813  1.54317e-17  1.68225e-18
       8208.3904  1.77649e-17  1.70639e-18
       8212.5995  1.99635e-17  1.72360e-18
       8216.8087  2.26532e-17  1.72629e-18
       8221.0178  1.91770e-17  1.67139e-18
       8225.2269  1.92832e-17  1.64897e-18
       8229.4360  1.56743e-17  1.62357e-18
       8233.6451  1.65075e-17  1.67338e-18
       8237.8542  1.63253e-17  1.69853e-18
       8242.0633  1.65898e-17  1.72072e-18
       8246.2724  1.52136e-17  1.70119e-18
       8250.4815  1.37226e-17  1.67519e-18
       8254.6906  2.10128e-17  1.75138e-18
       8258.8998  1.46898e-17  1.69033e-18
       8263.1089  1.52873e-17  1.70427e-18
       8267.3180  1.64881e-17  1.83529e-18
       8271.5271  1.70759e-17  2.05109e-18
       8275.7362  1.60805e-17  2.29321e-18
       8279.9453  2.13244e-17  2.51623e-18
       8284.1544  1.56893e-17  2.50916e-18
       8288.3635  1.38591e-17  2.59266e-18
       8292.5726  2.06949e-17  2.55917e-18
       8296.7817  1.46864e-17  2.39437e-18
       8300.9908  1.38298e-17  2.28899e-18
       8305.2000  1.64672e-17  2.06104e-18
       8309.4091  1.57388e-17  1.90535e-18
       8313.6182  1.65819e-17  1.87561e-18
       8317.8273  1.61907e-17  1.77477e-18
       8322.0364  1.67515e-17  1.75381e-18
       8326.2455  2.03223e-17  1.76784e-18
       8330.4546  1.66064e-17  1.99377e-18
       8334.6637  1.64730e-17  2.58014e-18
       8338.8728  2.25371e-17  2.98534e-18
       8343.0819  2.11343e-17  3.12200e-18
       8347.2911  1.85738e-17  2.93949e-18
       8351.5002  1.97220e-17  2.45499e-18
       8355.7093  2.25212e-17  2.27415e-18
       8359.9184  2.16755e-17  2.07695e-18
       8364.1275  2.35760e-17  2.02523e-18
       8368.3366  2.36996e-17  2.02140e-18
       8372.5457  2.42932e-17  2.10047e-18
       8376.7548  2.58209e-17  2.18735e-18
       8380.9639  2.42898e-17  2.17745e-18
       8385.1730  2.61213e-17  2.27193e-18
       8389.3822  3.06576e-17  2.63851e-18
       8393.5913  2.90858e-17  2.75914e-18
       8397.8004  2.20600e-17  2.69819e-18
       8402.0095  2.82637e-17  2.57572e-18
       8406.2186  2.88852e-17  2.31934e-18
       8410.4277  3.02879e-17  2.30872e-18
       8414.6368  2.96228e-17  2.34556e-18
       8418.8459  3.37023e-17  2.67056e-18
       8423.0550  3.88804e-17  2.90779e-18
       8427.2641  2.89583e-17  2.87369e-18
       8431.4733  2.98501e-17  2.78060e-18
       8435.6824  3.20226e-17  2.31527e-18
       8439.8915  3.28105e-17  2.13582e-18
       8444.1006  3.30500e-17  2.30550e-18
       8448.3097  3.71218e-17  2.34258e-18
       8452.5188  3.74711e-17  2.51732e-18
       8456.7279  4.19874e-17  2.74836e-18
       8460.9370  4.10562e-17  2.76686e-18
       8465.1461  4.25118e-17  2.80510e-18
       8469.3552  4.20365e-17  2.51899e-18
       8473.5644  4.15231e-17  2.19476e-18
       8477.7735  4.70715e-17  2.15018e-18
       8481.9826  4.91798e-17  2.26540e-18
       8486.1917  4.65724e-17  2.34093e-18
       8490.4008  4.72721e-17  2.40501e-18
       8494.6099  5.36736e-17  2.62242e-18
       8498.8190  6.02819e-17  2.70530e-18
       8503.0281  6.14245e-17  2.68074e-18
       8507.2372  6.17929e-17  2.59476e-18
       8511.4463  6.64142e-17  2.43564e-18
       8515.6554  6.86583e-17  2.37235e-18
       8519.8646  6.80760e-17  2.38373e-18
       8524.0737  7.18520e-17  2.41458e-18
       8528.2828  7.11630e-17  2.44222e-18
       8532.4919  7.24319e-17  2.49014e-18
       8536.7010  8.25057e-17  2.61624e-18
       8540.9101  8.57185e-17  2.72287e-18
       8545.1192  8.51782e-17  2.71088e-18
       8549.3283  9.14373e-17  2.73828e-18
       8553.5374  1.03685e-16  2.74088e-18
       8557.7465  9.87754e-17  2.64666e-18
       8561.9557  1.03488e-16  2.68834e-18
       8566.1648  1.07388e-16  2.72548e-18
       8570.3739  1.03419e-16  2.69966e-18
       8574.5830  1.05278e-16  2.71982e-18
       8578.7921  1.12352e-16  2.80847e-18
       8583.0012  1.15825e-16  2.84323e-18
       8587.2103  1.27433e-16  2.95880e-18
       8591.4194  1.35051e-16  3.02929e-18
       8595.6285  1.28155e-16  2.95610e-18
       8599.8376  1.38256e-16  3.03310e-18
       8604.0468  1.38316e-16  3.01737e-18
       8608.2559  1.35034e-16  3.06498e-18
       8612.4650  1.44268e-16  3.21662e-18
       8616.6741  1.49129e-16  3.36156e-18
       8620.8832  1.45738e-16  3.44543e-18
       8625.0923  1.57114e-16  3.53874e-18
       8629.3014  1.55796e-16  3.52919e-18
       8633.5105  1.61529e-16  3.47895e-18
       8637.7196  1.72980e-16  3.49383e-18
       8641.9287  1.74784e-16  3.51398e-18
       8646.1379  1.75920e-16  3.57799e-18
       8650.3470  1.78749e-16  3.67888e-18
       8654.5561  1.77374e-16  3.70693e-18
       8658.7652  1.78539e-16  3.70788e-18
       8662.9743  1.91408e-16  3.73247e-18
       8667.1834  1.90846e-16  3.67650e-18
       8671.3925  1.99798e-16  3.67355e-18
       8675.6016  2.10868e-16  3.68948e-18
       8679.8107  2.14409e-16  3.66725e-18
       8684.0198  2.14661e-16  3.62902e-18
       8688.2289  2.15359e-16  3.62590e-18
       8692.4381  2.18716e-16  3.63430e-18
       8696.6472  2.15237e-16  3.60777e-18
       8700.8563  2.18629e-16  3.64691e-18
       8705.0654  2.20596e-16  3.64863e-18
       8709.2745  2.20490e-16  3.64607e-18
       8713.4836  2.28756e-16  3.69757e-18
       8717.6927  2.36047e-16  3.73152e-18
       8721.9018  2.36471e-16  3.74084e-18
       8726.1109  2.33054e-16  3.73408e-18
       8730.3200  2.31942e-16  3.71651e-18
       8734.5292  2.27299e-16  3.69838e-18
       8738.7383  2.22950e-16  3.69184e-18
       8742.9474  2.23388e-16  3.68710e-18
       8747.1565  2.21967e-16  3.79978e-18
       8751.3656  2.26536e-16  4.11037e-18
       8755.5747  2.23452e-16  4.38019e-18
       8759.7838  2.17565e-16  4.65521e-18
       8763.9929  2.11994e-16  4.62071e-18
       8768.2020  2.05637e-16  4.69281e-18
       8772.4111  1.99465e-16  4.47613e-18
       8776.6203  1.98207e-16  4.27405e-18
       8780.8294  1.92123e-16  4.15997e-18
       8785.0385  1.80554e-16  3.79165e-18
       8789.2476  1.83717e-16  3.68982e-18
       8793.4567  1.87544e-16  3.66177e-18
       8797.6658  1.78536e-16  3.50038e-18
       8801.8749  1.78530e-16  3.46356e-18
       8806.0840  1.79009e-16  3.48774e-18
       8810.2931  1.81733e-16  3.48131e-18
       8814.5022  1.73996e-16  3.95450e-18
       8818.7114  1.71885e-16  4.52568e-18
       8822.9205  1.58942e-16  4.74969e-18
       8827.1296  1.40703e-16  4.84500e-18
       8831.3387  1.32741e-16  4.40747e-18
       8835.5478  1.38089e-16  3.88598e-18
       8839.7569  1.46288e-16  3.76596e-18
       8843.9660  1.47837e-16  3.56619e-18
       8848.1751  1.50565e-16  3.52127e-18
       8852.3842  1.50203e-16  3.50108e-18
       8856.5933  1.44737e-16  3.58219e-18
       8860.8025  1.44879e-16  3.73093e-18
       8865.0116  1.48603e-16  3.70958e-18
       8869.2207  1.49341e-16  3.67882e-18
       8873.4298  1.53138e-16  3.82211e-18
       8877.6389  1.52569e-16  4.29498e-18
       8881.8480  1.54506e-16  4.37187e-18
       8886.0571  1.50785e-16  4.31557e-18
       8890.2662  1.56426e-16  4.05440e-18
       8894.4753  1.53442e-16  3.83845e-18
       8898.6844  1.56859e-16  3.90055e-18
       8902.8935  1.56343e-16  3.90812e-18
       8907.1027  1.51834e-16  4.03150e-18
       8911.3118  1.55330e-16  4.47865e-18
       8915.5209  1.43495e-16  4.46625e-18
       8919.7300  1.49209e-16  4.52200e-18
       8923.9391  1.53762e-16  4.08370e-18
       8928.1482  1.57540e-16  3.61637e-18
       8932.3573  1.57159e-16  3.73349e-18
       8936.5664  1.54729e-16  3.83773e-18
       8940.7755  1.59354e-16  3.87709e-18
       8944.9846  1.58046e-16  4.01233e-18
       8949.1938  1.56775e-16  4.24347e-18
       8953.4029  1.59219e-16  4.28461e-18
       8957.6120  1.80117e-16  4.41179e-18
       8961.8211  1.80532e-16  4.09265e-18
       8966.0302  1.62538e-16  3.56801e-18
       8970.2393  1.62280e-16  3.47014e-18
       8974.4484  1.64913e-16  3.54433e-18
       8978.6575  1.64884e-16  3.65005e-18
       8982.8666  1.55250e-16  3.63369e-18
       8987.0757  1.48539e-16  3.66117e-18
       8991.2849  1.66935e-16  3.91673e-18
       8995.4940  1.66417e-16  3.97595e-18
       8999.7031  1.63248e-16  3.93331e-18
       9003.9122  1.67914e-16  3.85366e-18
       9008.1213  1.62473e-16  3.56304e-18
       9012.3304  1.57566e-16  3.45703e-18
       9016.5395  1.51843e-16  3.41997e-18
       9020.7486  1.51133e-16  3.41961e-18
       9024.9577  1.51551e-16  3.46739e-18
       9029.1668  1.40398e-16  3.52662e-18
       9033.3760  1.30280e-16  3.50996e-18
       9037.5851  1.31663e-16  3.62485e-18
       9041.7942  1.28358e-16  3.71101e-18
       9046.0033  1.14199e-16  3.58084e-18
       9050.2124  1.07949e-16  3.52600e-18
       9054.4215  1.10170e-16  3.36967e-18
       9058.6306  1.02337e-16  3.22563e-18
       9062.8397  9.88882e-17  3.14627e-18
       9067.0488  9.52313e-17  3.10300e-18
       9071.2579  8.97467e-17  3.01287e-18
       9075.4670  8.60974e-17  3.00125e-18
       9079.6762  8.42207e-17  2.99703e-18
       9083.8853  8.16146e-17  3.02617e-18
       9088.0944  8.18372e-17  3.05834e-18
       9092.3035  7.80060e-17  3.14232e-18
       9096.5126  7.88453e-17  3.13304e-18
       9100.7217  7.47092e-17  3.09528e-18
       9104.9308  7.05442e-17  3.05651e-18
       9109.1399  6.96498e-17  2.98166e-18
       9113.3490  7.35149e-17  2.94749e-18
       9117.5581  7.64978e-17  2.99603e-18
       9121.7673  7.40103e-17  2.97928e-18
       9125.9764  7.31364e-17  2.94916e-18
       9130.1855  7.01699e-17  2.94522e-18
       9134.3946  6.60751e-17  2.93089e-18
       9138.6037  6.93288e-17  2.98483e-18
       9142.8128  6.98961e-17  3.01953e-18
       9147.0219  7.13544e-17  3.06066e-18
       9151.2310  7.01852e-17  3.12589e-18
       9155.4401  7.27569e-17  3.15646e-18
       9159.6492  8.04362e-17  3.18271e-18
       9163.8584  8.22013e-17  3.19467e-18
       9168.0675  6.90773e-17  3.04172e-18
       9172.2766  7.33898e-17  3.06168e-18
       9176.4857  7.21778e-17  3.06753e-18
       9180.6948  8.35868e-17  3.21518e-18
       9184.9039  8.59095e-17  3.24032e-18
       9189.1130  8.64827e-17  3.28950e-18
       9193.3221  8.92850e-17  3.34545e-18
       9197.5312  8.52093e-17  3.31056e-18
       9201.7403  8.82079e-17  3.37286e-18
       9205.9495  9.31837e-17  3.42104e-18
       9210.1586  9.35090e-17  3.46115e-18
       9214.3677  9.61000e-17  3.54095e-18
       9218.5768  1.00279e-16  3.61804e-18
       9222.7859  1.01735e-16  3.59861e-18
       9226.9950  1.04355e-16  3.61662e-18
       9231.2041  1.10664e-16  3.65717e-18
       9235.4132  1.12314e-16  3.66303e-18
       9239.6223  1.12502e-16  3.69966e-18
       9243.8314  1.10915e-16  3.66368e-18
       9248.0406  1.14641e-16  3.72816e-18
       9252.2497  1.16528e-16  3.76112e-18
       9256.4588  1.14878e-16  3.75905e-18
       9260.6679  1.22092e-16  3.83629e-18
       9264.8770  1.20183e-16  3.82886e-18
       9269.0861  1.29482e-16  3.85734e-18
       9273.2952  1.30565e-16  3.85162e-18
       9277.5043  1.21810e-16  3.79755e-18
       9281.7134  1.28838e-16  3.86166e-18
       9285.9225  1.24021e-16  3.84414e-18
       9290.1316  1.20612e-16  3.81244e-18
       9294.3408  1.29428e-16  4.09506e-18
       9298.5499  1.23832e-16  4.67997e-18
       9302.7590  1.37360e-16  5.38480e-18
       9306.9681  1.37394e-16  5.70219e-18
       9311.1772  1.42261e-16  5.62047e-18
       9315.3863  1.16863e-16  5.42763e-18
       9319.5954  1.36607e-16  4.80294e-18
       9323.8045  1.53242e-16  4.67007e-18
       9328.0136  1.55837e-16  4.34114e-18
       9332.2227  1.53283e-16  3.92298e-18
       9336.4319  1.26777e-16  3.72690e-18
       9340.6410  1.39580e-16  3.73170e-18
       9344.8501  1.41960e-16  3.58166e-18
       9349.0592  1.58919e-16  3.67529e-18
       9353.2683  1.71157e-16  3.74677e-18
       9357.4774  1.54030e-16  3.69347e-18
       9361.6865  1.56032e-16  4.18688e-18
       9365.8956  1.62620e-16  5.54494e-18
       9370.1047  1.59789e-16  6.11857e-18
       9374.3138  1.66674e-16  6.25648e-18
       9378.5230  1.55304e-16  5.70695e-18
       9382.7321  1.47635e-16  4.49517e-18
       9386.9412  1.61255e-16  4.18411e-18
       9391.1503  1.54912e-16  4.39037e-18
       9395.3594  1.41109e-16  4.49156e-18
       9399.5685  1.44535e-16  4.48496e-18
       9403.7776  1.34069e-16  4.40820e-18
       9407.9867  1.43339e-16  4.51005e-18
       9412.1958  1.32220e-16  4.75630e-18
       9416.4049  1.39400e-16  4.80589e-18
       9420.6141  1.53272e-16  4.75720e-18
       9424.8232  1.39689e-16  4.52773e-18
       9429.0323  1.44533e-16  5.07379e-18
       9433.2414  1.59096e-16  5.60212e-18
       9437.4505  1.34201e-16  5.59031e-18
       9441.6596  1.54833e-16  5.59718e-18
       9445.8687  1.59065e-16  4.87983e-18
       9450.0778  1.63010e-16  5.14762e-18
       9454.2869  9.19205e-17  4.98578e-18
       9458.4960  9.38665e-17  4.90805e-18
       9462.7051  1.43722e-16  4.83400e-18
       9466.9143  1.49690e-16  5.47873e-18
       9471.1234  1.45648e-16  5.72966e-18
       9475.3325  1.31630e-16  5.74457e-18
       9479.5416  1.40121e-16  5.44125e-18
       9483.7507  1.32696e-16  4.67131e-18
       9487.9598  1.55325e-16  4.57207e-18
       9492.1689  1.49645e-16  4.89341e-18
       9496.3780  1.24458e-16  4.91491e-18
       9500.5871  1.17490e-16  4.97898e-18
       9504.7962  1.48052e-16  5.16988e-18
       9509.0054  1.59224e-16  5.18388e-18
       9513.2145  1.37087e-16  5.05864e-18
       9517.4236  1.36652e-16  5.03021e-18
       9521.6327  1.32396e-16  4.92181e-18
       9525.8418  1.26696e-16  4.66910e-18
       9530.0509  1.42986e-16  4.72100e-18
       9534.2600  1.48173e-16  4.79948e-18
       9538.4691  1.40485e-16  4.78108e-18
       9542.6782  1.30338e-16  5.02203e-18
       9546.8873  1.24308e-16  5.06830e-18
       9551.0965  1.18740e-16  5.16462e-18
       9555.3056  1.34235e-16  5.52802e-18
       9559.5147  1.34549e-16  5.78763e-18
       9563.7238  1.43930e-16  5.84794e-18
       9567.9329  1.50719e-16  5.89017e-18
       9572.1420  1.50335e-16  5.40486e-18
       9576.3511  1.32087e-16  4.95504e-18
       9580.5602  1.28228e-16  4.84264e-18
       9584.7693  1.37165e-16  4.92517e-18
       9588.9784  1.33988e-16  4.88332e-18
       9593.1876  1.16899e-16  4.79795e-18
       9597.3967  1.35049e-16  5.13475e-18
       9601.6058  1.36470e-16  5.29742e-18
       9605.8149  1.36641e-16  5.41056e-18
       9610.0240  1.32674e-16  5.53249e-18
       9614.2331  1.29791e-16  5.50248e-18
       9618.4422  1.30208e-16  5.53190e-18
       9622.6513  1.32472e-16  5.50902e-18
       9626.8604  1.36955e-16  5.40306e-18
       9631.0695  1.43539e-16  5.33553e-18
       9635.2787  1.26530e-16  5.28540e-18
       9639.4878  1.29750e-16  5.29085e-18
       9643.6969  1.34049e-16  5.37865e-18
       9647.9060  1.33938e-16  5.49898e-18
       9652.1151  1.31920e-16  5.49044e-18
       9656.3242  1.16446e-16  5.62750e-18
       9660.5333  1.29285e-16  5.90358e-18
       9664.7424  1.24247e-16  5.98180e-18
       9668.9515  1.39623e-16  6.34987e-18
       9673.1606  1.49860e-16  6.67761e-18
       9677.3697  1.34329e-16  6.53268e-18
       9681.5789  1.41543e-16  6.66138e-18
       9685.7880  1.38111e-16  6.65048e-18
       9689.9971  1.14041e-16  6.73261e-18
       9694.2062  1.18955e-16  6.83277e-18
       9698.4153  1.35334e-16  6.89510e-18
       9702.6244  1.20702e-16  6.71522e-18
       9706.8335  1.26171e-16  6.81115e-18
       9711.0426  1.47537e-16  7.38877e-18
       9715.2517  1.31968e-16  7.22983e-18
       9719.4608  1.23008e-16  7.14217e-18
       9723.6700  1.33551e-16  6.85060e-18
       9727.8791  1.07785e-16  6.43177e-18
       9732.0882  1.05811e-16  6.44574e-18
       9736.2973  1.25335e-16  6.67213e-18
       9740.5064  1.21480e-16  6.49856e-18
       9744.7155  1.19268e-16  6.26194e-18
       9748.9246  1.24069e-16  6.25156e-18
       9753.1337  1.18740e-16  6.06541e-18
       9757.3428  1.08428e-16  5.97487e-18
       9761.5519  1.04878e-16  6.06674e-18
       9765.7611  1.09767e-16  6.15779e-18
       9769.9702  1.16884e-16  6.27233e-18
       9774.1793  1.11785e-16  6.37488e-18
       9778.3884  1.10773e-16  7.11324e-18
       9782.5975  1.11011e-16  8.02144e-18
       9786.8066  9.74572e-17  8.26023e-18
       9791.0157  8.88437e-17  8.42992e-18
       9795.2248  9.03496e-17  7.78671e-18
       9799.4339  1.02235e-16  7.35624e-18
       9803.6430  1.01221e-16  7.18037e-18
       9807.8522  9.02231e-17  6.92816e-18
       9812.0613  8.71660e-17  6.79955e-18
       9816.2704  8.54850e-17  6.71119e-18
       9820.4795  8.98467e-17  6.62507e-18
       9824.6886  8.46853e-17  6.47558e-18
       9828.8977  8.67280e-17  6.63603e-18
       9833.1068  7.85830e-17  6.53436e-18
       9837.3159  8.54750e-17  7.02253e-18
       9841.5250  8.49312e-17  7.29962e-18
       9845.7341  7.87388e-17  7.40109e-18
       9849.9432  8.45763e-17  7.27870e-18
       9854.1524  8.22726e-17  6.96462e-18
       9858.3615  8.67045e-17  7.60099e-18
       9862.5706  9.14656e-17  8.75640e-18
       9866.7797  8.62406e-17  9.19364e-18
       9870.9888  8.19881e-17  9.17731e-18
       9875.1979  9.26837e-17  8.54910e-18
       9879.4070  8.50435e-17  7.70380e-18
       9883.6161  5.73131e-17  7.73521e-18
       9887.8252  7.26810e-17  8.10945e-18
       9892.0343  7.81309e-17  8.26980e-18
       9896.2435  6.38736e-17  7.98747e-18
       9900.4526  6.66646e-17  8.21533e-18
       9904.6617  7.51636e-17  9.37112e-18
       9908.8708  6.80693e-17  9.81627e-18
       9913.0799  7.78314e-17  9.96540e-18
       9917.2890  6.23385e-17  9.13204e-18
       9921.4981  7.77953e-17  8.13212e-18
       9925.7072  3.05025e-18  8.06349e-18
       9929.9163 -7.36999e-17  1.02386e-17
       9934.1254  5.74790e-17  1.02280e-17
       9938.3346  8.35510e-17  1.14565e-17
       9942.5437  6.53562e-17  1.17518e-17
       9946.7528  6.79203e-17  1.19854e-17
       9950.9619  5.60029e-17  1.17615e-17
       9955.1710  6.91201e-17  1.15707e-17
       9959.3801  9.06024e-17  1.13310e-17
       9963.5892  5.47171e-17  1.03575e-17
       9967.7983  5.63823e-17  9.53911e-18
       9972.0074  6.72417e-17  9.31212e-18
       9976.2165  6.68720e-17  9.36290e-18
       9980.4257  6.77920e-17  9.47767e-18
