       3633.4778  4.57139e-18  9.06497e-18
       3638.9943  6.25920e-18  9.55947e-18
       3644.5107  3.00319e-18  9.83008e-18
       3650.0272  6.42051e-18  1.03103e-17
       3655.5437  3.88431e-18  1.07392e-17
       3661.0602  4.98796e-18  1.10952e-17
       3666.5766  1.03178e-17  1.14900e-17
       3672.0931  9.26715e-18  1.18180e-17
       3677.6096  6.83638e-18  1.20090e-17
       3683.1261  2.44148e-18  1.22307e-17
       3688.6425  1.21456e-17  1.25056e-17
       3694.1590  8.84770e-18  1.26317e-17
       3699.6755  1.42824e-17  1.26814e-17
       3705.1919  8.11861e-18  1.24520e-17
       3710.7084  4.80442e-18  1.20976e-17
       3716.2249  4.51200e-18  1.19323e-17
       3721.7414  3.22998e-18  1.19056e-17
       3727.2578  1.96895e-18  1.17609e-17
       3732.7743  4.58177e-18  1.17285e-17
       3738.2908  1.47344e-18  1.14099e-17
       3743.8073  4.32387e-18  1.10504e-17
       3749.3237  9.50639e-19  1.06274e-17
       3754.8402  2.14932e-18  1.03280e-17
       3760.3567  3.81732e-18  9.96804e-18
       3765.8732  3.11398e-18  9.67841e-18
       3771.3896  7.21632e-18  9.58410e-18
       3776.9061  1.51276e-18  9.32825e-18
       3782.4226  2.09666e-18  9.06853e-18
       3787.9391  3.46687e-18  8.84810e-18
       3793.4555  1.20325e-17  8.64195e-18
       3798.9720  8.33715e-18  8.34131e-18
       3804.4885  6.32951e-18  8.10934e-18
       3810.0050  3.05601e-18  7.89947e-18
       3815.5214  8.84373e-19  7.78453e-18
       3821.0379  6.59731e-18  7.73851e-18
       3826.5544  7.00097e-18  7.63721e-18
       3832.0709  3.33563e-18  7.45852e-18
       3837.5873  2.43102e-18  7.28683e-18
       3843.1038  7.72012e-18  7.09925e-18
       3848.6203  8.73883e-18  6.92591e-18
       3854.1368  7.94187e-18  6.75251e-18
       3859.6532  1.50431e-18  6.54555e-18
       3865.1697  8.84466e-18  6.47146e-18
       3870.6862  8.51062e-18  6.39983e-18
       3876.2027  1.06326e-17  6.31340e-18
       3881.7191  9.79648e-18  6.22637e-18
       3887.2356  1.16962e-17  6.18068e-18
       3892.7521  1.35040e-17  6.15332e-18
       3898.2685  1.18553e-17  6.21632e-18
       3903.7850  1.27627e-17  6.27188e-18
       3909.3015  1.95439e-17  6.37901e-18
       3914.8180  1.76281e-17  6.27576e-18
       3920.3344  2.37192e-17  6.21215e-18
       3925.8509  2.12973e-17  6.13928e-18
       3931.3674  2.17942e-17  6.20751e-18
       3936.8839  1.94443e-17  6.19237e-18
       3942.4003  2.65901e-17  6.25804e-18
       3947.9168  1.75694e-17  6.24831e-18
       3953.4333  2.40550e-17  6.24340e-18
       3958.9498  2.52166e-17  6.20286e-18
       3964.4662  1.66572e-17  6.15063e-18
       3969.9827  2.28735e-17  6.27239e-18
       3975.4992  2.53361e-17  6.26618e-18
       3981.0157  2.53418e-17  6.37324e-18
       3986.5321  1.97768e-17  6.35314e-18
       3992.0486  2.09650e-17  6.36832e-18
       3997.5651  2.47189e-17  6.38253e-18
       4003.0816  2.80565e-17  6.47788e-18
       4008.5980  1.99593e-17  6.55108e-18
       4014.1145  2.09009e-17  6.61281e-18
       4019.6310  2.65464e-17  6.67243e-18
       4025.1475  2.59686e-17  6.62320e-18
       4030.6639  3.03094e-17  6.63208e-18
       4036.1804  2.68924e-17  6.61197e-18
       4041.6969  2.76372e-17  6.73686e-18
       4047.2134  2.79131e-17  6.79874e-18
       4052.7298  3.03212e-17  6.91117e-18
       4058.2463  2.85305e-17  6.81892e-18
       4063.7628  2.28190e-17  6.82673e-18
       4069.2792  2.60409e-17  6.81452e-18
       4074.7957  2.27239e-17  6.86243e-18
       4080.3122  1.77265e-17  6.77944e-18
       4085.8287  1.65922e-17  6.68455e-18
       4091.3451  1.83102e-17  6.60368e-18
       4096.8616  1.73346e-17  6.58488e-18
       4102.3781  1.34729e-17  6.46019e-18
       4107.8946  1.35827e-17  6.48070e-18
       4113.4110  1.61090e-17  7.41337e-18
       4118.9275  1.63215e-17  9.88559e-18
       4124.4440  1.62357e-17  7.82040e-18
       4129.9605  1.14764e-17  6.47680e-18
       4135.4769  1.39945e-17  6.48261e-18
       4140.9934  1.62224e-17  6.46439e-18
       4146.5099  1.60530e-17  6.45535e-18
       4152.0264  1.66317e-17  6.41877e-18
       4157.5428  1.67398e-17  6.52303e-18
       4163.0593  1.74254e-17  6.60677e-18
       4168.5758  1.20721e-17  6.56126e-18
       4174.0923  1.54760e-17  6.48842e-18
       4179.6087  1.36882e-17  6.76890e-18
       4185.1252  1.65633e-17  6.37564e-18
       4190.6417  9.50479e-18  6.22733e-18
       4196.1582  1.71481e-17  6.27384e-18
       4201.6746  1.50524e-17  6.12410e-18
       4207.1911  1.49806e-17  6.11953e-18
       4212.7076  7.58877e-18  6.00559e-18
       4218.2241  1.21788e-17  5.96038e-18
       4223.7405  1.21903e-17  5.95973e-18
       4229.2570  9.43436e-18  5.88026e-18
       4234.7735  1.20487e-17  3.19091e-18
       4240.2900  8.59717e-18  3.30565e-18
       4245.8064  1.70512e-17  6.11698e-18
       4251.3229  1.14200e-17  5.98856e-18
       4256.8394  1.08609e-17  5.79047e-18
       4262.3558  1.50797e-17  5.86876e-18
       4267.8723  9.98742e-18  5.65626e-18
       4273.3888  1.24074e-17  5.61451e-18
       4278.9053  1.02730e-17  5.54124e-18
       4284.4217  1.12531e-17  5.49140e-18
       4289.9382  1.20676e-17  5.46103e-18
       4295.4547  9.92926e-18  5.39801e-18
       4300.9712  1.45043e-17  5.35931e-18
       4306.4876  9.16348e-18  5.29244e-18
       4312.0041  7.73623e-18  5.26011e-18
       4317.5206  7.40776e-18  5.22391e-18
       4323.0371  7.16922e-18  5.17023e-18
       4328.5535  9.99797e-18  5.13736e-18
       4334.0700  1.12452e-17  5.00877e-18
       4339.5865  9.68714e-18  4.96590e-18
       4345.1030  1.10919e-17  4.96874e-18
       4350.6194  9.79972e-18  4.88342e-18
       4356.1359  9.68299e-18  4.89149e-18
       4361.6524  8.42693e-18  4.85449e-18
       4367.1689  9.38056e-18  4.79124e-18
       4372.6853  1.27386e-17  4.77391e-18
       4378.2018  1.48998e-17  4.76024e-18
       4383.7183  1.49161e-17  4.71814e-18
       4389.2348  1.30127e-17  4.69059e-18
       4394.7512  1.76248e-17  4.71179e-18
       4400.2677  1.87700e-17  4.72475e-18
       4405.7842  1.87817e-17  4.73676e-18
       4411.3007  1.94890e-17  5.39443e-18
       4416.8171  2.18624e-17  5.05878e-18
       4422.3336  2.28648e-17  4.74182e-18
       4427.8501  1.77249e-17  4.68613e-18
       4433.3665  2.88458e-17  4.68679e-18
       4438.8830  2.40533e-17  4.65359e-18
       4444.3995  2.42227e-17  4.61697e-18
       4449.9160  2.58149e-17  4.57708e-18
       4455.4324  2.02689e-17  4.50442e-18
       4460.9489  2.89604e-17  4.80455e-18
       4466.4654  2.89753e-17  4.72650e-18
       4471.9819  2.11780e-17  4.41736e-18
       4477.4983  3.07834e-17  4.46137e-18
       4483.0148  2.94342e-17  4.45221e-18
       4488.5313  2.86316e-17  4.44943e-18
       4494.0478  2.40478e-17  4.42545e-18
       4499.5642  2.45343e-17  4.41795e-18
       4505.0807  2.29938e-17  4.39860e-18
       4510.5972  2.52643e-17  4.40461e-18
       4516.1137  2.52602e-17  4.40867e-18
       4521.6301  3.01587e-17  4.39325e-18
       4527.1466  2.99035e-17  4.42861e-18
       4532.6631  2.80206e-17  4.41338e-18
       4538.1796  2.89166e-17  4.45384e-18
       4543.6960  2.71039e-17  4.45023e-18
       4549.2125  3.10328e-17  4.44974e-18
       4554.7290  2.83249e-17  4.41632e-18
       4560.2455  3.26930e-17  4.39576e-18
       4565.7619  3.87718e-17  4.38894e-18
       4571.2784  3.31908e-17  4.34638e-18
       4576.7949  3.05974e-17  4.34319e-18
       4582.3114  3.44450e-17  4.38746e-18
       4587.8278  3.55656e-17  4.40158e-18
       4593.3443  2.44517e-17  4.60686e-18
       4598.8608  2.69503e-17  4.28266e-18
       4604.3773  3.54116e-17  4.49796e-18
       4609.8937  3.90788e-17  4.41944e-18
       4615.4102  4.65397e-17  4.37999e-18
       4620.9267  4.62784e-17  4.39332e-18
       4626.4431  4.69956e-17  4.37421e-18
       4631.9596  4.76217e-17  4.37923e-18
       4637.4761  4.89255e-17  4.39935e-18
       4642.9926  5.27328e-17  4.41568e-18
       4648.5090  5.13160e-17  4.44699e-18
       4654.0255  5.29485e-17  4.45615e-18
       4659.5420  5.37519e-17  4.50221e-18
       4665.0585  5.83829e-17  4.52563e-18
       4670.5749  6.46474e-17  4.57654e-18
       4676.0914  6.99178e-17  4.60409e-18
       4681.6079  7.07769e-17  4.59076e-18
       4687.1244  6.69287e-17  4.56917e-18
       4692.6408  6.77453e-17  4.59365e-18
       4698.1573  6.61772e-17  4.54426e-18
       4703.6738  6.60657e-17  4.52421e-18
       4709.1903  6.13591e-17  4.47797e-18
       4714.7067  5.51677e-17  4.41941e-18
       4720.2232  5.42099e-17  4.39440e-18
       4725.7397  5.61432e-17  4.38804e-18
       4731.2562  5.61094e-17  4.37275e-18
       4736.7726  5.07709e-17  4.31962e-18
       4742.2891  5.10013e-17  4.28386e-18
       4747.8056  4.58878e-17  4.23036e-18
       4753.3221  4.56504e-17  4.22858e-18
       4758.8385  4.78602e-17  4.20414e-18
       4764.3550  4.39996e-17  4.18008e-18
       4769.8715  4.21413e-17  4.15820e-18
       4775.3880  3.10366e-17  4.13530e-18
       4780.9044  4.25168e-17  4.12121e-18
       4786.4209  4.33226e-17  4.09842e-18
       4791.9374  3.46700e-17  4.09661e-18
       4797.4538  3.81956e-17  4.09569e-18
       4802.9703  3.60587e-17  4.07086e-18
       4808.4868  3.66469e-17  4.05933e-18
       4814.0033  3.33794e-17  4.09103e-18
       4819.5197  3.01767e-17  4.05650e-18
       4825.0362  3.20131e-17  4.09563e-18
       4830.5527  3.41355e-17  4.11658e-18
       4836.0692  3.08493e-17  4.09624e-18
       4841.5856  2.92066e-17  4.04417e-18
       4847.1021  3.52356e-17  4.08095e-18
       4852.6186  3.05970e-17  4.02732e-18
       4858.1351  3.01874e-17  3.99215e-18
       4863.6515  2.97859e-17  3.98122e-18
       4869.1680  2.97798e-17  3.97969e-18
       4874.6845  3.31366e-17  3.98757e-18
       4880.2010  3.32358e-17  3.96881e-18
       4885.7174  3.08143e-17  3.98619e-18
       4891.2339  3.01111e-17  3.97289e-18
       4896.7504  3.30923e-17  3.98906e-18
       4902.2669  3.41528e-17  3.98964e-18
       4907.7833  3.22967e-17  3.97004e-18
       4913.2998  3.44756e-17  3.98517e-18
       4918.8163  3.33086e-17  3.94794e-18
       4924.3328  3.04399e-17  3.93866e-18
       4929.8492  2.99283e-17  3.91824e-18
       4935.3657  2.73639e-17  3.90544e-18
       4940.8822  2.86635e-17  3.87218e-18
       4946.3987  2.29321e-17  3.84649e-18
       4951.9151  2.56865e-17  3.86071e-18
       4957.4316  2.50986e-17  3.83510e-18
       4962.9481  2.36395e-17  3.87974e-18
       4968.4646  2.89226e-17  3.90518e-18
       4973.9810  2.80609e-17  3.91994e-18
       4979.4975  2.96203e-17  3.90330e-18
       4985.0140  2.99825e-17  3.95455e-18
       4990.5304  3.13082e-17  3.95817e-18
       4996.0469  3.81708e-17  4.00543e-18
       5001.5634  3.45783e-17  4.01254e-18
       5007.0799  4.32371e-17  4.05564e-18
       5012.5963  4.81741e-17  4.09792e-18
       5018.1128  5.32346e-17  4.12324e-18
       5023.6293  5.53348e-17  4.15168e-18
       5029.1458  5.66584e-17  4.16817e-18
       5034.6622  5.85916e-17  4.18820e-18
       5040.1787  6.20984e-17  4.20011e-18
       5045.6952  6.06430e-17  4.18074e-18
       5051.2117  5.99865e-17  4.17686e-18
       5056.7281  5.94461e-17  4.10868e-18
       5062.2446  5.09434e-17  4.09842e-18
       5067.7611  4.99289e-17  4.06081e-18
       5073.2776  4.43469e-17  3.96081e-18
       5078.7940  3.86247e-17  3.95491e-18
       5084.3105  3.21475e-17  3.88621e-18
       5089.8270  2.98927e-17  3.84363e-18
       5095.3435  2.80287e-17  3.81637e-18
       5100.8599  2.69171e-17  3.78857e-18
       5106.3764  2.35381e-17  3.76174e-18
       5111.8929  2.35653e-17  3.75494e-18
       5117.4094  2.77660e-17  3.76675e-18
       5122.9258  2.79157e-17  3.79821e-18
       5128.4423  2.73743e-17  3.76751e-18
       5133.9588  2.97043e-17  3.78780e-18
       5139.4753  3.09188e-17  3.84006e-18
       5144.9917  2.89201e-17  3.84111e-18
       5150.5082  3.47651e-17  3.85414e-18
       5156.0247  3.64218e-17  3.84723e-18
       5161.5411  3.40449e-17  3.86065e-18
       5167.0576  3.16622e-17  3.84158e-18
       5172.5741  3.40806e-17  3.82563e-18
       5178.0906  3.65273e-17  3.83606e-18
       5183.6070  3.61177e-17  3.85163e-18
       5189.1235  3.78756e-17  3.86387e-18
       5194.6400  3.96786e-17  3.88255e-18
       5200.1565  3.95765e-17  3.89528e-18
       5205.6729  3.78633e-17  3.89048e-18
       5211.1894  3.95669e-17  3.89696e-18
       5216.7059  3.81637e-17  3.88952e-18
       5222.2224  4.62794e-17  3.92696e-18
       5227.7388  4.39049e-17  3.92111e-18
       5233.2553  4.37079e-17  3.93279e-18
       5238.7718  4.41364e-17  3.93076e-18
       5244.2883  4.79531e-17  3.93890e-18
       5249.8047  4.30862e-17  3.92648e-18
       5255.3212  4.23097e-17  3.90666e-18
       5260.8377  4.77044e-17  3.91554e-18
       5266.3542  4.65568e-17  3.92947e-18
       5271.8706  4.84258e-17  3.93811e-18
       5277.3871  4.33533e-17  3.93540e-18
       5282.9036  4.54723e-17  3.96383e-18
       5288.4201  4.97733e-17  3.99339e-18
       5293.9365  4.93072e-17  3.97672e-18
       5299.4530  4.49918e-17  3.98841e-18
       5304.9695  5.62441e-17  4.03917e-18
       5310.4860  5.36101e-17  4.04260e-18
       5316.0024  5.59573e-17  4.08217e-18
       5321.5189  5.28134e-17  4.08799e-18
       5327.0354  5.61573e-17  4.11133e-18
       5332.5519  5.76448e-17  4.12071e-18
       5338.0683  6.07544e-17  4.12933e-18
       5343.5848  6.14995e-17  4.13610e-18
       5349.1013  6.20261e-17  4.15657e-18
       5354.6177  6.16414e-17  4.15035e-18
       5360.1342  5.90703e-17  4.17001e-18
       5365.6507  6.13503e-17  4.18001e-18
       5371.1672  6.32189e-17  4.19667e-18
       5376.6836  6.39184e-17  4.21826e-18
       5382.2001  6.25378e-17  4.22281e-18
       5387.7166  6.75857e-17  4.22299e-18
       5393.2331  7.14611e-17  4.25586e-18
       5398.7495  6.98453e-17  4.23224e-18
       5404.2660  6.66249e-17  4.23236e-18
       5409.7825  7.17741e-17  4.25350e-18
       5415.2990  6.79322e-17  4.26399e-18
       5420.8154  7.44015e-17  4.27599e-18
       5426.3319  7.79122e-17  4.31543e-18
       5431.8484  7.46791e-17  4.31501e-18
       5437.3649  7.43508e-17  4.39095e-18
       5442.8813  7.90289e-17  4.39634e-18
       5448.3978  8.06029e-17  4.33137e-18
       5453.9143  7.30145e-17  4.32167e-18
       5459.4308  6.90253e-17  4.30066e-18
       5464.9472  7.14668e-17  4.31126e-18
       5470.4637  7.33575e-17  4.29898e-18
       5475.9802  6.71134e-17  4.28311e-18
       5481.4967  6.57674e-17  4.25196e-18
       5487.0131  7.31916e-17  4.27278e-18
       5492.5296  6.79546e-17  4.27927e-18
       5498.0461  7.74301e-17  4.51491e-18
       5503.5626  8.10786e-17  4.74797e-18
       5509.0790  7.73956e-17  4.38649e-18
       5514.5955  7.88504e-17  4.34995e-18
       5520.1120  8.26733e-17  4.37720e-18
       5525.6284  7.95098e-17  4.38515e-18
       5531.1449  8.93059e-17  4.45014e-18
       5536.6614  9.04005e-17  4.48984e-18
       5542.1779  9.61626e-17  4.51489e-18
       5547.6943  9.94433e-17  4.57051e-18
       5553.2108  1.10654e-16  4.67657e-18
       5558.7273  1.08157e-16  4.60447e-18
       5564.2438  1.17027e-16  6.00514e-18
       5569.7602  1.21178e-16  8.65467e-18
       5575.2767  1.43092e-16  9.21106e-18
       5580.7932  1.36330e-16  9.16761e-18
       5586.3097  1.43338e-16  7.93311e-18
       5591.8261  1.37531e-16  5.11464e-18
       5597.3426  1.38761e-16  4.94710e-18
       5602.8591  1.37246e-16  4.89172e-18
       5608.3756  1.34537e-16  4.89452e-18
       5613.8920  1.40859e-16  4.99830e-18
       5619.4085  1.34937e-16  5.02355e-18
       5624.9250  1.28441e-16  4.87189e-18
       5630.4415  1.27320e-16  4.81961e-18
       5635.9579  1.30887e-16  4.81345e-18
       5641.4744  1.26036e-16  4.80526e-18
       5646.9909  1.22165e-16  4.78688e-18
       5652.5074  1.21436e-16  4.75478e-18
       5658.0238  1.24733e-16  4.76168e-18
       5663.5403  1.16039e-16  4.76418e-18
       5669.0568  1.20643e-16  4.77309e-18
       5674.5733  1.15169e-16  4.74818e-18
       5680.0897  1.09011e-16  4.73317e-18
       5685.6062  1.11059e-16  4.73260e-18
       5691.1227  1.09819e-16  4.72691e-18
       5696.6392  1.14160e-16  4.73976e-18
       5702.1556  1.05814e-16  4.70083e-18
       5707.6721  1.04136e-16  4.70072e-18
       5713.1886  1.04252e-16  4.68681e-18
       5718.7050  1.09084e-16  4.71745e-18
       5724.2215  1.15159e-16  4.71304e-18
       5729.7380  1.17355e-16  4.72733e-18
       5735.2545  1.17963e-16  4.74695e-18
       5740.7709  1.19353e-16  4.75013e-18
       5746.2874  1.15511e-16  4.75415e-18
       5751.8039  1.20197e-16  4.77531e-18
       5757.3204  1.19093e-16  4.73676e-18
       5762.8368  1.18386e-16  4.77236e-18
       5768.3533  1.13179e-16  4.74709e-18
       5773.8698  1.08754e-16  4.73516e-18
       5779.3863  1.12575e-16  4.74772e-18
       5784.9027  1.10222e-16  4.87907e-18
       5790.4192  7.67936e-17  5.21314e-18
       5795.9357  9.85677e-17  4.64654e-18
       5801.4522  1.04863e-16  4.67326e-18
       5806.9686  1.04180e-16  4.64265e-18
       5812.4851  1.02070e-16  4.63783e-18
       5818.0016  9.50901e-17  4.59919e-18
       5823.5181  9.90377e-17  4.64299e-18
       5829.0345  9.93759e-17  4.62680e-18
       5834.5510  9.63305e-17  4.61573e-18
       5840.0675  9.22278e-17  4.61195e-18
       5845.5840  9.70329e-17  4.62115e-18
       5851.1004  9.14418e-17  4.60865e-18
       5856.6169  9.91886e-17  4.68113e-18
       5862.1334  6.27726e-17  4.69133e-18
       5867.6499  8.66695e-17  4.69565e-18
       5873.1663  9.38273e-17  4.70320e-18
       5878.6828  9.89111e-17  4.99037e-18
       5884.1993  9.69285e-17  5.28895e-18
       5889.7158  9.61220e-17  5.40452e-18
       5895.2322  9.72627e-17  5.35357e-18
       5900.7487  9.94795e-17  5.06530e-18
       5906.2652  9.91311e-17  4.78808e-18
       5911.7816  9.33697e-17  4.68648e-18
       5917.2981  5.99828e-17  4.72972e-18
       5922.8146  6.64626e-17  4.90030e-18
       5928.3311  8.41578e-17  4.71768e-18
       5933.8475  9.73063e-17  4.71021e-18
       5939.3640  9.37376e-17  4.73525e-18
       5944.8805  9.58485e-17  4.71199e-18
       5950.3970  1.04131e-16  4.72122e-18
       5955.9134  1.01240e-16  4.70204e-18
       5961.4299  9.85594e-17  4.67663e-18
       5966.9464  1.01670e-16  4.70692e-18
       5972.4629  1.07033e-16  4.72829e-18
       5977.9793  1.05745e-16  4.69990e-18
       5983.4958  9.90091e-17  4.67080e-18
       5989.0123  1.00903e-16  4.64977e-18
       5994.5288  1.02111e-16  4.63212e-18
       6000.0452  9.59312e-17  4.59186e-18
       6005.5617  9.19572e-17  4.56812e-18
       6011.0782  8.84826e-17  4.52898e-18
       6016.5947  8.73591e-17  4.49672e-18
       6022.1111  8.61490e-17  4.46728e-18
       6027.6276  9.02722e-17  4.49363e-18
       6033.1441  8.43597e-17  4.60992e-18
       6038.6606  8.18414e-17  4.84094e-18
       6044.1770  8.57723e-17  4.85900e-18
       6049.6935  8.60012e-17  4.57193e-18
       6055.2100  7.77711e-17  4.40049e-18
       6060.7265  7.47844e-17  4.35739e-18
       6066.2429  8.08098e-17  4.36972e-18
       6071.7594  7.72826e-17  4.35185e-18
       6077.2759  7.40178e-17  4.34196e-18
       6082.7923  7.58046e-17  4.34368e-18
       6088.3088  7.55271e-17  4.31489e-18
       6093.8253  7.26631e-17  4.32300e-18
       6099.3418  7.60417e-17  4.35782e-18
       6104.8582  7.60999e-17  4.34653e-18
       6110.3747  7.46943e-17  4.29980e-18
       6115.8912  6.86897e-17  4.28458e-18
       6121.4077  6.82355e-17  4.25150e-18
       6126.9241  6.67470e-17  4.28011e-18
       6132.4406  7.07353e-17  4.29920e-18
       6137.9571  7.19953e-17  4.29710e-18
       6143.4736  6.49967e-17  4.28834e-18
       6148.9900  7.13795e-17  4.29768e-18
       6154.5065  6.91908e-17  4.27825e-18
       6160.0230  7.15120e-17  4.30785e-18
       6165.5395  7.22497e-17  4.30715e-18
       6171.0559  7.13727e-17  4.28831e-18
       6176.5724  6.60985e-17  4.27917e-18
       6182.0889  6.58577e-17  4.23477e-18
       6187.6054  6.62105e-17  4.21188e-18
       6193.1218  6.51188e-17  4.18820e-18
       6198.6383  5.91059e-17  4.17265e-18
       6204.1548  6.34713e-17  4.17218e-18
       6209.6713  5.73859e-17  4.13562e-18
       6215.1877  5.72675e-17  4.12238e-18
       6220.7042  4.79167e-17  4.10265e-18
       6226.2207  5.13253e-17  4.16187e-18
       6231.7372  5.67199e-17  4.23848e-18
       6237.2536  5.30123e-17  4.44099e-18
       6242.7701  5.27430e-17  5.41015e-18
       6248.2866  5.46239e-17  4.89297e-18
       6253.8031  5.03974e-17  4.19162e-18
       6259.3195  4.88987e-17  4.10740e-18
       6264.8360  5.15275e-17  4.09491e-18
       6270.3525  4.71456e-17  4.00985e-18
       6275.8689  4.37186e-17  4.00928e-18
       6281.3854  4.33466e-17  3.99357e-18
       6286.9019  4.43440e-17  4.32031e-18
       6292.4184  4.19949e-17  4.72314e-18
       6297.9348  3.66434e-17  4.79195e-18
       6303.4513  4.07927e-17  4.76196e-18
       6308.9678  3.87466e-17  4.36272e-18
       6314.4843  3.44046e-17  3.93135e-18
       6320.0007  3.71426e-17  3.91447e-18
       6325.5172  3.87262e-17  3.92942e-18
       6331.0337  4.02529e-17  3.90321e-18
       6336.5502  3.63542e-17  3.87681e-18
       6342.0666  3.78422e-17  3.92197e-18
       6347.5831  4.29688e-17  4.00311e-18
       6353.0996  4.81237e-17  4.22121e-18
       6358.6161  4.93110e-17  4.23701e-18
       6364.1325  5.05352e-17  4.20512e-18
       6369.6490  5.07885e-17  4.11525e-18
       6375.1655  5.07913e-17  3.99480e-18
       6380.6820  5.38367e-17  3.95410e-18
       6386.1984  5.61071e-17  3.99346e-18
       6391.7149  5.48518e-17  3.95705e-18
       6397.2314  5.83126e-17  3.96715e-18
       6402.7479  6.06826e-17  3.95777e-18
       6408.2643  5.89947e-17  3.95263e-18
       6413.7808  5.49311e-17  3.94373e-18
       6419.2973  6.08402e-17  3.94663e-18
       6424.8138  6.49999e-17  3.97929e-18
       6430.3302  6.51647e-17  3.97034e-18
       6435.8467  6.55680e-17  3.94471e-18
       6441.3632  6.20399e-17  3.96524e-18
       6446.8796  6.70568e-17  3.99451e-18
       6452.3961  6.76950e-17  4.04033e-18
       6457.9126  6.53591e-17  4.06507e-18
       6463.4291  7.15591e-17  4.11681e-18
       6468.9455  7.30340e-17  4.11817e-18
       6474.4620  7.13438e-17  4.08304e-18
       6479.9785  7.06653e-17  4.01272e-18
       6485.4950  7.39492e-17  4.05958e-18
       6491.0114  7.51498e-17  4.08387e-18
       6496.5279  7.40050e-17  4.11613e-18
       6502.0444  7.78849e-17  4.12157e-18
       6507.5609  7.93842e-17  4.08335e-18
       6513.0773  7.75504e-17  4.05177e-18
       6518.5938  7.79656e-17  4.06430e-18
       6524.1103  8.02633e-17  4.13645e-18
       6529.6268  8.47140e-17  4.17613e-18
       6535.1432  8.71934e-17  4.18305e-18
       6540.6597  8.61556e-17  4.20787e-18
       6546.1762  9.06238e-17  4.23795e-18
       6551.6927  9.36431e-17  4.25689e-18
       6557.2091  9.59268e-17  4.27791e-18
       6562.7256  9.69624e-17  4.26798e-18
       6568.2421  9.60184e-17  4.25817e-18
       6573.7586  9.86468e-17  4.26991e-18
       6579.2750  9.65575e-17  4.23100e-18
       6584.7915  9.58685e-17  4.22040e-18
       6590.3080  9.63528e-17  4.19874e-18
       6595.8245  9.52920e-17  4.22124e-18
       6601.3409  9.46455e-17  4.20930e-18
       6606.8574  9.78076e-17  4.21750e-18
       6612.3739  9.42521e-17  4.18037e-18
       6617.8904  9.58375e-17  4.16891e-18
       6623.4068  9.45001e-17  4.17591e-18
       6628.9233  9.92506e-17  4.17766e-18
       6634.4398  9.70010e-17  4.17099e-18
       6639.9562  9.25548e-17  4.12213e-18
       6645.4727  9.43116e-17  4.14316e-18
       6650.9892  9.05916e-17  4.12000e-18
       6656.5057  8.94470e-17  4.12638e-18
       6662.0221  8.98626e-17  4.14326e-18
       6667.5386  9.27328e-17  4.12820e-18
       6673.0551  8.86508e-17  4.12578e-18
       6678.5716  8.73686e-17  4.10126e-18
       6684.0880  9.06677e-17  4.09105e-18
       6689.6045  8.53613e-17  4.05715e-18
       6695.1210  8.55835e-17  4.06417e-18
       6700.6375  8.55510e-17  4.04569e-18
       6706.1539  8.45031e-17  4.04787e-18
       6711.6704  8.15118e-17  4.04213e-18
       6717.1869  8.01036e-17  3.99695e-18
       6722.7034  8.09527e-17  3.98831e-18
       6728.2198  8.12734e-17  3.99203e-18
       6733.7363  8.08971e-17  3.98557e-18
       6739.2528  7.64442e-17  3.96364e-18
       6744.7693  7.45672e-17  3.92889e-18
       6750.2857  7.59466e-17  3.91085e-18
       6755.8022  7.30877e-17  3.89496e-18
       6761.3187  7.08876e-17  3.87490e-18
       6766.8352  6.78713e-17  3.85224e-18
       6772.3516  6.98797e-17  3.86853e-18
       6777.8681  6.88788e-17  3.85797e-18
       6783.3846  6.31213e-17  3.82892e-18
       6788.9011  6.39095e-17  3.82665e-18
       6794.4175  6.46455e-17  3.80036e-18
       6799.9340  6.30785e-17  3.80697e-18
       6805.4505  6.66980e-17  3.81772e-18
       6810.9669  5.74496e-17  3.78517e-18
       6816.4834  6.68050e-17  3.89344e-18
       6821.9999  6.54101e-17  4.02317e-18
       6827.5164  5.56284e-17  4.05930e-18
       6833.0328  5.58104e-17  4.08700e-18
       6838.5493  5.76656e-17  4.00858e-18
       6844.0658  5.48885e-17  3.85939e-18
       6849.5823  5.67607e-17  3.80287e-18
       6855.0987  5.61822e-17  3.92997e-18
       6860.6152  5.33740e-17  3.88962e-18
       6866.1317  5.13789e-17  3.81196e-18
       6871.6482  5.31192e-17  3.72214e-18
       6877.1646  6.07752e-17  3.68418e-18
       6882.6811  6.01527e-17  3.68525e-18
       6888.1976  5.91037e-17  3.70101e-18
       6893.7141  5.48048e-17  3.69899e-18
       6899.2305  5.73507e-17  3.70841e-18
       6904.7470  5.97075e-17  3.73466e-18
       6910.2635  5.52067e-17  3.78733e-18
       6915.7800  5.54109e-17  3.84322e-18
       6921.2964  5.90918e-17  3.85618e-18
       6926.8129  6.12473e-17  3.85422e-18
       6932.3294  5.55726e-17  3.81754e-18
       6937.8459  5.48203e-17  3.85635e-18
       6943.3623  5.54269e-17  3.90646e-18
       6948.8788  5.41767e-17  3.88509e-18
       6954.3953  5.78502e-17  3.86722e-18
       6959.9118  5.59864e-17  3.81504e-18
       6965.4282  5.23860e-17  3.77798e-18
       6970.9447  5.32751e-17  3.83404e-18
       6976.4612  4.81770e-17  3.83182e-18
       6981.9777  4.47231e-17  3.78044e-18
       6987.4941  4.97292e-17  3.75054e-18
       6993.0106  4.69419e-17  3.68538e-18
       6998.5271  4.81741e-17  3.69897e-18
       7004.0435  4.72318e-17  3.71320e-18
       7009.5600  4.66188e-17  3.71249e-18
       7015.0765  4.66004e-17  3.69952e-18
       7020.5930  4.76257e-17  3.65466e-18
       7026.1094  4.67740e-17  3.63001e-18
       7031.6259  4.65870e-17  3.65746e-18
       7037.1424  4.53570e-17  3.68561e-18
       7042.6589  4.51666e-17  3.73113e-18
       7048.1753  4.82819e-17  3.77382e-18
       7053.6918  5.04334e-17  3.79729e-18
       7059.2083  5.39120e-17  3.79291e-18
       7064.7248  5.19406e-17  3.76504e-18
       7070.2412  4.81563e-17  3.77011e-18
       7075.7577  5.26697e-17  3.79541e-18
       7081.2742  5.37783e-17  3.79818e-18
       7086.7907  5.28522e-17  3.81562e-18
       7092.3071  5.33413e-17  3.80445e-18
       7097.8236  5.27008e-17  3.78339e-18
       7103.3401  5.57341e-17  3.78422e-18
       7108.8566  5.49686e-17  3.76534e-18
       7114.3730  5.74845e-17  3.79145e-18
       7119.8895  5.45865e-17  3.80313e-18
       7125.4060  5.75260e-17  3.81322e-18
       7130.9225  5.63816e-17  3.81932e-18
       7136.4389  6.11658e-17  3.85377e-18
       7141.9554  5.37900e-17  3.83383e-18
       7147.4719  5.57208e-17  3.83250e-18
       7152.9884  5.25254e-17  3.83770e-18
       7158.5048  5.38015e-17  3.82168e-18
       7164.0213  5.41846e-17  3.79794e-18
       7169.5378  5.00328e-17  3.75654e-18
       7175.0542  5.11573e-17  3.73856e-18
       7180.5707  5.18558e-17  3.70081e-18
       7186.0872  5.02148e-17  3.65986e-18
       7191.6037  4.74151e-17  3.64182e-18
       7197.1201  4.87277e-17  3.65479e-18
       7202.6366  4.97181e-17  3.67444e-18
       7208.1531  4.83987e-17  3.68403e-18
       7213.6696  5.00845e-17  3.69643e-18
       7219.1860  5.07301e-17  3.69322e-18
       7224.7025  4.71905e-17  3.73568e-18
       7230.2190  4.83096e-17  4.00706e-18
       7235.7355  4.94958e-17  4.31434e-18
       7241.2519  4.89899e-17  4.43585e-18
       7246.7684  4.50586e-17  4.39153e-18
       7252.2849  4.74695e-17  4.16141e-18
       7257.8014  4.96850e-17  3.91680e-18
       7263.3178  5.06707e-17  3.90694e-18
       7268.8343  4.74006e-17  4.19298e-18
       7274.3508  4.74143e-17  4.32271e-18
       7279.8673  4.80459e-17  4.41213e-18
       7285.3837  4.25166e-17  4.27909e-18
       7290.9002  3.28688e-17  4.14857e-18
       7296.4167  4.68622e-17  3.95838e-18
       7301.9332  4.83354e-17  3.96705e-18
       7307.4496  4.95467e-17  4.18088e-18
       7312.9661  5.60018e-17  4.21402e-18
       7318.4826  5.79161e-17  4.28075e-18
       7323.9991  5.69001e-17  4.24959e-18
       7329.5155  5.67402e-17  4.27535e-18
       7335.0320  6.23174e-17  4.44033e-18
       7340.5485  6.27955e-17  4.42053e-18
       7346.0650  6.34685e-17  4.42801e-18
       7351.5814  6.85659e-17  4.31476e-18
       7357.0979  7.46322e-17  4.30346e-18
       7362.6144  7.01821e-17  4.43944e-18
       7368.1308  6.75603e-17  4.42095e-18
       7373.6473  7.18281e-17  4.37930e-18
       7379.1638  7.34343e-17  4.28741e-18
       7384.6803  7.43032e-17  4.17003e-18
       7390.1967  7.41108e-17  4.22344e-18
       7395.7132  7.40818e-17  4.34499e-18
       7401.2297  6.61906e-17  4.31542e-18
       7406.7462  7.23093e-17  4.25749e-18
       7412.2626  7.21966e-17  4.15306e-18
       7417.7791  6.72021e-17  4.02516e-18
       7423.2956  6.51532e-17  4.04792e-18
       7428.8121  6.02577e-17  4.09216e-18
       7434.3285  5.98562e-17  4.14513e-18
       7439.8450  6.18884e-17  4.09979e-18
       7445.3615  6.33941e-17  4.06163e-18
       7450.8780  6.05323e-17  3.99306e-18
       7456.3944  6.12231e-17  3.97549e-18
       7461.9109  5.93329e-17  4.03580e-18
       7467.4274  5.62841e-17  4.11090e-18
       7472.9439  5.63431e-17  4.21916e-18
       7478.4603  5.88638e-17  4.23496e-18
       7483.9768  5.90645e-17  4.15498e-18
       7489.4933  5.73764e-17  4.10999e-18
       7495.0098  5.43222e-17  4.01437e-18
       7500.5262  4.86670e-17  3.93381e-18
       7506.0427  4.83854e-17  3.93662e-18
       7511.5592  4.73306e-17  3.98659e-18
       7517.0757  4.57151e-17  4.08942e-18
       7522.5921  4.49060e-17  4.16937e-18
       7528.1086  3.94147e-17  4.18308e-18
       7533.6251  4.04383e-17  4.09193e-18
       7539.1416  3.93231e-17  3.93932e-18
       7544.6580  4.05224e-17  3.87764e-18
       7550.1745  4.34252e-17  3.85600e-18
       7555.6910  3.38770e-17  3.85615e-18
       7561.2074  3.52623e-17  3.96346e-18
       7566.7239  3.50974e-17  4.06261e-18
       7572.2404  4.16674e-17  4.07139e-18
       7577.7569  3.32211e-17  4.01719e-18
       7583.2733  2.88722e-17  3.88526e-18
       7588.7898  2.79785e-17  3.74531e-18
       7594.3063  2.10869e-17  3.59999e-18
       7599.8228  2.36371e-17  3.42800e-18
       7605.3392  2.92539e-17  3.35926e-18
       7610.8557  3.28745e-17  3.40898e-18
       7616.3722  2.46109e-17  3.47262e-18
       7621.8887  1.79243e-17  3.54158e-18
       7627.4051  1.30360e-17  3.55696e-18
       7632.9216  2.67240e-17  3.57840e-18
       7638.4381  3.08383e-17  3.58204e-18
       7643.9546  3.32395e-17  3.62184e-18
       7649.4710  3.79413e-17  3.71792e-18
       7654.9875  3.19713e-17  3.81002e-18
       7660.5040  3.16028e-17  3.88819e-18
       7666.0205  3.96473e-17  3.95128e-18
       7671.5369  4.25966e-17  4.01196e-18
       7677.0534  4.38733e-17  4.03386e-18
       7682.5699  4.30822e-17  4.04958e-18
       7688.0864  4.10580e-17  4.06707e-18
       7693.6028  4.37663e-17  4.14627e-18
       7699.1193  4.21982e-17  4.23144e-18
       7704.6358  4.49481e-17  4.59482e-18
       7710.1523  4.15872e-17  5.04949e-18
       7715.6687  4.51625e-17  5.15724e-18
       7721.1852  3.90651e-17  5.14692e-18
       7726.7017  3.82476e-17  4.78463e-18
       7732.2181  4.70353e-17  4.49647e-18
       7737.7346  5.26054e-17  4.46947e-18
       7743.2511  5.72201e-17  4.91009e-18
       7748.7676  5.60480e-17  5.08749e-18
       7754.2840  6.06321e-17  5.21800e-18
       7759.8005  5.53322e-17  5.06937e-18
       7765.3170  5.47464e-17  4.82955e-18
       7770.8335  6.03440e-17  4.77444e-18
       7776.3499  6.57649e-17  4.75649e-18
       7781.8664  7.13132e-17  4.87947e-18
       7787.3829  7.56479e-17  5.11220e-18
       7792.8994  7.12535e-17  5.12134e-18
       7798.4158  6.94678e-17  5.18400e-18
       7803.9323  7.26186e-17  5.20097e-18
       7809.4488  7.64684e-17  5.08607e-18
       7814.9653  8.07019e-17  5.37940e-18
       7820.4817  8.04036e-17  5.40603e-18
       7825.9982  7.91069e-17  5.29754e-18
       7831.5147  7.56596e-17  5.20289e-18
       7837.0312  7.85228e-17  4.98938e-18
       7842.5476  7.69296e-17  5.19277e-18
       7848.0641  8.64022e-17  5.62286e-18
       7853.5806  8.94879e-17  5.71831e-18
       7859.0971  8.66642e-17  5.71603e-18
       7864.6135  7.53841e-17  5.56154e-18
       7870.1300  8.16998e-17  5.45476e-18
       7875.6465  8.22624e-17  5.44758e-18
       7881.1630  8.71573e-17  5.53081e-18
       7886.6794  8.84992e-17  5.58693e-18
       7892.1959  9.05624e-17  5.44098e-18
       7897.7124  8.67268e-17  5.29554e-18
       7903.2289  8.26070e-17  5.32505e-18
       7908.7453  7.78921e-17  5.58961e-18
       7914.2618  8.44838e-17  5.82935e-18
       7919.7783  7.32064e-17  5.91765e-18
       7925.2947  4.82600e-17  5.73525e-18
       7930.8112  5.11838e-17  5.32200e-18
       7936.3277  5.60391e-17  5.17653e-18
       7941.8442  6.07287e-17  5.12538e-18
       7947.3606  5.77975e-17  4.98254e-18
       7952.8771  6.23101e-17  5.05937e-18
       7958.3936  5.85049e-17  5.29062e-18
       7963.9101  5.19447e-17  5.23952e-18
       7969.4265  5.51347e-17  5.33960e-18
       7974.9430  4.39467e-17  5.33335e-18
       7980.4595  4.02668e-17  5.06391e-18
       7985.9760  3.66237e-17  5.30776e-18
       7991.4924  3.42026e-17  5.29753e-18
       7997.0089  3.59065e-17  5.20625e-18
       8002.5254  3.56719e-17  5.10532e-18
       8008.0419  2.80956e-17  4.82064e-18
       8013.5583  2.63417e-17  4.84530e-18
       8019.0748  3.08697e-17  5.25878e-18
       8024.5913  2.69790e-17  5.26301e-18
       8030.1078  2.84004e-17  5.09371e-18
       8035.6242  2.29313e-17  4.87008e-18
       8041.1407  1.96087e-17  4.62232e-18
       8046.6572  1.66107e-17  4.55833e-18
       8052.1737  1.59575e-17  4.68355e-18
       8057.6901  2.03118e-17  4.79780e-18
       8063.2066  1.53406e-17  4.74708e-18
       8068.7231  1.19785e-17  4.64494e-18
       8074.2396  1.34148e-17  4.50389e-18
       8079.7560  7.09694e-18  4.41878e-18
       8085.2725  1.11458e-17  4.49312e-18
       8090.7890  7.27579e-18  4.52664e-18
       8096.3054  8.15810e-18  4.56764e-18
       8101.8219  3.88962e-18  4.52941e-18
       8107.3384  4.02192e-18  4.47824e-18
       8112.8549  5.00956e-18  4.40931e-18
       8118.3713  6.33737e-18  4.37940e-18
       8123.8878  2.95620e-18  4.39526e-18
       8129.4043  7.65512e-18  4.51076e-18
       8134.9208  1.12040e-17  4.53776e-18
       8140.4372  9.88313e-18  4.55998e-18
       8145.9537  6.76526e-18  4.91417e-18
       8151.4702  1.13854e-17  5.14479e-18
       8156.9867  8.53451e-18  4.78590e-18
       8162.5031  1.08213e-17  4.56958e-18
       8168.0196  1.00911e-17  4.57032e-18
       8173.5361  1.68012e-17  4.55848e-18
       8179.0526  1.60885e-17  4.55491e-18
       8184.5690  1.00847e-17  4.54507e-18
       8190.0855  7.44507e-18  4.58321e-18
       8195.6020  1.13187e-17  4.66493e-18
       8201.1185  1.04106e-17  4.70946e-18
       8206.6349  9.35286e-18  4.68140e-18
       8212.1514  8.64486e-18  4.65065e-18
       8217.6679  8.95188e-18  4.60549e-18
       8223.1844  6.54860e-18  4.57057e-18
       8228.7008  6.10138e-18  4.58823e-18
       8234.2173  4.21667e-18  4.63249e-18
       8239.7338  5.17282e-18  4.78273e-18
       8245.2503  4.70569e-18  5.18097e-18
       8250.7667  1.03116e-17  4.89331e-18
       8256.2832  5.66866e-18  4.68207e-18
       8261.7997  5.38597e-18  4.68632e-18
       8267.3162  7.77522e-18  4.81971e-18
       8272.8326  6.15228e-18  5.13873e-18
       8278.3491  1.02474e-17  5.62727e-18
       8283.8656  1.00030e-17  5.95240e-18
       8289.3820  9.59567e-18  6.22078e-18
       8294.8985  9.28235e-18  6.24445e-18
       8300.4150  7.27363e-18  6.01314e-18
       8305.9315  9.47115e-18  5.94623e-18
       8311.4479  1.23002e-17  5.56256e-18
       8316.9644  9.51094e-18  5.26430e-18
       8322.4809  2.50852e-18  5.08209e-18
       8327.9974  4.91760e-18  4.96396e-18
       8333.5138  1.71216e-18  5.46910e-18
       8339.0303  5.32617e-18  6.42852e-18
       8344.5468  1.00517e-17  7.14535e-18
       8350.0633  9.97326e-18  7.36277e-18
       8355.5797  8.49459e-18  6.81057e-18
       8361.0962  4.17321e-18  5.93289e-18
       8366.6127  9.43272e-18  5.88536e-18
       8372.1292  4.83358e-18  5.93900e-18
       8377.6456  3.77997e-18  5.78527e-18
       8383.1621  9.46367e-18  5.86837e-18
       8388.6786  1.12770e-17  6.23877e-18
       8394.1951  1.08782e-17  6.64428e-18
       8399.7115  1.15527e-17  6.57461e-18
       8405.2280  3.20298e-18  6.58148e-18
       8410.7445  3.78899e-18  6.44067e-18
       8416.2610  8.03215e-18  6.16372e-18
       8421.7774  8.06619e-18  6.78927e-18
       8427.2939  1.69274e-17  7.10400e-18
       8432.8104  1.45250e-17  6.92646e-18
       8438.3269  8.19507e-18  6.67704e-18
       8443.8433  8.16930e-18  6.24427e-18
       8449.3598  1.59481e-17  6.12166e-18
       8454.8763  9.88558e-18  6.49937e-18
       8460.3927  1.62699e-17  6.92615e-18
       8465.9092  1.77850e-17  6.87450e-18
       8471.4257  1.98516e-17  6.94421e-18
       8476.9422  1.06660e-17  6.41237e-18
       8482.4586  1.09883e-17  5.87665e-18
       8487.9751  1.37940e-17  5.99623e-18
       8493.4916  1.34870e-17  6.26454e-18
       8499.0081  1.72715e-17  6.59512e-18
       8504.5245  1.75694e-17  6.57268e-18
       8510.0410  1.83721e-17  6.35494e-18
       8515.5575  2.21983e-17  6.13456e-18
       8521.0740  1.97975e-17  5.87895e-18
       8526.5904  2.05505e-17  5.95468e-18
       8532.1069  2.56495e-17  6.13649e-18
       8537.6234  3.14744e-17  6.32606e-18
       8543.1399  3.56750e-17  6.45059e-18
       8548.6563  3.21241e-17  6.37256e-18
       8554.1728  3.36187e-17  6.33253e-18
       8559.6893  3.10329e-17  6.23212e-18
       8565.2058  2.94994e-17  6.23333e-18
       8570.7222  3.28286e-17  6.29043e-18
       8576.2387  4.24242e-17  6.39155e-18
       8581.7552  5.17866e-17  6.44590e-18
       8587.2717  4.86885e-17  6.42546e-18
       8592.7881  4.70751e-17  6.46142e-18
       8598.3046  5.51150e-17  6.54255e-18
       8603.8211  5.07279e-17  6.71669e-18
       8609.3376  5.91466e-17  7.14582e-18
       8614.8540  7.12522e-17  7.84122e-18
       8620.3705  7.61397e-17  8.54241e-18
       8625.8870  8.45962e-17  9.08609e-18
       8631.4035  7.79214e-17  9.07997e-18
       8636.9199  7.98799e-17  9.25875e-18
       8642.4364  8.74590e-17  9.28872e-18
       8647.9529  9.34440e-17  9.23167e-18
       8653.4693  1.06948e-16  9.39408e-18
       8658.9858  1.11937e-16  9.54886e-18
       8664.5023  1.15139e-16  9.51648e-18
       8670.0188  1.16445e-16  9.25334e-18
       8675.5352  1.11779e-16  8.93829e-18
       8681.0517  1.10881e-16  8.60200e-18
       8686.5682  1.26999e-16  8.35900e-18
       8692.0847  1.37438e-16  8.14637e-18
       8697.6011  1.40982e-16  7.97962e-18
       8703.1176  1.58713e-16  7.98115e-18
       8708.6341  1.47112e-16  7.87184e-18
       8714.1506  1.44777e-16  7.88601e-18
       8719.6670  1.50137e-16  8.00567e-18
       8725.1835  1.55044e-16  8.04828e-18
       8730.7000  1.81022e-16  8.22908e-18
       8736.2165  1.92716e-16  8.26639e-18
       8741.7329  1.82653e-16  8.21064e-18
       8747.2494  1.84774e-16  8.42996e-18
       8752.7659  1.74659e-16  8.90600e-18
       8758.2824  1.82158e-16  9.70265e-18
       8763.7988  1.90546e-16  1.02954e-17
       8769.3153  1.98826e-16  1.06170e-17
       8774.8318  1.98511e-16  1.03126e-17
       8780.3483  1.86620e-16  9.88123e-18
       8785.8647  1.70132e-16  9.49573e-18
       8791.3812  1.69396e-16  9.07882e-18
       8796.8977  1.82675e-16  8.90846e-18
       8802.4142  1.82195e-16  8.82619e-18
       8807.9306  1.83782e-16  8.60346e-18
       8813.4471  1.85390e-16  9.08116e-18
       8818.9636  1.84682e-16  9.99116e-18
       8824.4800  1.72540e-16  1.06187e-17
       8829.9965  1.64112e-16  1.10925e-17
       8835.5130  1.72735e-16  1.08203e-17
       8841.0295  1.67551e-16  9.83078e-18
       8846.5459  1.67406e-16  9.15756e-18
       8852.0624  1.70875e-16  8.89052e-18
       8857.5789  1.60588e-16  8.99591e-18
       8863.0954  1.42643e-16  9.03404e-18
       8868.6118  1.48535e-16  9.27369e-18
       8874.1283  1.54430e-16  9.75634e-18
       8879.6448  1.61287e-16  1.00689e-17
       8885.1613  1.56108e-16  1.00869e-17
       8890.6777  1.44037e-16  1.01000e-17
       8896.1942  1.41767e-16  9.84287e-18
       8901.7107  1.25978e-16  9.48996e-18
       8907.2272  1.26335e-16  9.99503e-18
       8912.7436  1.27017e-16  1.03591e-17
       8918.2601  1.41218e-16  1.03524e-17
       8923.7766  1.13884e-16  1.01209e-17
       8929.2931  1.17699e-16  9.57525e-18
       8934.8095  1.10951e-16  9.22376e-18
       8940.3260  1.11183e-16  9.20795e-18
       8945.8425  1.12259e-16  9.68326e-18
       8951.3590  1.20295e-16  9.90237e-18
       8956.8754  1.03113e-16  9.72059e-18
       8962.3919  8.82490e-17  9.55702e-18
       8967.9084  8.77220e-17  9.07838e-18
       8973.4249  8.43268e-17  8.75457e-18
       8978.9413  9.20433e-17  8.79202e-18
       8984.4578  9.33075e-17  8.88415e-18
       8989.9743  8.97490e-17  9.14517e-18
       8995.4908  7.52284e-17  9.29060e-18
       9001.0072  6.20235e-17  9.27044e-18
       9006.5237  8.34198e-17  9.22309e-18
       9012.0402  8.54245e-17  8.89989e-18
       9017.5566  8.47161e-17  8.53644e-18
       9023.0731  9.45646e-17  8.53279e-18
       9028.5896  8.42326e-17  8.69025e-18
       9034.1061  6.07007e-17  8.82705e-18
       9039.6225  6.54842e-17  9.14722e-18
       9045.1390  7.89471e-17  9.31690e-18
       9050.6555  7.61756e-17  9.16276e-18
       9056.1720  6.91885e-17  8.85229e-18
       9061.6884  5.48684e-17  8.59659e-18
       9067.2049  5.55554e-17  8.63180e-18
       9072.7214  6.60402e-17  8.70838e-18
       9078.2379  7.23195e-17  8.75371e-18
       9083.7543  7.15150e-17  8.69829e-18
       9089.2708  5.54148e-17  8.66741e-18
       9094.7873  4.85747e-17  8.78565e-18
       9100.3038  4.99755e-17  8.97603e-18
       9105.8202  6.25469e-17  8.98386e-18
       9111.3367  7.45146e-17  8.75258e-18
       9116.8532  6.73338e-17  8.64051e-18
       9122.3697  4.71617e-17  8.46068e-18
       9127.8861  3.93983e-17  8.57746e-18
       9133.4026  6.19391e-17  8.78885e-18
       9138.9191  7.75302e-17  8.92501e-18
       9144.4356  6.76454e-17  8.84067e-18
       9149.9520  5.52724e-17  8.80157e-18
       9155.4685  3.72283e-17  8.84075e-18
       9160.9850  5.92621e-17  8.93724e-18
       9166.5015  6.76864e-17  8.92922e-18
       9172.0179  6.49023e-17  8.78658e-18
       9177.5344  5.08709e-17  8.59261e-18
       9183.0509  3.33476e-17  8.50633e-18
       9188.5673  3.66967e-17  8.56941e-18
       9194.0838  4.89545e-17  8.68102e-18
       9199.6003  4.37733e-17  8.68830e-18
       9205.1168  3.49060e-17  8.67433e-18
       9210.6332  4.73855e-17  8.65149e-18
       9216.1497  5.07645e-17  8.59779e-18
       9221.6662  5.20733e-17  8.46247e-18
       9227.1827  4.24795e-17  8.31356e-18
