3600 7.72586e-17 5.6964e-18
3602 7.77368e-17 5.73166e-18
3604 4.52792e-17 3.33851e-18
3606 2.38306e-17 1.75707e-18
3608 4.66081e-17 3.43649e-18
3610 4.31917e-17 3.18459e-18
3612 3.69582e-17 2.72499e-18
3614 3.93161e-17 2.89884e-18
3616 4.72087e-17 3.48077e-18
3618 6.4302e-17 4.74109e-18
3620 6.91474e-17 5.09835e-18
3622 4.83903e-17 3.56789e-18
3624 6.13599e-17 4.52416e-18
3626 6.59161e-17 4.8601e-18
3628 2.61132e-17 1.92537e-18
3630 2.43734e-17 1.79709e-18
3632 3.42016e-17 2.52174e-18
3634 4.10535e-17 3.02694e-18
3636 4.1194e-17 3.0373e-18
3638 3.90785e-17 2.88132e-18
3640 6.01904e-17 4.43793e-18
3642 5.00825e-17 3.69266e-18
3644 3.07079e-17 2.26414e-18
3646 3.30483e-17 2.4367e-18
3648 4.65197e-17 3.42997e-18
3650 4.28659e-17 3.16057e-18
3652 3.79839e-17 2.80061e-18
3654 2.56696e-17 1.89266e-18
3656 1.84621e-17 1.36124e-18
3658 5.5299e-17 4.07728e-18
3660 6.87825e-17 5.07144e-18
3662 2.74812e-17 2.02623e-18
3664 3.30975e-17 2.44033e-18
3666 4.16257e-17 3.06913e-18
3668 2.50993e-17 1.85061e-18
3670 5.23975e-17 3.86334e-18
3672 6.05957e-17 4.46782e-18
3674 3.58262e-17 2.64152e-18
3676 4.80369e-17 3.54184e-18
3678 4.44685e-17 3.27873e-18
3680 4.43807e-17 3.27226e-18
3682 5.88109e-17 4.33622e-18
3684 6.12119e-17 4.51325e-18
3686 4.42456e-17 3.2623e-18
3688 3.82552e-17 2.82062e-18
3690 3.70529e-17 2.73197e-18
3692 3.4774e-17 2.56394e-18
3694 3.91616e-17 2.88745e-18
3696 3.13308e-17 2.31007e-18
3698 -1.91979e-18 -1.41549e-19
3700 2.30569e-17 1.70002e-18
3702 3.74705e-17 2.76276e-18
3704 4.21905e-17 3.11077e-18
3706 1.60332e-17 1.18215e-18
3708 2.31472e-17 1.70668e-18
3710 4.75624e-17 3.50685e-18
3712 5.55321e-17 4.09447e-18
3714 1.8439e-17 1.35954e-18
3716 3.22851e-17 2.38043e-18
3718 4.93338e-17 3.63746e-18
3720 4.8484e-17 3.5748e-18
3722 4.44327e-17 3.27609e-18
3724 1.46883e-17 1.08299e-18
3726 1.54386e-17 1.13831e-18
3728 4.13927e-17 3.05195e-18
3730 4.40349e-17 3.24676e-18
3732 2.91619e-17 2.15015e-18
3734 2.94071e-17 2.16823e-18
3736 3.53379e-17 2.60552e-18
3738 2.18201e-17 1.60883e-18
3740 3.89944e-17 2.87512e-18
3742 3.68204e-17 2.71483e-18
3744 3.58441e-17 2.64284e-18
3746 2.64174e-17 1.9478e-18
3748 -2.33369e-18 -1.72067e-19
3750 8.98592e-18 6.62546e-19
3752 2.56483e-17 1.89109e-18
3754 4.22407e-17 3.11447e-18
3756 4.89664e-17 3.61037e-18
3758 3.59844e-17 2.65319e-18
3760 1.15084e-17 8.48531e-19
3762 2.59015e-17 1.90976e-18
3764 2.99124e-17 2.20549e-18
3766 1.05025e-17 7.74365e-19
3768 1.37666e-17 1.01503e-18
3770 2.24143e-17 1.65264e-18
3772 1.09318e-17 8.06021e-19
3774 2.08773e-17 1.53932e-18
3776 3.28333e-17 2.42085e-18
3778 2.40551e-17 1.77362e-18
3780 2.96622e-17 2.18704e-18
3782 3.56226e-17 2.62651e-18
3784 2.52158e-17 1.8592e-18
3786 3.4036e-17 2.50953e-18
3788 4.79771e-17 3.53743e-18
3790 3.29082e-17 2.42637e-18
3792 3.55953e-17 2.6245e-18
3794 4.01356e-17 2.95926e-18
3796 3.85905e-17 2.84534e-18
3798 3.99593e-17 2.94626e-18
3800 3.00761e-17 2.21756e-18
3802 1.23424e-17 9.10023e-19
3804 2.86629e-17 2.11336e-18
3806 3.81195e-17 2.81061e-18
3808 2.53963e-17 1.87251e-18
3810 1.84503e-17 1.36037e-18
3812 4.3751e-17 3.22583e-18
3814 3.64109e-17 2.68463e-18
3816 3.38482e-17 2.49568e-18
3818 3.6992e-17 2.72748e-18
3820 3.52716e-17 2.60063e-18
3822 4.90489e-17 3.61645e-18
3824 6.03535e-17 4.44996e-18
3826 4.6044e-17 3.3949e-18
3828 4.50675e-17 3.32289e-18
3830 4.77536e-17 3.52095e-18
3832 4.22214e-17 3.11305e-18
3834 4.65566e-17 3.43269e-18
3836 3.62427e-17 2.67223e-18
3838 3.21448e-17 2.37009e-18
3840 6.06398e-17 4.47107e-18
3842 5.74706e-17 4.2374e-18
3844 3.79042e-17 2.79474e-18
3846 4.49031e-17 3.31078e-18
3848 5.58758e-17 4.11981e-18
3850 5.75603e-17 4.24401e-18
3852 5.0643e-17 3.73399e-18
3854 5.96332e-17 4.39685e-18
3856 6.32957e-17 4.66689e-18
3858 5.04746e-17 3.72157e-18
3860 6.4985e-17 4.79145e-18
3862 6.2306e-17 4.59392e-18
3864 6.24218e-17 4.60246e-18
3866 6.25855e-17 4.61453e-18
3868 7.47587e-17 5.51208e-18
3870 1.00055e-16 7.37718e-18
3872 9.68958e-17 7.14428e-18
3874 9.97484e-17 7.35461e-18
3876 8.70826e-17 6.42074e-18
3878 7.73613e-17 5.70397e-18
3880 8.46922e-17 6.24449e-18
3882 9.2363e-17 6.81007e-18
3884 9.18144e-17 6.76962e-18
3886 9.38165e-17 6.91724e-18
3888 1.01679e-16 7.49692e-18
3890 9.9655e-17 7.34772e-18
3892 9.98904e-17 7.36508e-18
3894 8.85345e-17 6.52779e-18
3896 1.01764e-16 7.50324e-18
3898 1.15865e-16 8.54294e-18
3900 1.12676e-16 8.30775e-18
3902 1.19736e-16 8.82829e-18
3904 1.10341e-16 8.13563e-18
3906 1.22108e-16 9.00323e-18
3908 1.36595e-16 1.00714e-17
3910 1.27531e-16 9.40308e-18
3912 1.31838e-16 9.72061e-18
3914 1.32569e-16 9.77455e-18
3916 1.36987e-16 1.01003e-17
3918 1.36315e-16 1.00507e-17
3920 1.29583e-16 9.55435e-18
3922 1.25785e-16 9.27436e-18
3924 1.32739e-16 9.78707e-18
3926 1.45775e-16 1.07482e-17
3928 1.41677e-16 1.04461e-17
3930 1.26475e-16 9.32522e-18
3932 1.37149e-16 1.01122e-17
3934 1.29512e-16 9.54911e-18
3936 1.15968e-16 8.55049e-18
3938 1.23228e-16 9.08581e-18
3940 1.18846e-16 8.76271e-18
3942 1.2661e-16 9.33512e-18
3944 1.26307e-16 9.31284e-18
3946 1.26118e-16 9.29885e-18
3948 1.28455e-16 9.47119e-18
3950 1.3901e-16 1.02494e-17
3952 1.42413e-16 1.05003e-17
3954 1.22227e-16 9.01196e-18
3956 1.25373e-16 9.24393e-18
3958 1.20524e-16 8.88641e-18
3960 1.20815e-16 8.90785e-18
3962 1.283e-16 9.45976e-18
3964 1.14578e-16 8.44802e-18
3966 1.04955e-16 7.73853e-18
3968 1.06049e-16 7.81918e-18
3970 1.24484e-16 9.1784e-18
3972 1.09641e-16 8.08404e-18
3974 9.56709e-17 7.05397e-18
3976 1.0978e-16 8.09428e-18
3978 1.12662e-16 8.30676e-18
3980 1.19472e-16 8.80889e-18
3982 1.23402e-16 9.09865e-18
3984 1.04832e-16 7.7294e-18
3986 1.0993e-16 8.10531e-18
3988 9.94575e-17 7.33316e-18
3990 1.01957e-16 7.51745e-18
3992 1.08318e-16 7.98649e-18
3994 1.06525e-16 7.85427e-18
3996 1.10866e-16 8.17434e-18
3998 1.10379e-16 8.13843e-18
4000 1.07581e-16 7.93212e-18
4002 1.23168e-16 9.08134e-18
4004 1.23859e-16 9.13229e-18
4006 1.12436e-16 8.2901e-18
4008 1.11106e-16 8.19205e-18
4010 1.18342e-16 8.72556e-18
4012 1.05376e-16 7.76957e-18
4014 1.15545e-16 8.51928e-18
4016 1.30106e-16 9.59289e-18
4018 1.29293e-16 9.53296e-18
4020 1.26427e-16 9.32167e-18
4022 1.13682e-16 8.38197e-18
4024 1.25641e-16 9.26369e-18
4026 1.28551e-16 9.47825e-18
4028 1.09688e-16 8.08747e-18
4030 9.79896e-17 7.22493e-18
4032 1.19571e-16 8.81614e-18
4034 1.20216e-16 8.86368e-18
4036 1.20212e-16 8.86345e-18
4038 1.17163e-16 8.63863e-18
4040 1.19972e-16 8.84576e-18
4042 1.27395e-16 9.393e-18
4044 1.24172e-16 9.15541e-18
4046 1.11882e-16 8.24926e-18
4048 1.20672e-16 8.89735e-18
4050 1.24579e-16 9.18542e-18
4052 1.16574e-16 8.59516e-18
4054 1.23257e-16 9.0879e-18
4056 1.23544e-16 9.10909e-18
4058 1.20525e-16 8.88654e-18
4060 1.20169e-16 8.86025e-18
4062 1.03865e-16 7.65815e-18
4064 9.1744e-17 6.76443e-18
4066 1.02071e-16 7.52584e-18
4068 1.16167e-16 8.56517e-18
4070 1.1499e-16 8.47843e-18
4072 1.03798e-16 7.65322e-18
4074 1.01448e-16 7.47994e-18
4076 9.53191e-17 7.02803e-18
4078 9.94732e-17 7.33432e-18
4080 9.93623e-17 7.32614e-18
4082 9.20186e-17 6.78468e-18
4084 8.88874e-17 6.55381e-18
4086 8.77278e-17 6.46831e-18
4088 8.5186e-17 6.2809e-18
4090 8.48654e-17 6.25726e-18
4092 9.21735e-17 6.7961e-18
4094 9.72198e-17 7.16817e-18
4096 1.02763e-16 7.57685e-18
4098 1.03877e-16 7.65905e-18
4100 1.08803e-16 8.02223e-18
4102 1.01046e-16 7.45031e-18
4104 8.32588e-17 6.1388e-18
4106 7.96629e-17 5.87367e-18
4108 7.95789e-17 5.86748e-18
4110 7.23341e-17 5.33331e-18
4112 7.36172e-17 5.42791e-18
4114 8.788e-17 6.47953e-18
4116 8.60688e-17 6.34599e-18
4118 7.94897e-17 5.8609e-18
4120 9.33274e-17 6.88118e-18
4122 8.87593e-17 6.54436e-18
4124 7.93295e-17 5.84909e-18
4126 7.9549e-17 5.86527e-18
4128 7.41608e-17 5.46799e-18
4130 7.69857e-17 5.67628e-18
4132 7.91446e-17 5.83546e-18
4134 8.32457e-17 6.13784e-18
4136 9.76721e-17 7.20152e-18
4138 9.83635e-17 7.2525e-18
4140 8.51391e-17 6.27744e-18
4142 8.79709e-17 6.48623e-18
4144 9.891e-17 7.29279e-18
4146 1.01336e-16 7.47169e-18
4148 9.6482e-17 7.11377e-18
4150 8.96815e-17 6.61236e-18
4152 9.44698e-17 6.96541e-18
4154 9.21442e-17 6.79394e-18
4156 8.38965e-17 6.18582e-18
4158 8.67137e-17 6.39353e-18
4160 9.11489e-17 6.72055e-18
4162 9.94776e-17 7.33464e-18
4164 9.21836e-17 6.79684e-18
4166 7.4832e-17 5.51748e-18
4168 7.48401e-17 5.51808e-18
4170 8.56292e-17 6.31358e-18
4172 9.52485e-17 7.02282e-18
4174 8.74963e-17 6.45124e-18
4176 8.24754e-17 6.08104e-18
4178 9.57879e-17 7.06259e-18
4180 9.06761e-17 6.68569e-18
4182 8.12774e-17 5.99271e-18
4184 7.67881e-17 5.66171e-18
4186 8.09501e-17 5.96858e-18
4188 9.88561e-17 7.28882e-18
4190 9.21483e-17 6.79424e-18
4192 7.86043e-17 5.79562e-18
4194 7.99113e-17 5.89199e-18
4196 8.03603e-17 5.92509e-18
4198 8.32441e-17 6.13772e-18
4200 9.15262e-17 6.74837e-18
4202 9.40549e-17 6.93482e-18
4204 8.49046e-17 6.26015e-18
4206 8.95025e-17 6.59916e-18
4208 1.02779e-16 7.57808e-18
4210 8.97754e-17 6.61928e-18
4212 8.10769e-17 5.97793e-18
4214 8.275e-17 6.10129e-18
4216 8.32106e-17 6.13525e-18
4218 8.8298e-17 6.51035e-18
4220 8.45286e-17 6.23243e-18
4222 8.34796e-17 6.15508e-18
4224 8.78534e-17 6.47757e-18
4226 8.05335e-17 5.93786e-18
4228 7.70683e-17 5.68237e-18
4230 8.0366e-17 5.92551e-18
4232 8.0469e-17 5.93311e-18
4234 7.17682e-17 5.29158e-18
4236 7.32508e-17 5.4009e-18
4238 8.33039e-17 6.14213e-18
4240 7.81951e-17 5.76545e-18
4242 6.8311e-17 5.03668e-18
4244 7.38275e-17 5.44342e-18
4246 9.19275e-17 6.77796e-18
4248 9.84634e-17 7.25986e-18
4250 9.00352e-17 6.63844e-18
4252 9.19024e-17 6.77611e-18
4254 9.69728e-17 7.14996e-18
4256 8.47418e-17 6.24815e-18
4258 8.1375e-17 5.99991e-18
4260 8.48597e-17 6.25684e-18
4262 8.97609e-17 6.61821e-18
4264 8.65504e-17 6.3815e-18
4266 8.52899e-17 6.28856e-18
4268 8.69192e-17 6.40869e-18
4270 7.99206e-17 5.89267e-18
4272 7.88041e-17 5.81035e-18
4274 8.70795e-17 6.42051e-18
4276 8.82623e-17 6.50772e-18
4278 7.71852e-17 5.69099e-18
4280 7.62303e-17 5.62058e-18
4282 7.57768e-17 5.58714e-18
4284 8.3439e-17 6.15209e-18
4286 9.83534e-17 7.25175e-18
4288 8.61861e-17 6.35464e-18
4290 8.8592e-17 6.53203e-18
4292 9.2154e-17 6.79466e-18
4294 8.99263e-17 6.63041e-18
4296 9.43923e-17 6.95969e-18
4298 9.30231e-17 6.85874e-18
4300 8.99749e-17 6.63399e-18
4302 9.05749e-17 6.67823e-18
4304 8.77537e-17 6.47022e-18
4306 9.33999e-17 6.88652e-18
4308 9.85831e-17 7.26869e-18
4310 1.01553e-16 7.48767e-18
4312 8.64753e-17 6.37596e-18
4314 9.23644e-17 6.81017e-18
4316 9.50609e-17 7.00899e-18
4318 1.02516e-16 7.55869e-18
4320 9.40529e-17 6.93467e-18
4322 9.29873e-17 6.8561e-18
4324 9.35057e-17 6.89432e-18
4326 9.29901e-17 6.85631e-18
4328 8.36119e-17 6.16484e-18
4330 9.35891e-17 6.90047e-18
4332 9.43429e-17 6.95605e-18
4334 9.80074e-17 7.22624e-18
4336 9.7328e-17 7.17615e-18
4338 9.75111e-17 7.18965e-18
4340 1.0371e-16 7.64667e-18
4342 1.03226e-16 7.61103e-18
4344 1.01175e-16 7.4598e-18
4346 1.00029e-16 7.37532e-18
4348 9.07961e-17 6.69454e-18
4350 1.05896e-16 7.80787e-18
4352 1.03807e-16 7.65386e-18
4354 9.60389e-17 7.0811e-18
4356 1.03513e-16 7.63215e-18
4358 9.667e-17 7.12764e-18
4360 1.14467e-16 8.43981e-18
4362 1.15372e-16 8.50657e-18
4364 1.11116e-16 8.19273e-18
4366 1.25626e-16 9.26263e-18
4368 1.32244e-16 9.75057e-18
4370 1.23204e-16 9.08403e-18
4372 1.34358e-16 9.9064e-18
4374 1.39277e-16 1.02691e-17
4376 1.45489e-16 1.07271e-17
4378 1.53642e-16 1.13283e-17
4380 1.4197e-16 1.04677e-17
4382 1.5995e-16 1.17934e-17
4384 1.56628e-16 1.15484e-17
4386 1.49429e-16 1.10176e-17
4388 1.62175e-16 1.19574e-17
4390 1.62206e-16 1.19597e-17
4392 1.45415e-16 1.07217e-17
4394 1.39305e-16 1.02712e-17
4396 1.59826e-16 1.17842e-17
4398 1.59725e-16 1.17768e-17
4400 1.67236e-16 1.23306e-17
4402 1.6731e-16 1.2336e-17
4404 1.5063e-16 1.11062e-17
4406 1.55304e-16 1.14508e-17
4408 1.60949e-16 1.1867e-17
4410 1.69743e-16 1.25154e-17
4412 1.78748e-16 1.31794e-17
4414 1.64731e-16 1.21459e-17
4416 1.56903e-16 1.15687e-17
4418 1.72778e-16 1.27392e-17
4420 1.67392e-16 1.23421e-17
4422 1.64307e-16 1.21146e-17
4424 1.65696e-16 1.2217e-17
4426 1.74986e-16 1.2902e-17
4428 1.78782e-16 1.31819e-17
4430 1.69688e-16 1.25114e-17
4432 1.81674e-16 1.33951e-17
4434 1.83012e-16 1.34938e-17
4436 1.88031e-16 1.38638e-17
4438 1.87397e-16 1.38171e-17
4440 2.00419e-16 1.47772e-17
4442 1.83659e-16 1.35415e-17
4444 1.81238e-16 1.3363e-17
4446 1.97771e-16 1.4582e-17
4448 1.99533e-16 1.47119e-17
4450 1.89841e-16 1.39973e-17
4452 1.95087e-16 1.43841e-17
4454 1.96171e-16 1.4464e-17
4456 1.94807e-16 1.43634e-17
4458 1.95142e-16 1.43881e-17
4460 1.89384e-16 1.39636e-17
4462 2.01629e-16 1.48664e-17
4464 2.13514e-16 1.57427e-17
4466 2.09762e-16 1.54661e-17
4468 1.88755e-16 1.39172e-17
4470 2.04531e-16 1.50804e-17
4472 2.04532e-16 1.50805e-17
4474 2.07868e-16 1.53264e-17
4476 2.12468e-16 1.56656e-17
4478 2.17066e-16 1.60046e-17
4480 2.28941e-16 1.68802e-17
4482 2.22258e-16 1.63875e-17
4484 2.21475e-16 1.63297e-17
4486 2.13967e-16 1.57761e-17
4488 2.20361e-16 1.62476e-17
4490 2.28985e-16 1.68834e-17
4492 2.22451e-16 1.64017e-17
4494 2.19169e-16 1.61597e-17
4496 2.2995e-16 1.69546e-17
4498 2.12704e-16 1.5683e-17
4500 2.12418e-16 1.56619e-17
4502 2.32299e-16 1.71278e-17
4504 2.28972e-16 1.68825e-17
4506 2.33721e-16 1.72326e-17
4508 2.29025e-16 1.68864e-17
4510 2.19517e-16 1.61853e-17
4512 2.11496e-16 1.55939e-17
4514 2.23078e-16 1.64479e-17
4516 2.22144e-16 1.6379e-17
4518 2.21838e-16 1.63565e-17
4520 2.05155e-16 1.51264e-17
4522 2.07031e-16 1.52647e-17
4524 2.2742e-16 1.6768e-17
4526 2.18034e-16 1.6076e-17
4528 2.13352e-16 1.57308e-17
4530 2.18281e-16 1.60942e-17
4532 2.15513e-16 1.58901e-17
4534 2.03876e-16 1.50321e-17
4536 1.97146e-16 1.45359e-17
4538 2.01303e-16 1.48424e-17
4540 2.18963e-16 1.61445e-17
4542 2.12072e-16 1.56364e-17
4544 1.9483e-16 1.43651e-17
4546 1.91112e-16 1.4091e-17
4548 1.82196e-16 1.34336e-17
4550 1.82385e-16 1.34475e-17
4552 2.00427e-16 1.47778e-17
4554 2.03819e-16 1.50279e-17
4556 1.92633e-16 1.42031e-17
4558 1.93262e-16 1.42495e-17
4560 1.94252e-16 1.43225e-17
4562 1.97605e-16 1.45697e-17
4564 1.97359e-16 1.45516e-17
4566 1.92783e-16 1.42142e-17
4568 1.88626e-16 1.39077e-17
4570 1.8625e-16 1.37325e-17
4572 1.80247e-16 1.32899e-17
4574 2.0107e-16 1.48252e-17
4576 2.17272e-16 1.60198e-17
4578 2.06075e-16 1.51942e-17
4580 2.07843e-16 1.53246e-17
4582 1.99638e-16 1.47196e-17
4584 2.06404e-16 1.52185e-17
4586 2.11968e-16 1.56287e-17
4588 2.12773e-16 1.56881e-17
4590 2.15855e-16 1.59153e-17
4592 2.18917e-16 1.61411e-17
4594 2.16279e-16 1.59466e-17
4596 2.06595e-16 1.52326e-17
4598 2.17002e-16 1.59999e-17
4600 2.21616e-16 1.63401e-17
4602 2.2644e-16 1.66958e-17
4604 2.22957e-16 1.6439e-17
4606 2.08358e-16 1.53626e-17
4608 2.10389e-16 1.55123e-17
4610 2.13092e-16 1.57116e-17
4612 2.20056e-16 1.62251e-17
4614 2.13831e-16 1.57661e-17
4616 2.12239e-16 1.56487e-17
4618 2.21446e-16 1.63276e-17
4620 2.28113e-16 1.68191e-17
4622 2.23496e-16 1.64787e-17
4624 2.21316e-16 1.6318e-17
4626 2.13343e-16 1.57301e-17
4628 2.16093e-16 1.59329e-17
4630 2.2133e-16 1.6319e-17
4632 2.09968e-16 1.54813e-17
4634 2.12659e-16 1.56797e-17
4636 2.12685e-16 1.56816e-17
4638 2.09673e-16 1.54595e-17
4640 2.17836e-16 1.60614e-17
4642 2.14515e-16 1.58165e-17
4644 2.11472e-16 1.55922e-17
4646 2.17785e-16 1.60576e-17
4648 2.28609e-16 1.68557e-17
4650 2.41982e-16 1.78417e-17
4652 2.30003e-16 1.69585e-17
4654 2.39591e-16 1.76654e-17
4656 2.37688e-16 1.75251e-17
4658 2.33544e-16 1.72196e-17
4660 2.56471e-16 1.891e-17
4662 2.63852e-16 1.94542e-17
4664 2.5735e-16 1.89748e-17
4666 2.50784e-16 1.84907e-17
4668 2.58253e-16 1.90414e-17
4670 2.60641e-16 1.92175e-17
4672 2.63595e-16 1.94353e-17
4674 2.708e-16 1.99665e-17
4676 2.68147e-16 1.97709e-17
4678 2.65476e-16 1.9574e-17
4680 2.8277e-16 2.08491e-17
4682 2.73366e-16 2.01557e-17
4684 2.63858e-16 1.94547e-17
4686 2.91307e-16 2.14785e-17
4688 2.95919e-16 2.18186e-17
4690 2.82476e-16 2.08274e-17
4692 2.76167e-16 2.03622e-17
4694 2.95546e-16 2.17911e-17
4696 3.18001e-16 2.34467e-17
4698 3.20023e-16 2.35958e-17
4700 3.19923e-16 2.35884e-17
4702 3.14831e-16 2.3213e-17
4704 3.35917e-16 2.47677e-17
4706 3.22882e-16 2.38066e-17
4708 3.11107e-16 2.29384e-17
4710 3.07456e-16 2.26692e-17
4712 3.13773e-16 2.3135e-17
4714 3.11643e-16 2.29779e-17
4716 3.24119e-16 2.38978e-17
4718 3.14984e-16 2.32243e-17
4720 3.07477e-16 2.26708e-17
4722 3.10269e-16 2.28766e-17
4724 3.01701e-16 2.22449e-17
4726 2.9203e-16 2.15318e-17
4728 2.82028e-16 2.07945e-17
4730 2.80816e-16 2.0705e-17
4732 2.90873e-16 2.14465e-17
4734 2.91865e-16 2.15197e-17
4736 2.66003e-16 1.96128e-17
4738 2.54902e-16 1.87943e-17
4740 2.57091e-16 1.89557e-17
4742 2.69827e-16 1.98948e-17
4744 2.63117e-16 1.94e-17
4746 2.5919e-16 1.91105e-17
4748 2.59326e-16 1.91205e-17
4750 2.51682e-16 1.85569e-17
4752 2.49072e-16 1.83645e-17
4754 2.39526e-16 1.76606e-17
4756 2.32843e-16 1.71679e-17
4758 2.26348e-16 1.6689e-17
4760 2.20721e-16 1.62741e-17
4762 2.28987e-16 1.68836e-17
4764 2.22022e-16 1.637e-17
4766 2.23322e-16 1.64659e-17
4768 2.17809e-16 1.60594e-17
4770 2.10298e-16 1.55056e-17
4772 2.09898e-16 1.54761e-17
4774 2.11894e-16 1.56233e-17
4776 2.07273e-16 1.52826e-17
4778 2.07663e-16 1.53113e-17
4780 2.11702e-16 1.56091e-17
4782 1.95572e-16 1.44198e-17
4784 1.93477e-16 1.42654e-17
4786 2.04009e-16 1.50419e-17
4788 2.0866e-16 1.53848e-17
4790 2.1284e-16 1.5693e-17
4792 2.18091e-16 1.60802e-17
4794 2.25408e-16 1.66197e-17
4796 2.25586e-16 1.66328e-17
4798 2.22287e-16 1.63896e-17
4800 2.32501e-16 1.71427e-17
4802 2.3698e-16 1.74729e-17
4804 2.31077e-16 1.70377e-17
4806 2.24659e-16 1.65645e-17
4808 2.2189e-16 1.63603e-17
4810 2.29676e-16 1.69344e-17
4812 2.34088e-16 1.72597e-17
4814 2.26396e-16 1.66925e-17
4816 2.31073e-16 1.70374e-17
4818 2.45983e-16 1.81367e-17
4820 2.42439e-16 1.78754e-17
4822 2.3213e-16 1.71153e-17
4824 2.25658e-16 1.66381e-17
4826 2.3291e-16 1.71728e-17
4828 2.40388e-16 1.77242e-17
4830 2.41838e-16 1.78311e-17
4832 2.43867e-16 1.79807e-17
4834 2.25259e-16 1.66087e-17
4836 2.20284e-16 1.62419e-17
4838 2.27118e-16 1.67458e-17
4840 2.22671e-16 1.64179e-17
4842 2.23782e-16 1.64998e-17
4844 2.26085e-16 1.66696e-17
4846 2.2122e-16 1.63109e-17
4848 2.26988e-16 1.67362e-17
4850 2.36798e-16 1.74595e-17
4852 2.33235e-16 1.71968e-17
4854 2.30428e-16 1.69898e-17
4856 2.22138e-16 1.63786e-17
4858 2.19769e-16 1.62039e-17
4860 2.26427e-16 1.66948e-17
4862 2.29884e-16 1.69497e-17
4864 2.29882e-16 1.69496e-17
4866 2.26101e-16 1.66708e-17
4868 2.16956e-16 1.59965e-17
4870 2.16276e-16 1.59464e-17
4872 2.25603e-16 1.66341e-17
4874 2.17288e-16 1.6021e-17
4876 2.09108e-16 1.54179e-17
4878 1.99936e-16 1.47416e-17
4880 1.92192e-16 1.41706e-17
4882 1.94032e-16 1.43063e-17
4884 2.01101e-16 1.48275e-17
4886 2.01684e-16 1.48705e-17
4888 1.89843e-16 1.39974e-17
4890 1.81363e-16 1.33722e-17
4892 1.75305e-16 1.29255e-17
4894 1.79101e-16 1.32054e-17
4896 1.81575e-16 1.33878e-17
4898 1.8202e-16 1.34206e-17
4900 1.7641e-16 1.3007e-17
4902 1.70441e-16 1.25669e-17
4904 1.69458e-16 1.24944e-17
4906 1.69534e-16 1.25e-17
4908 1.65677e-16 1.22156e-17
4910 1.63911e-16 1.20854e-17
4912 1.63801e-16 1.20773e-17
4914 1.61258e-16 1.18898e-17
4916 1.64885e-16 1.21572e-17
4918 1.66292e-16 1.2261e-17
4920 1.66181e-16 1.22528e-17
4922 1.59138e-16 1.17335e-17
4924 1.50154e-16 1.10711e-17
4926 1.62967e-16 1.20158e-17
4928 1.69655e-16 1.25089e-17
4930 1.61126e-16 1.18801e-17
4932 1.51725e-16 1.11869e-17
4934 1.51163e-16 1.11455e-17
4936 1.60584e-16 1.18401e-17
4938 1.64631e-16 1.21385e-17
4940 1.51325e-16 1.11574e-17
4942 1.43485e-16 1.05794e-17
4944 1.43205e-16 1.05587e-17
4946 1.47652e-16 1.08866e-17
4948 1.5168e-16 1.11836e-17
4950 1.46513e-16 1.08026e-17
4952 1.48689e-16 1.09631e-17
4954 1.49551e-16 1.10266e-17
4956 1.45543e-16 1.07311e-17
4958 1.4307e-16 1.05488e-17
4960 1.41089e-16 1.04027e-17
4962 1.4681e-16 1.08245e-17
4964 1.44793e-16 1.06758e-17
4966 1.35399e-16 9.9832e-18
4968 1.32191e-16 9.74664e-18
4970 1.38696e-16 1.02263e-17
4972 1.43838e-16 1.06054e-17
4974 1.4043e-16 1.03541e-17
4976 1.35207e-16 9.96902e-18
4978 1.4351e-16 1.05812e-17
4980 1.53942e-16 1.13504e-17
4982 1.437e-16 1.05952e-17
4984 1.47729e-16 1.08923e-17
4986 1.62129e-16 1.1954e-17
4988 1.60852e-16 1.18599e-17
4990 1.5762e-16 1.16216e-17
4992 1.66088e-16 1.22459e-17
4994 1.73737e-16 1.28099e-17
4996 1.61745e-16 1.19257e-17
4998 1.50923e-16 1.11278e-17
5000 1.54927e-16 1.1423e-17
5002 1.64733e-16 1.2146e-17
5004 1.72649e-16 1.27297e-17
5006 1.64833e-16 1.21534e-17
5008 1.66832e-16 1.23008e-17
5010 1.7008e-16 1.25403e-17
5012 1.57356e-16 1.16021e-17
5014 1.59348e-16 1.1749e-17
5016 1.57879e-16 1.16407e-17
5018 1.64548e-16 1.21324e-17
5020 1.72522e-16 1.27203e-17
5022 1.6438e-16 1.212e-17
5024 1.61129e-16 1.18803e-17
5026 1.63367e-16 1.20453e-17
5028 1.61813e-16 1.19307e-17
5030 1.70226e-16 1.2551e-17
5032 1.87431e-16 1.38196e-17
5034 1.77271e-16 1.30705e-17
5036 1.67898e-16 1.23794e-17
5038 1.7279e-16 1.27401e-17
5040 1.76862e-16 1.30403e-17
5042 1.74397e-16 1.28586e-17
5044 1.65438e-16 1.2198e-17
5046 1.68328e-16 1.24111e-17
5048 1.79831e-16 1.32592e-17
5050 1.77506e-16 1.30878e-17
5052 1.65572e-16 1.22079e-17
5054 1.77926e-16 1.31188e-17
5056 1.82177e-16 1.34323e-17
5058 1.76978e-16 1.30489e-17
5060 1.74537e-16 1.28689e-17
5062 1.74404e-16 1.28591e-17
5064 1.64063e-16 1.20966e-17
5066 1.62201e-16 1.19593e-17
5068 1.71066e-16 1.2613e-17
5070 1.74471e-16 1.2864e-17
5072 1.68283e-16 1.24078e-17
5074 1.77806e-16 1.31099e-17
5076 1.79702e-16 1.32497e-17
5078 1.68667e-16 1.24361e-17
5080 1.69363e-16 1.24874e-17
5082 1.68881e-16 1.24519e-17
5084 1.64034e-16 1.20945e-17
5086 1.70653e-16 1.25825e-17
5088 1.77803e-16 1.31097e-17
5090 1.75112e-16 1.29113e-17
5092 1.75209e-16 1.29184e-17
5094 1.78668e-16 1.31735e-17
5096 1.6357e-16 1.20603e-17
5098 1.67584e-16 1.23562e-17
5100 1.76814e-16 1.30368e-17
5102 1.75242e-16 1.29209e-17
5104 1.73968e-16 1.28269e-17
5106 1.80788e-16 1.33298e-17
5108 1.83362e-16 1.35196e-17
5110 1.79348e-16 1.32236e-17
5112 1.78416e-16 1.31549e-17
5114 1.88348e-16 1.38872e-17
5116 1.83091e-16 1.34996e-17
5118 1.83494e-16 1.35293e-17
5120 1.83883e-16 1.3558e-17
5122 1.79673e-16 1.32476e-17
5124 1.79855e-16 1.3261e-17
5126 1.84294e-16 1.35883e-17
5128 1.70356e-16 1.25606e-17
5130 1.75221e-16 1.29193e-17
5132 1.85298e-16 1.36623e-17
5134 1.83356e-16 1.35191e-17
5136 1.87457e-16 1.38215e-17
5138 1.75325e-16 1.2927e-17
5140 1.89997e-16 1.40088e-17
5142 1.95228e-16 1.43945e-17
5144 1.88964e-16 1.39326e-17
5146 1.93575e-16 1.42726e-17
5148 2.04288e-16 1.50625e-17
5150 2.06133e-16 1.51985e-17
5152 1.9858e-16 1.46416e-17
5154 2.03445e-16 1.50003e-17
5156 1.9573e-16 1.44315e-17
5158 2.14112e-16 1.57868e-17
5160 2.16006e-16 1.59265e-17
5162 2.14432e-16 1.58104e-17
5164 2.1449e-16 1.58147e-17
5166 2.28987e-16 1.68836e-17
5168 2.34544e-16 1.72933e-17
5170 2.23347e-16 1.64677e-17
5172 2.38995e-16 1.76215e-17
5174 2.36124e-16 1.74098e-17
5176 2.376e-16 1.75186e-17
5178 2.56499e-16 1.89121e-17
5180 2.46769e-16 1.81947e-17
5182 2.60603e-16 1.92147e-17
5184 2.68245e-16 1.97781e-17
5186 2.76059e-16 2.03543e-17
5188 2.74635e-16 2.02493e-17
5190 2.77682e-16 2.04739e-17
5192 2.70038e-16 1.99103e-17
5194 2.7597e-16 2.03477e-17
5196 2.81074e-16 2.0724e-17
5198 2.8447e-16 2.09744e-17
5200 2.89907e-16 2.13753e-17
5202 2.91194e-16 2.14702e-17
5204 3.0641e-16 2.25921e-17
5206 2.90352e-16 2.14081e-17
5208 2.78898e-16 2.05636e-17
5210 2.92378e-16 2.15575e-17
5212 2.95583e-16 2.17938e-17
5214 2.90219e-16 2.13983e-17
5216 2.85393e-16 2.10425e-17
5218 2.94597e-16 2.17211e-17
5220 3.0036e-16 2.2146e-17
5222 2.90783e-16 2.14399e-17
5224 2.9018e-16 2.13954e-17
5226 2.93222e-16 2.16197e-17
5228 2.97478e-16 2.19335e-17
5230 2.98544e-16 2.20121e-17
5232 2.85926e-16 2.10818e-17
5234 3.026e-16 2.23112e-17
5236 2.99208e-16 2.20611e-17
5238 3.04552e-16 2.24551e-17
5240 3.04424e-16 2.24457e-17
5242 3.09346e-16 2.28086e-17
5244 3.13994e-16 2.31513e-17
5246 3.14045e-16 2.3155e-17
5248 3.24912e-16 2.39563e-17
5250 3.1739e-16 2.34017e-17
5252 3.2597e-16 2.40343e-17
5254 3.34226e-16 2.4643e-17
5256 3.42743e-16 2.5271e-17
5258 3.42704e-16 2.52681e-17
5260 3.50539e-16 2.58458e-17
5262 3.48814e-16 2.57186e-17
5264 3.54756e-16 2.61567e-17
5266 3.69702e-16 2.72587e-17
5268 3.73242e-16 2.75197e-17
5270 3.74414e-16 2.76061e-17
5272 3.92535e-16 2.89422e-17
5274 3.76938e-16 2.77922e-17
5276 3.84549e-16 2.83534e-17
5278 4.04399e-16 2.9817e-17
5280 3.93937e-16 2.90456e-17
5282 4.00491e-16 2.95288e-17
5284 4.13355e-16 3.04773e-17
5286 4.24574e-16 3.13045e-17
5288 4.21848e-16 3.11035e-17
5290 4.19813e-16 3.09535e-17
5292 4.37618e-16 3.22663e-17
5294 4.41641e-16 3.25629e-17
5296 4.55337e-16 3.35727e-17
5298 4.82492e-16 3.55749e-17
5300 4.69728e-16 3.46338e-17
5302 4.9151e-16 3.62398e-17
5304 4.98473e-16 3.67532e-17
5306 4.91959e-16 3.62729e-17
5308 5.08676e-16 3.75055e-17
5310 5.07526e-16 3.74207e-17
5312 5.20866e-16 3.84043e-17
5314 5.27466e-16 3.88909e-17
5316 5.36918e-16 3.95878e-17
5318 5.28155e-16 3.89417e-17
5320 5.41277e-16 3.99092e-17
5322 5.492e-16 4.04934e-17
5324 5.60053e-16 4.12936e-17
5326 5.58952e-16 4.12124e-17
5328 5.69002e-16 4.19534e-17
5330 5.71835e-16 4.21623e-17
5332 5.71861e-16 4.21642e-17
5334 5.67434e-16 4.18378e-17
5336 5.81249e-16 4.28564e-17
5338 5.81319e-16 4.28616e-17
5340 5.69047e-16 4.19567e-17
5342 5.68105e-16 4.18873e-17
5344 5.82079e-16 4.29176e-17
5346 5.90024e-16 4.35034e-17
5348 6.01733e-16 4.43667e-17
5350 6.06952e-16 4.47515e-17
5352 5.90059e-16 4.3506e-17
5354 6.01438e-16 4.4345e-17
5356 6.02754e-16 4.4442e-17
5358 6.08016e-16 4.483e-17
5360 6.08312e-16 4.48518e-17
5362 6.18008e-16 4.55667e-17
5364 6.17225e-16 4.5509e-17
5366 6.23247e-16 4.5953e-17
5368 6.17971e-16 4.5564e-17
5370 6.17499e-16 4.55292e-17
5372 6.29428e-16 4.64087e-17
5374 6.28078e-16 4.63092e-17
5376 6.19016e-16 4.5641e-17
5378 6.08283e-16 4.48497e-17
5380 5.99004e-16 4.41655e-17
5382 5.86926e-16 4.3275e-17
5384 5.86155e-16 4.32181e-17
5386 5.88818e-16 4.34145e-17
5388 5.84736e-16 4.31135e-17
5390 5.7049e-16 4.20631e-17
5392 5.61644e-16 4.14109e-17
5394 5.60056e-16 4.12938e-17
5396 5.63436e-16 4.1543e-17
5398 5.45548e-16 4.02241e-17
5400 5.29768e-16 3.90606e-17
5402 5.54529e-16 4.08863e-17
5404 5.55926e-16 4.09893e-17
5406 5.4305e-16 4.00399e-17
5408 5.33086e-16 3.93053e-17
5410 5.28106e-16 3.89381e-17
5412 5.25517e-16 3.87472e-17
5414 5.25288e-16 3.87303e-17
5416 5.21056e-16 3.84183e-17
5418 5.14177e-16 3.79111e-17
5420 4.98929e-16 3.67868e-17
5422 4.99368e-16 3.68192e-17
5424 5.12554e-16 3.77914e-17
5426 5.09635e-16 3.75762e-17
5428 4.98697e-16 3.67697e-17
5430 5.02003e-16 3.70135e-17
5432 5.06562e-16 3.73496e-17
5434 5.11009e-16 3.76775e-17
5436 5.12843e-16 3.78127e-17
5438 5.10351e-16 3.7629e-17
5440 5.18307e-16 3.82156e-17
5442 5.16241e-16 3.80633e-17
5444 5.15729e-16 3.80255e-17
5446 5.15079e-16 3.79776e-17
5448 5.14607e-16 3.79428e-17
5450 5.23721e-16 3.86148e-17
5452 5.30367e-16 3.91048e-17
5454 5.30663e-16 3.91266e-17
5456 5.33789e-16 3.93571e-17
5458 5.35619e-16 3.9492e-17
5460 5.30674e-16 3.91274e-17
5462 5.34874e-16 3.94371e-17
5464 5.5304e-16 4.07765e-17
5466 5.65408e-16 4.16884e-17
5468 5.62593e-16 4.14809e-17
5470 5.61453e-16 4.13968e-17
5472 5.73635e-16 4.2295e-17
5474 5.8079e-16 4.28226e-17
5476 5.79604e-16 4.27351e-17
5478 5.68759e-16 4.19355e-17
5480 5.77767e-16 4.25997e-17
5482 6.02333e-16 4.4411e-17
5484 5.86038e-16 4.32095e-17
5486 5.88642e-16 4.34015e-17
5488 6.14832e-16 4.53325e-17
5490 6.18961e-16 4.5637e-17
5492 6.1073e-16 4.50301e-17
5494 6.09424e-16 4.49338e-17
5496 6.15294e-16 4.53666e-17
5498 6.09922e-16 4.49705e-17
5500 6.05784e-16 4.46654e-17
5502 6.08125e-16 4.4838e-17
5504 6.09253e-16 4.49212e-17
5506 6.1537e-16 4.53722e-17
5508 6.20095e-16 4.57206e-17
5510 6.06406e-16 4.47113e-17
5512 5.94934e-16 4.38654e-17
5514 6.02377e-16 4.44142e-17
5516 5.85154e-16 4.31443e-17
5518 5.77024e-16 4.25449e-17
5520 5.8184e-16 4.29e-17
5522 5.65724e-16 4.17117e-17
5524 5.63179e-16 4.15241e-17
5526 5.69481e-16 4.19887e-17
5528 5.63468e-16 4.15454e-17
5530 5.5923e-16 4.12329e-17
5532 5.43121e-16 4.00452e-17
5534 5.34447e-16 3.94056e-17
5536 5.36624e-16 3.95661e-17
5538 5.35104e-16 3.94541e-17
5540 5.2822e-16 3.89465e-17
5542 5.20975e-16 3.84123e-17
5544 5.21908e-16 3.84811e-17
5546 5.12224e-16 3.77671e-17
5548 4.97811e-16 3.67044e-17
5550 4.88743e-16 3.60358e-17
5552 4.84526e-16 3.57249e-17
5554 4.88904e-16 3.60477e-17
5556 4.956e-16 3.65414e-17
5558 4.88e-16 3.5981e-17
5560 4.85853e-16 3.58227e-17
5562 4.92315e-16 3.62992e-17
5564 4.85746e-16 3.58148e-17
5566 4.75939e-16 3.50917e-17
5568 4.77308e-16 3.51927e-17
5570 4.80599e-16 3.54353e-17
5572 4.6779e-16 3.44909e-17
5574 4.57689e-16 3.37461e-17
5576 4.64955e-16 3.42819e-17
5578 4.60185e-16 3.39302e-17
5580 4.59745e-16 3.38977e-17
5582 4.63214e-16 3.41535e-17
5584 4.65933e-16 3.4354e-17
5586 4.51546e-16 3.32932e-17
5588 4.34575e-16 3.20419e-17
5590 4.38017e-16 3.22957e-17
5592 4.45721e-16 3.28637e-17
5594 4.40305e-16 3.24644e-17
5596 4.25561e-16 3.13773e-17
5598 4.33867e-16 3.19897e-17
5600 4.38706e-16 3.23465e-17
5602 4.29292e-16 3.16524e-17
5604 4.23576e-16 3.12309e-17
5606 4.18355e-16 3.0846e-17
5608 4.13585e-16 3.04943e-17
5610 4.03492e-16 2.97501e-17
5612 3.99058e-16 2.94232e-17
5614 3.98097e-16 2.93523e-17
5616 3.99132e-16 2.94286e-17
5618 4.0015e-16 2.95037e-17
5620 3.89242e-16 2.86994e-17
5622 3.79966e-16 2.80155e-17
5624 3.81446e-16 2.81246e-17
5626 3.88492e-16 2.86441e-17
5628 3.80955e-16 2.80884e-17
5630 3.76554e-16 2.77639e-17
5632 3.78743e-16 2.79253e-17
5634 3.79748e-16 2.79994e-17
5636 3.8238e-16 2.81935e-17
5638 3.86582e-16 2.85033e-17
5640 3.9417e-16 2.90628e-17
5642 3.94637e-16 2.90972e-17
5644 3.9217e-16 2.89153e-17
5646 3.90503e-16 2.87924e-17
5648 3.95719e-16 2.9177e-17
5650 3.98871e-16 2.94095e-17
5652 4.04658e-16 2.98361e-17
5654 4.23699e-16 3.124e-17
5656 4.40076e-16 3.24475e-17
5658 4.44237e-16 3.27543e-17
5660 4.4762e-16 3.30037e-17
5662 4.57916e-16 3.37629e-17
5664 4.60367e-16 3.39436e-17
5666 4.65549e-16 3.43257e-17
5668 4.76071e-16 3.51015e-17
5670 4.83909e-16 3.56794e-17
5672 4.81944e-16 3.55345e-17
5674 4.79149e-16 3.53284e-17
5676 5.05294e-16 3.72561e-17
5678 5.12056e-16 3.77547e-17
5680 5.04024e-16 3.71625e-17
5682 5.19467e-16 3.83011e-17
5684 5.3115e-16 3.91625e-17
5686 5.29784e-16 3.90618e-17
5688 5.32052e-16 3.9229e-17
5690 5.4706e-16 4.03356e-17
5692 5.54106e-16 4.08551e-17
5694 5.55035e-16 4.09236e-17
5696 5.41247e-16 3.9907e-17
5698 5.53123e-16 4.07826e-17
5700 5.6009e-16 4.12963e-17
5702 5.60328e-16 4.13139e-17
5704 5.58287e-16 4.11634e-17
5706 5.46918e-16 4.03251e-17
5708 5.39419e-16 3.97722e-17
5710 5.42997e-16 4.0036e-17
5712 5.47163e-16 4.03432e-17
5714 5.14222e-16 3.79144e-17
5716 5.04215e-16 3.71766e-17
5718 4.89943e-16 3.61243e-17
5720 4.85473e-16 3.57947e-17
5722 4.76919e-16 3.5164e-17
5724 4.68635e-16 3.45532e-17
5726 4.69959e-16 3.46508e-17
5728 4.7291e-16 3.48684e-17
5730 4.65229e-16 3.43021e-17
5732 4.4034e-16 3.2467e-17
5734 4.33558e-16 3.19669e-17
5736 4.30088e-16 3.17111e-17
5738 4.32032e-16 3.18544e-17
5740 4.44799e-16 3.27957e-17
5742 4.27136e-16 3.14934e-17
5744 4.18157e-16 3.08314e-17
5746 4.24132e-16 3.12719e-17
5748 4.06991e-16 3.00081e-17
5750 4.17868e-16 3.08101e-17
5752 4.31618e-16 3.18239e-17
5754 4.13451e-16 3.04844e-17
5756 4.09716e-16 3.0209e-17
5758 4.25624e-16 3.13819e-17
5760 4.30158e-16 3.17162e-17
5762 4.24913e-16 3.13295e-17
5764 4.40827e-16 3.25029e-17
5766 4.35515e-16 3.21112e-17
5768 4.43644e-16 3.27106e-17
5770 4.37772e-16 3.22776e-17
5772 4.29745e-16 3.16857e-17
5774 4.43052e-16 3.26669e-17
5776 4.41012e-16 3.25165e-17
5778 4.26793e-16 3.14681e-17
5780 4.17832e-16 3.08074e-17
5782 4.27601e-16 3.15277e-17
5784 4.22073e-16 3.11201e-17
5786 4.292e-16 3.16456e-17
5788 4.33338e-16 3.19507e-17
5790 4.0508e-16 2.98672e-17
5792 4.1456e-16 3.05662e-17
5794 3.90149e-16 2.87663e-17
5796 3.95978e-16 2.91961e-17
5798 4.04646e-16 2.98352e-17
5800 4.11647e-16 3.03514e-17
5802 3.97458e-16 2.93052e-17
5804 4.06409e-16 2.99652e-17
5806 4.25362e-16 3.13626e-17
5808 4.08567e-16 3.01243e-17
5810 3.9562e-16 2.91697e-17
5812 4.06145e-16 2.99457e-17
5814 4.25719e-16 3.13889e-17
5816 4.32809e-16 3.19117e-17
5818 4.37024e-16 3.22225e-17
5820 4.07612e-16 3.00539e-17
5822 4.20478e-16 3.10025e-17
5824 4.39734e-16 3.24223e-17
5826 4.23993e-16 3.12617e-17
5828 4.22973e-16 3.11865e-17
5830 4.23616e-16 3.12339e-17
5832 4.23835e-16 3.125e-17
5834 4.44558e-16 3.2778e-17
5836 4.51242e-16 3.32708e-17
5838 4.35259e-16 3.20923e-17
5840 4.2812e-16 3.1566e-17
5842 4.53469e-16 3.3435e-17
5844 4.46983e-16 3.29568e-17
5846 4.46045e-16 3.28876e-17
5848 4.42378e-16 3.26172e-17
5850 4.5611e-16 3.36297e-17
5852 4.58428e-16 3.38006e-17
5854 4.61053e-16 3.39942e-17
5856 4.64661e-16 3.42602e-17
5858 4.55117e-16 3.35565e-17
5860 4.41374e-16 3.25432e-17
5862 4.52735e-16 3.33809e-17
5864 4.42505e-16 3.26266e-17
5866 4.55342e-16 3.35731e-17
5868 4.56056e-16 3.36257e-17
5870 4.43851e-16 3.27258e-17
5872 4.26379e-16 3.14376e-17
5874 4.17738e-16 3.08005e-17
5876 4.12344e-16 3.04028e-17
5878 3.88125e-16 2.86171e-17
5880 3.88252e-16 2.86264e-17
5882 3.73718e-16 2.75548e-17
5884 3.73891e-16 2.75676e-17
5886 3.72208e-16 2.74435e-17
5888 3.73729e-16 2.75556e-17
5890 3.59546e-16 2.65099e-17
5892 3.71285e-16 2.73754e-17
5894 3.56302e-16 2.62707e-17
5896 3.52493e-16 2.59899e-17
5898 3.61357e-16 2.66434e-17
5900 3.45404e-16 2.54672e-17
5902 3.48285e-16 2.56796e-17
5904 3.47182e-16 2.55983e-17
5906 3.49327e-16 2.57564e-17
5908 3.43885e-16 2.53552e-17
5910 3.49948e-16 2.58022e-17
5912 3.48064e-16 2.56633e-17
5914 3.32967e-16 2.45502e-17
5916 3.33442e-16 2.45852e-17
5918 3.45929e-16 2.55059e-17
5920 3.49626e-16 2.57785e-17
5922 3.38753e-16 2.49768e-17
5924 3.39388e-16 2.50236e-17
5926 3.50346e-16 2.58316e-17
5928 3.61134e-16 2.6627e-17
5930 3.50357e-16 2.58324e-17
5932 3.5652e-16 2.62868e-17
5934 3.71991e-16 2.74275e-17
5936 3.71267e-16 2.73741e-17
5938 3.69573e-16 2.72492e-17
5940 3.75276e-16 2.76697e-17
5942 3.63863e-16 2.68282e-17
5944 3.73989e-16 2.75748e-17
5946 3.90374e-16 2.87829e-17
5948 4.00758e-16 2.95485e-17
5950 3.95074e-16 2.91294e-17
5952 4.04253e-16 2.98062e-17
5954 4.134e-16 3.04806e-17
5956 4.13382e-16 3.04793e-17
5958 4.18296e-16 3.08416e-17
5960 4.16938e-16 3.07415e-17
5962 4.15598e-16 3.06427e-17
5964 4.2909e-16 3.16375e-17
5966 4.29836e-16 3.16925e-17
5968 4.31141e-16 3.17887e-17
5970 4.46788e-16 3.29424e-17
5972 4.41609e-16 3.25605e-17
5974 4.31972e-16 3.185e-17
5976 4.41504e-16 3.25528e-17
5978 4.46327e-16 3.29084e-17
5980 4.5144e-16 3.32854e-17
5982 4.50527e-16 3.32181e-17
5984 4.41678e-16 3.25656e-17
5986 4.58193e-16 3.37833e-17
5988 4.64443e-16 3.42441e-17
5990 4.6009e-16 3.39232e-17
5992 4.78549e-16 3.52842e-17
5994 4.8665e-16 3.58815e-17
5996 4.8554e-16 3.57996e-17
5998 4.96239e-16 3.65885e-17
6000 4.97486e-16 3.66804e-17
6002 4.95649e-16 3.6545e-17
6004 5.01527e-16 3.69784e-17
6006 5.11351e-16 3.77027e-17
6008 5.10519e-16 3.76414e-17
6010 5.16967e-16 3.81168e-17
6012 5.1474e-16 3.79526e-17
6014 5.20663e-16 3.83893e-17
6016 5.31455e-16 3.9185e-17
6018 5.18812e-16 3.82528e-17
6020 5.09981e-16 3.76017e-17
6022 5.20127e-16 3.83498e-17
6024 5.33853e-16 3.93618e-17
6026 5.21905e-16 3.84809e-17
6028 5.19347e-16 3.82923e-17
6030 5.26925e-16 3.8851e-17
6032 5.2237e-16 3.85152e-17
6034 5.2734e-16 3.88816e-17
6036 5.17746e-16 3.81742e-17
6038 5.01961e-16 3.70104e-17
6040 4.97144e-16 3.66552e-17
6042 5.15618e-16 3.80173e-17
6044 5.17028e-16 3.81213e-17
6046 4.97949e-16 3.67146e-17
6048 4.99607e-16 3.68368e-17
6050 5.10629e-16 3.76495e-17
6052 5.10865e-16 3.76669e-17
6054 4.91989e-16 3.62751e-17
6056 4.83671e-16 3.56618e-17
6058 4.94751e-16 3.64788e-17
6060 4.97888e-16 3.67101e-17
6062 4.8768e-16 3.59574e-17
6064 4.80653e-16 3.54393e-17
6066 4.88198e-16 3.59956e-17
6068 4.92495e-16 3.63124e-17
6070 4.88047e-16 3.59845e-17
6072 4.85846e-16 3.58222e-17
6074 4.93544e-16 3.63898e-17
6076 5.00429e-16 3.68974e-17
6078 4.9312e-16 3.63585e-17
6080 4.76415e-16 3.51268e-17
6082 4.739e-16 3.49414e-17
6084 4.86958e-16 3.59042e-17
6086 4.85431e-16 3.57916e-17
6088 4.89257e-16 3.60737e-17
6090 4.92979e-16 3.63481e-17
6092 4.94127e-16 3.64328e-17
6094 5.00468e-16 3.69003e-17
6096 5.04405e-16 3.71906e-17
6098 4.89315e-16 3.6078e-17
6100 4.84886e-16 3.57514e-17
6102 4.97096e-16 3.66517e-17
6104 4.96707e-16 3.6623e-17
6106 4.99744e-16 3.68469e-17
6108 5.09274e-16 3.75496e-17
6110 5.13387e-16 3.78528e-17
6112 5.00092e-16 3.68726e-17
6114 4.88531e-16 3.60202e-17
6116 4.8441e-16 3.57163e-17
6118 4.89265e-16 3.60743e-17
6120 4.93034e-16 3.63522e-17
6122 4.91559e-16 3.62434e-17
6124 4.75435e-16 3.50546e-17
6126 4.63108e-16 3.41457e-17
6128 4.60906e-16 3.39833e-17
6130 4.53183e-16 3.34139e-17
6132 4.54164e-16 3.34862e-17
6134 4.43236e-16 3.26805e-17
6136 4.23234e-16 3.12057e-17
6138 4.17574e-16 3.07884e-17
6140 4.0806e-16 3.00869e-17
6142 3.95095e-16 2.9131e-17
6144 3.96943e-16 2.92672e-17
6146 3.80854e-16 2.8081e-17
6148 3.55819e-16 2.62351e-17
6150 3.54246e-16 2.61191e-17
6152 3.45039e-16 2.54403e-17
6154 3.37437e-16 2.48798e-17
6156 3.29921e-16 2.43256e-17
6158 3.16513e-16 2.3337e-17
6160 3.15573e-16 2.32677e-17
6162 3.16167e-16 2.33115e-17
6164 3.12875e-16 2.30688e-17
6166 3.0384e-16 2.24026e-17
6168 2.91579e-16 2.14986e-17
6170 2.88416e-16 2.12654e-17
6172 2.79971e-16 2.06427e-17
6174 2.74483e-16 2.02381e-17
6176 2.79282e-16 2.05919e-17
6178 2.67611e-16 1.97314e-17
6180 2.58443e-16 1.90554e-17
6182 2.52681e-16 1.86306e-17
6184 2.3682e-16 1.74611e-17
6186 2.30725e-16 1.70117e-17
6188 2.31966e-16 1.71032e-17
6190 2.37152e-16 1.74856e-17
6192 2.30699e-16 1.70098e-17
6194 2.17268e-16 1.60195e-17
6196 2.21932e-16 1.63634e-17
6198 2.19304e-16 1.61696e-17
6200 2.12966e-16 1.57023e-17
6202 2.06561e-16 1.52301e-17
6204 2.05224e-16 1.51315e-17
6206 2.08333e-16 1.53607e-17
6208 2.05337e-16 1.51398e-17
6210 1.97992e-16 1.45983e-17
6212 1.8816e-16 1.38733e-17
6214 1.89144e-16 1.39459e-17
6216 1.8837e-16 1.38888e-17
6218 1.7977e-16 1.32547e-17
6220 1.78854e-16 1.31872e-17
6222 1.81095e-16 1.33524e-17
6224 1.7125e-16 1.26265e-17
6226 1.77989e-16 1.31234e-17
6228 1.80463e-16 1.33058e-17
6230 1.7068e-16 1.25845e-17
6232 1.69839e-16 1.25225e-17
6234 1.68258e-16 1.24059e-17
6236 1.7074e-16 1.25889e-17
6238 1.73097e-16 1.27627e-17
6240 1.71873e-16 1.26725e-17
6242 1.71423e-16 1.26393e-17
6244 1.69134e-16 1.24705e-17
6246 1.77543e-16 1.30905e-17
6248 1.76942e-16 1.30462e-17
6250 1.68966e-16 1.24581e-17
6252 1.66082e-16 1.22455e-17
6254 1.71363e-16 1.26349e-17
6256 1.78762e-16 1.31804e-17
6258 1.78314e-16 1.31474e-17
6260 1.82557e-16 1.34602e-17
6262 1.83189e-16 1.35068e-17
6264 1.88474e-16 1.38965e-17
6266 1.84008e-16 1.35672e-17
6268 1.91999e-16 1.41564e-17
6270 1.8737e-16 1.38151e-17
6272 1.93206e-16 1.42454e-17
6274 2.00428e-16 1.47779e-17
6276 2.05763e-16 1.51712e-17
6278 2.03267e-16 1.49872e-17
6280 2.25532e-16 1.66288e-17
6282 2.40403e-16 1.77253e-17
6284 2.28094e-16 1.68177e-17
6286 2.2588e-16 1.66545e-17
6288 2.3496e-16 1.7324e-17
6290 2.44603e-16 1.80349e-17
6292 2.4256e-16 1.78843e-17
6294 2.50533e-16 1.84722e-17
6296 2.5025e-16 1.84513e-17
6298 2.47783e-16 1.82694e-17
6300 2.57545e-16 1.89892e-17
6302 2.58892e-16 1.90885e-17
6304 2.66959e-16 1.96833e-17
6306 2.76678e-16 2.03999e-17
6308 2.80253e-16 2.06635e-17
6310 2.82773e-16 2.08493e-17
6312 2.82445e-16 2.08251e-17
6314 2.87521e-16 2.11994e-17
6316 2.93787e-16 2.16614e-17
6318 3.11946e-16 2.30003e-17
6320 3.10808e-16 2.29164e-17
6322 3.08057e-16 2.27135e-17
6324 3.13034e-16 2.30805e-17
6326 3.15353e-16 2.32515e-17
6328 3.28081e-16 2.41899e-17
6330 3.33054e-16 2.45566e-17
6332 3.26515e-16 2.40745e-17
6334 3.23713e-16 2.38679e-17
6336 3.19472e-16 2.35552e-17
6338 3.26638e-16 2.40835e-17
6340 3.39475e-16 2.503e-17
6342 3.39138e-16 2.50052e-17
6344 3.37756e-16 2.49033e-17
6346 3.45084e-16 2.54436e-17
6348 3.38681e-16 2.49715e-17
6350 3.34554e-16 2.46672e-17
6352 3.419e-16 2.52088e-17
6354 3.53385e-16 2.60556e-17
6356 3.50664e-16 2.5855e-17
6358 3.44923e-16 2.54317e-17
6360 3.68454e-16 2.71667e-17
6362 3.66384e-16 2.70141e-17
6364 3.57201e-16 2.6337e-17
6366 3.43964e-16 2.5361e-17
6368 3.48693e-16 2.57097e-17
6370 3.62062e-16 2.66954e-17
6372 3.62866e-16 2.67547e-17
6374 3.6617e-16 2.69983e-17
6376 3.76898e-16 2.77893e-17
6378 3.84594e-16 2.83567e-17
6380 3.90854e-16 2.88183e-17
6382 3.88774e-16 2.86649e-17
6384 3.78094e-16 2.78775e-17
6386 3.83545e-16 2.82794e-17
6388 3.8373e-16 2.8293e-17
6390 3.84104e-16 2.83206e-17
6392 3.97292e-16 2.9293e-17
6394 4.10824e-16 3.02907e-17
6396 4.09317e-16 3.01796e-17
6398 4.03675e-16 2.97636e-17
6400 3.98523e-16 2.93837e-17
6402 4.03565e-16 2.97555e-17
6404 4.13572e-16 3.04933e-17
6406 4.08966e-16 3.01537e-17
6408 4.07859e-16 3.00721e-17
6410 4.16999e-16 3.0746e-17
6412 4.20706e-16 3.10193e-17
6414 4.09139e-16 3.01665e-17
6416 4.15302e-16 3.06209e-17
6418 4.2065e-16 3.10152e-17
6420 4.24202e-16 3.12771e-17
6422 4.36315e-16 3.21702e-17
6424 4.44101e-16 3.27443e-17
6426 4.40575e-16 3.24843e-17
6428 4.47218e-16 3.29741e-17
6430 4.55626e-16 3.3594e-17
6432 4.63042e-16 3.41408e-17
6434 4.56987e-16 3.36944e-17
6436 4.67894e-16 3.44986e-17
6438 4.68711e-16 3.45588e-17
6440 4.71274e-16 3.47478e-17
6442 4.80901e-16 3.54576e-17
6444 4.9191e-16 3.62693e-17
6446 5.14755e-16 3.79537e-17
6448 5.11667e-16 3.7726e-17
6450 5.0952e-16 3.75677e-17
6452 5.20641e-16 3.83877e-17
6454 5.16113e-16 3.80538e-17
6456 5.15997e-16 3.80453e-17
6458 5.26343e-16 3.88081e-17
6460 5.22044e-16 3.84911e-17
6462 5.19487e-16 3.83026e-17
6464 5.3927e-16 3.97612e-17
6466 5.57088e-16 4.1075e-17
6468 5.4251e-16 4.00001e-17
6470 5.50829e-16 4.06135e-17
6472 5.54703e-16 4.08991e-17
6474 5.45016e-16 4.01849e-17
6476 5.62747e-16 4.14922e-17
6478 5.69604e-16 4.19978e-17
6480 5.64898e-16 4.16508e-17
6482 5.51122e-16 4.06351e-17
6484 5.62668e-16 4.14864e-17
6486 5.64019e-16 4.1586e-17
6488 5.45344e-16 4.02091e-17
6490 5.45628e-16 4.023e-17
6492 5.49691e-16 4.05296e-17
6494 5.66649e-16 4.17799e-17
6496 5.49337e-16 4.05035e-17
6498 5.65692e-16 4.17094e-17
6500 5.51547e-16 4.06664e-17
6502 5.37158e-16 3.96055e-17
6504 5.27056e-16 3.88607e-17
6506 5.32858e-16 3.92885e-17
6508 5.52573e-16 4.07421e-17
6510 5.2756e-16 3.88978e-17
6512 5.38174e-16 3.96804e-17
6514 5.39093e-16 3.97482e-17
6516 5.48624e-16 4.04509e-17
6518 5.21534e-16 3.84535e-17
6520 5.12127e-16 3.77599e-17
6522 5.27524e-16 3.88952e-17
6524 5.33618e-16 3.93445e-17
6526 5.22221e-16 3.85042e-17
6528 5.23993e-16 3.86348e-17
6530 5.2817e-16 3.89428e-17
6532 5.35903e-16 3.9513e-17
6534 5.22981e-16 3.85602e-17
6536 5.19232e-16 3.82838e-17
6538 5.42234e-16 3.99798e-17
6540 5.42134e-16 3.99724e-17
6542 5.36344e-16 3.95455e-17
6544 5.56725e-16 4.10482e-17
6546 5.42363e-16 3.99893e-17
6548 5.40247e-16 3.98333e-17
6550 5.54726e-16 4.09008e-17
6552 5.48377e-16 4.04327e-17
6554 5.27115e-16 3.8865e-17
6556 5.37713e-16 3.96464e-17
6558 5.61895e-16 4.14294e-17
6560 5.68123e-16 4.18886e-17
6562 5.56342e-16 4.102e-17
6564 5.57868e-16 4.11325e-17
6566 5.7182e-16 4.21612e-17
6568 5.67781e-16 4.18634e-17
6570 5.72892e-16 4.22402e-17
6572 5.66082e-16 4.17381e-17
6574 5.39495e-16 3.97778e-17
6576 5.4712e-16 4.034e-17
6578 5.72405e-16 4.22043e-17
6580 5.73844e-16 4.23104e-17
6582 5.75319e-16 4.24192e-17
6584 5.7274e-16 4.2229e-17
6586 5.80757e-16 4.28201e-17
6588 5.75212e-16 4.24113e-17
6590 5.60172e-16 4.13024e-17
6592 5.61099e-16 4.13707e-17
6594 5.75227e-16 4.24124e-17
6596 5.60109e-16 4.12977e-17
6598 5.59946e-16 4.12857e-17
6600 5.58544e-16 4.11823e-17
6602 5.51256e-16 4.0645e-17
6604 5.58542e-16 4.11822e-17
6606 5.50285e-16 4.05734e-17
6608 5.40262e-16 3.98344e-17
6610 5.55531e-16 4.09602e-17
6612 5.49002e-16 4.04788e-17
6614 5.27555e-16 3.88975e-17
6616 5.30238e-16 3.90953e-17
6618 5.16141e-16 3.80559e-17
6620 5.08402e-16 3.74853e-17
6622 5.05535e-16 3.72739e-17
6624 4.92249e-16 3.62943e-17
6626 4.99155e-16 3.68035e-17
6628 5.0327e-16 3.71069e-17
6630 4.88016e-16 3.59822e-17
6632 4.8311e-16 3.56205e-17
6634 4.80968e-16 3.54625e-17
6636 4.77241e-16 3.51877e-17
6638 4.63782e-16 3.41954e-17
6640 4.43749e-16 3.27183e-17
6642 4.37803e-16 3.22799e-17
6644 4.37138e-16 3.22309e-17
6646 4.22251e-16 3.11332e-17
6648 4.15717e-16 3.06515e-17
6650 4.05598e-16 2.99054e-17
6652 3.96457e-16 2.92314e-17
6654 3.93164e-16 2.89886e-17
6656 3.78231e-16 2.78876e-17
6658 3.6526e-16 2.69312e-17
6660 3.59179e-16 2.64828e-17
6662 3.66572e-16 2.70279e-17
6664 3.6501e-16 2.69128e-17
6666 3.65575e-16 2.69544e-17
6668 3.49396e-16 2.57615e-17
6670 3.43416e-16 2.53206e-17
6672 3.48374e-16 2.56862e-17
6674 3.65434e-16 2.6944e-17
6676 3.55586e-16 2.62179e-17
6678 3.37599e-16 2.48917e-17
6680 3.46731e-16 2.5565e-17
6682 3.50035e-16 2.58086e-17
6684 3.37722e-16 2.49008e-17
6686 3.54528e-16 2.61399e-17
6688 3.61643e-16 2.66645e-17
6690 3.74511e-16 2.76133e-17
6692 3.76791e-16 2.77814e-17
6694 3.80038e-16 2.80208e-17
6696 3.87698e-16 2.85856e-17
6698 3.92079e-16 2.89086e-17
6700 3.79173e-16 2.7957e-17
6702 3.82582e-16 2.82084e-17
6704 3.89082e-16 2.86876e-17
6706 3.75149e-16 2.76603e-17
6708 3.89851e-16 2.87443e-17
6710 3.86286e-16 2.84815e-17
6712 3.80298e-16 2.804e-17
6714 3.86086e-16 2.84667e-17
6716 3.9972e-16 2.9472e-17
6718 3.95868e-16 2.9188e-17
6720 3.93686e-16 2.90271e-17
6722 3.87515e-16 2.85721e-17
6724 3.88969e-16 2.86793e-17
6726 3.97265e-16 2.9291e-17
6728 4.1294e-16 3.04467e-17
6730 4.09339e-16 3.01812e-17
6732 4.01063e-16 2.9571e-17
6734 4.0588e-16 2.99262e-17
6736 3.98992e-16 2.94183e-17
6738 4.1948e-16 3.09289e-17
6740 4.42536e-16 3.26289e-17
6742 4.31268e-16 3.17981e-17
6744 4.15221e-16 3.06149e-17
6746 4.18431e-16 3.08516e-17
6748 4.358e-16 3.21322e-17
6750 4.52186e-16 3.33404e-17
6752 4.49243e-16 3.31234e-17
6754 4.41984e-16 3.25882e-17
6756 4.55015e-16 3.3549e-17
6758 4.65989e-16 3.43581e-17
6760 4.64638e-16 3.42585e-17
6762 4.62402e-16 3.40936e-17
6764 4.65068e-16 3.42902e-17
6766 4.61529e-16 3.40293e-17
6768 4.66149e-16 3.43699e-17
6770 4.77089e-16 3.51765e-17
6772 4.84975e-16 3.5758e-17
6774 4.85648e-16 3.58076e-17
6776 4.87027e-16 3.59093e-17
6778 4.92541e-16 3.63158e-17
6780 4.96466e-16 3.66052e-17
6782 4.90548e-16 3.61689e-17
6784 4.90284e-16 3.61494e-17
6786 5.01401e-16 3.69691e-17
6788 5.04527e-16 3.71996e-17
6790 5.09316e-16 3.75527e-17
6792 5.10837e-16 3.76648e-17
6794 5.13606e-16 3.7869e-17
6796 5.08345e-16 3.74811e-17
6798 5.02448e-16 3.70463e-17
6800 4.97037e-16 3.66473e-17
6802 4.9537e-16 3.65244e-17
6804 4.99969e-16 3.68635e-17
6806 4.91024e-16 3.6204e-17
6808 4.89834e-16 3.61162e-17
6810 5.00806e-16 3.69252e-17
6812 5.06212e-16 3.73238e-17
6814 5.09032e-16 3.75317e-17
6816 5.03886e-16 3.71523e-17
6818 4.90177e-16 3.61415e-17
6820 4.9074e-16 3.6183e-17
6822 4.92082e-16 3.6282e-17
6824 4.79562e-16 3.53589e-17
6826 4.65177e-16 3.42982e-17
6828 4.70721e-16 3.4707e-17
6830 4.83642e-16 3.56597e-17
6832 4.81544e-16 3.5505e-17
6834 4.72367e-16 3.48284e-17
6836 4.66021e-16 3.43605e-17
6838 4.54547e-16 3.35145e-17
6840 4.45725e-16 3.2864e-17
6842 4.46535e-16 3.29237e-17
6844 4.35569e-16 3.21152e-17
6846 4.26448e-16 3.14427e-17
6848 4.36767e-16 3.22035e-17
6850 4.31164e-16 3.17904e-17
6852 4.15499e-16 3.06354e-17
6854 4.15376e-16 3.06263e-17
6856 4.00845e-16 2.95549e-17
6858 3.89014e-16 2.86826e-17
6860 3.90107e-16 2.87632e-17
6862 3.83248e-16 2.82575e-17
6864 3.70379e-16 2.73086e-17
6866 3.51715e-16 2.59325e-17
6868 3.55449e-16 2.62078e-17
6870 3.66558e-16 2.70269e-17
6872 3.62371e-16 2.67182e-17
6874 3.65515e-16 2.695e-17
6876 3.55142e-16 2.61852e-17
6878 3.48992e-16 2.57317e-17
6880 3.53885e-16 2.60925e-17
6882 3.47605e-16 2.56295e-17
6884 3.47136e-16 2.55949e-17
6886 3.53949e-16 2.60972e-17
6888 3.44776e-16 2.54209e-17
6890 3.45094e-16 2.54443e-17
6892 3.52266e-16 2.59731e-17
6894 3.59603e-16 2.65141e-17
6896 3.76247e-16 2.77413e-17
6898 3.73979e-16 2.75741e-17
6900 3.59421e-16 2.65007e-17
6902 3.67716e-16 2.71123e-17
6904 3.75862e-16 2.77129e-17
6906 3.72272e-16 2.74482e-17
6908 3.73403e-16 2.75316e-17
6910 3.72465e-16 2.74624e-17
6912 3.74734e-16 2.76297e-17
6914 3.79715e-16 2.7997e-17
6916 3.79637e-16 2.79912e-17
6918 3.69342e-16 2.72322e-17
6920 3.54202e-16 2.61159e-17
6922 3.60795e-16 2.6602e-17
6924 3.72422e-16 2.74593e-17
6926 3.71276e-16 2.73748e-17
6928 3.59973e-16 2.65414e-17
6930 3.64629e-16 2.68847e-17
6932 3.74245e-16 2.75937e-17
6934 3.67517e-16 2.70976e-17
6936 3.67038e-16 2.70623e-17
6938 3.7035e-16 2.73065e-17
6940 3.58728e-16 2.64496e-17
6942 3.43804e-16 2.53492e-17
6944 3.58081e-16 2.64019e-17
6946 3.7035e-16 2.73065e-17
6948 3.68596e-16 2.71772e-17
6950 3.65069e-16 2.69171e-17
6952 3.71807e-16 2.74139e-17
6954 3.84024e-16 2.83147e-17
6956 3.80207e-16 2.80333e-17
6958 3.61886e-16 2.66824e-17
6960 3.62746e-16 2.67458e-17
6962 3.62906e-16 2.67576e-17
6964 3.60561e-16 2.65847e-17
6966 3.61841e-16 2.66791e-17
6968 3.67225e-16 2.70761e-17
6970 3.68544e-16 2.71733e-17
6972 3.65826e-16 2.69729e-17
6974 3.67267e-16 2.70792e-17
6976 3.621e-16 2.66982e-17
6978 3.57841e-16 2.63842e-17
6980 3.48191e-16 2.56727e-17
6982 3.50637e-16 2.58531e-17
6984 3.65854e-16 2.6975e-17
6986 3.60756e-16 2.65991e-17
6988 3.52602e-16 2.59979e-17
6990 3.53545e-16 2.60674e-17
6992 3.57297e-16 2.63441e-17
6994 3.45396e-16 2.54666e-17
6996 3.43999e-16 2.53636e-17
6998 3.47098e-16 2.55921e-17
7000 3.5145e-16 2.5913e-17
7002 3.45608e-16 2.54822e-17
7004 3.51096e-16 2.58869e-17
7006 3.53503e-16 2.60643e-17
7008 3.61549e-16 2.66576e-17
7010 3.52609e-16 2.59984e-17
7012 3.43703e-16 2.53418e-17
7014 3.51044e-16 2.5883e-17
7016 3.59089e-16 2.64762e-17
7018 3.53427e-16 2.60587e-17
7020 3.55009e-16 2.61754e-17
7022 3.68769e-16 2.71899e-17
7024 3.71567e-16 2.73962e-17
7026 3.57239e-16 2.63398e-17
7028 3.66247e-16 2.7004e-17
7030 3.7215e-16 2.74392e-17
7032 3.79334e-16 2.79689e-17
7034 3.83926e-16 2.83075e-17
7036 3.86448e-16 2.84934e-17
7038 3.88238e-16 2.86254e-17
7040 3.85502e-16 2.84237e-17
7042 3.84237e-16 2.83304e-17
7044 3.86176e-16 2.84734e-17
7046 3.77251e-16 2.78153e-17
7048 3.758e-16 2.77083e-17
7050 3.85121e-16 2.83956e-17
7052 3.9134e-16 2.88541e-17
7054 3.9171e-16 2.88814e-17
7056 3.72168e-16 2.74405e-17
7058 3.84287e-16 2.83341e-17
7060 3.89121e-16 2.86905e-17
7062 3.87747e-16 2.85892e-17
7064 4.07715e-16 3.00615e-17
7066 4.10789e-16 3.02881e-17
7068 3.90008e-16 2.87559e-17
7070 3.73775e-16 2.7559e-17
7072 3.60194e-16 2.65577e-17
7074 3.77911e-16 2.7864e-17
7076 3.91257e-16 2.8848e-17
7078 3.83103e-16 2.82468e-17
7080 3.66199e-16 2.70004e-17
7082 3.6713e-16 2.70691e-17
7084 3.84619e-16 2.83586e-17
7086 3.85044e-16 2.83899e-17
7088 3.76593e-16 2.77668e-17
7090 3.65779e-16 2.69695e-17
7092 3.76809e-16 2.77827e-17
7094 3.89328e-16 2.87058e-17
7096 3.84954e-16 2.83833e-17
7098 3.71719e-16 2.74074e-17
7100 3.66656e-16 2.70341e-17
