9377.47 1.44612e-16 3.16223e-18
9384.41 1.61685e-16 3.08347e-18
9391.34 1.53841e-16 2.99165e-18
9398.27 1.45949e-16 3.05384e-18
9405.2 1.69646e-16 3.20074e-18
9412.13 1.49822e-16 3.1141e-18
9419.06 1.53245e-16 3.81808e-18
9426 1.58093e-16 3.30892e-18
9432.93 1.34977e-16 3.62793e-18
9439.86 1.58488e-16 3.0898e-18
9446.79 1.4595e-16 3.21852e-18
9453.72 1.51947e-16 3.26913e-18
9460.66 1.47248e-16 3.09964e-18
9467.59 1.60932e-16 3.69113e-18
9474.52 1.37472e-16 2.90469e-18
9481.45 1.58006e-16 3.17121e-18
9488.38 1.26963e-16 3.2905e-18
9495.32 1.43517e-16 2.84498e-18
9502.25 1.58619e-16 3.09316e-18
9509.18 1.56494e-16 3.17486e-18
9516.11 1.42e-16 2.98344e-18
9523.04 1.53389e-16 3.01155e-18
9529.97 1.60364e-16 3.10799e-18
9536.91 1.53791e-16 3.0708e-18
9543.84 1.34144e-16 2.91072e-18
9550.77 1.54276e-16 2.98602e-18
9557.7 1.50198e-16 3.02211e-18
9564.63 1.60457e-16 2.98307e-18
9571.57 1.6911e-16 3.00793e-18
9578.5 1.88961e-16 3.27139e-18
9585.43 1.61998e-16 3.10721e-18
9592.36 1.48898e-16 3.06373e-18
9599.29 1.5593e-16 2.84466e-18
9606.23 1.57796e-16 2.93711e-18
9613.16 1.56428e-16 2.95139e-18
9620.09 1.42989e-16 3.27483e-18
9627.02 1.54454e-16 2.9936e-18
9633.95 1.51163e-16 2.76353e-18
9640.88 1.53367e-16 2.77011e-18
9647.82 1.48735e-16 2.8552e-18
9654.75 1.43974e-16 2.66534e-18
9661.68 1.5808e-16 3.26539e-18
9668.61 1.60246e-16 2.74561e-18
9675.54 1.43192e-16 2.87425e-18
9682.48 1.55457e-16 2.58727e-18
9689.41 1.45809e-16 2.56134e-18
9696.34 1.51355e-16 2.60426e-18
9703.27 1.51652e-16 2.60999e-18
9710.2 1.53844e-16 2.4915e-18
9717.14 1.51783e-16 2.5627e-18
9724.07 1.48323e-16 2.59294e-18
9731 1.32617e-16 2.51044e-18
9737.93 1.52644e-16 2.56078e-18
9744.86 1.51571e-16 2.91423e-18
9751.79 1.43858e-16 2.4459e-18
9758.73 1.4131e-16 2.52084e-18
9765.66 1.25489e-16 2.41365e-18
9772.59 1.21598e-16 2.56983e-18
9779.52 1.32449e-16 2.34938e-18
9786.45 1.24094e-16 2.38985e-18
9793.39 1.237e-16 2.35011e-18
9800.32 1.2515e-16 2.46522e-18
9807.25 1.1769e-16 2.25441e-18
9814.18 1.17416e-16 2.18916e-18
9821.11 1.09283e-16 2.21076e-18
9828.05 1.12072e-16 2.30259e-18
9834.98 1.07551e-16 2.17076e-18
9841.91 1.19467e-16 2.19384e-18
9848.84 1.15157e-16 2.11946e-18
9855.77 1.05103e-16 2.03578e-18
9862.7 1.08912e-16 2.27572e-18
9869.64 9.56165e-17 2.01841e-18
9876.57 1.04609e-16 2.12635e-18
9883.5 9.65481e-17 2.16588e-18
9890.43 1.23718e-16 3.26981e-18
9897.36 1.02231e-16 2.08584e-18
9904.3 1.1567e-16 2.20369e-18
9911.23 1.09829e-16 2.45003e-18
9918.16 1.09908e-16 2.27946e-18
9925.09 9.3972e-17 2.30703e-18
9932.02 8.72046e-17 2.05523e-18
9938.96 1.08714e-16 2.10885e-18
9945.89 9.78207e-17 2.00898e-18
9952.82 9.95899e-17 1.94386e-18
9959.75 1.05356e-16 2.22791e-18
9966.68 8.98342e-17 2.24813e-18
9973.61 9.61225e-17 2.0321e-18
9980.55 9.69085e-17 2.17273e-18
9987.48 9.92593e-17 2.08983e-18
9994.41 1.12204e-16 2.1282e-18
10001.3 1.01455e-16 2.35608e-18
10008.3 9.39389e-17 2.07502e-18
10015.2 9.57972e-17 2.08323e-18
10022.1 9.46496e-17 2.08017e-18
10029.1 1.05377e-16 2.33113e-18
10036 1.10099e-16 2.12715e-18
10042.9 1.15772e-16 2.23685e-18
10049.9 9.84759e-17 2.05805e-18
10056.8 8.87835e-17 2.09039e-18
10063.7 1.02597e-16 2.01767e-18
10070.7 8.16851e-17 2.30025e-18
10077.6 9.82906e-17 2.06373e-18
10084.5 8.84458e-17 1.93595e-18
10091.5 9.56709e-17 1.91674e-18
10098.4 7.97563e-17 1.81404e-18
10105.3 8.50882e-17 1.95803e-18
10112.3 9.14997e-17 1.94853e-18
10119.2 8.32739e-17 1.82901e-18
10126.1 7.99518e-17 1.97055e-18
10133 9.563e-17 2.74365e-18
10140 7.29939e-17 1.73581e-18
10146.9 1.05528e-16 2.68426e-18
10153.8 8.2114e-17 1.90306e-18
10160.8 7.61126e-17 2.03583e-18
10167.7 8.17153e-17 1.82173e-18
10174.6 7.07381e-17 2.15213e-18
10181.6 7.37902e-17 1.90611e-18
10188.5 6.64823e-17 1.76715e-18
10195.4 6.20363e-17 1.5738e-18
10202.4 6.25917e-17 1.72113e-18
10209.3 5.88645e-17 1.58107e-18
10216.2 5.77904e-17 1.6218e-18
10223.2 5.06952e-17 1.48293e-18
10230.1 4.89889e-17 1.40381e-18
10237 4.97452e-17 1.54534e-18
10244 5.00411e-17 1.93465e-18
10250.9 4.55585e-17 1.66744e-18
10257.8 4.31487e-17 1.46557e-18
10264.8 1.52403e-17 1.586e-18
10271.7 2.16417e-17 1.20239e-18
10278.6 1.76297e-17 1.28111e-18
10285.5 2.64449e-17 1.61146e-18
10292.5 2.35375e-17 1.27654e-18
10299.4 3.68539e-17 1.37479e-18
10306.3 4.0324e-17 1.51524e-18
10313.3 3.82401e-17 1.52904e-18
10320.2 3.20001e-17 1.81807e-18
10327.1 4.162e-17 1.38869e-18
10334.1 4.71344e-17 1.41912e-18
10341 5.15891e-17 1.52902e-18
10347.9 4.50539e-17 1.48288e-18
10354.9 5.5423e-17 1.58762e-18
10361.8 6.59869e-17 1.64681e-18
10368.7 5.74544e-17 1.54675e-18
10375.7 6.12868e-17 1.70244e-18
10382.6 8.26411e-17 1.76854e-18
10389.5 8.26733e-17 1.73043e-18
10396.5 8.6891e-17 1.81342e-18
10403.4 1.02924e-16 2.31947e-18
10410.3 9.73053e-17 1.96924e-18
10417.3 9.84571e-17 2.12195e-18
10424.2 1.05868e-16 1.90361e-18
10431.1 1.0338e-16 2.11467e-18
10438.1 1.03972e-16 1.95265e-18
10445 1.03237e-16 1.94135e-18
10451.9 1.06401e-16 2.18405e-18
10458.8 9.32896e-17 1.7938e-18
10465.8 9.84011e-17 1.83911e-18
10472.7 1.05036e-16 1.88715e-18
10479.6 1.12181e-16 1.96779e-18
10486.6 1.13468e-16 1.97957e-18
10493.5 1.05637e-16 1.93415e-18
10500.4 1.14786e-16 2.02804e-18
10507.4 1.20021e-16 1.99869e-18
10514.3 1.18392e-16 1.96161e-18
10521.2 1.29106e-16 2.05595e-18
10528.2 1.32973e-16 2.12445e-18
10535.1 1.16418e-16 1.93853e-18
10542 1.23796e-16 1.96237e-18
10549 1.20832e-16 2.03785e-18
10555.9 1.31186e-16 2.09612e-18
10562.8 1.19351e-16 1.97592e-18
10569.8 1.27497e-16 2.01354e-18
10576.7 1.34313e-16 2.07781e-18
10583.6 1.26635e-16 2.17649e-18
10590.6 1.29431e-16 2.03167e-18
10597.5 1.34051e-16 2.12478e-18
10604.4 1.22641e-16 1.97571e-18
10611.3 1.17185e-16 1.93241e-18
10618.3 1.064e-16 1.82001e-18
10625.2 1.07421e-16 1.82191e-18
10632.1 1.09109e-16 1.87812e-18
10639.1 1.12167e-16 1.90115e-18
10646 1.09359e-16 2.0101e-18
10652.9 1.04066e-16 1.82295e-18
10659.9 1.01283e-16 1.94332e-18
10666.8 1.05912e-16 1.81223e-18
10673.7 1.00691e-16 1.78875e-18
10680.7 9.3109e-17 1.78255e-18
10687.6 8.67884e-17 1.7544e-18
10694.5 9.45932e-17 1.75547e-18
10701.5 8.80359e-17 1.65643e-18
10708.4 1.00352e-16 1.74811e-18
10715.3 9.45149e-17 1.80882e-18
10722.3 9.5286e-17 1.75089e-18
10729.2 9.86398e-17 1.82719e-18
10736.1 1.01148e-16 1.75271e-18
10743.1 9.33571e-17 1.68451e-18
10750 1.04385e-16 1.80933e-18
10756.9 1.05665e-16 1.84833e-18
10763.8 9.72642e-17 1.75915e-18
10770.8 9.50008e-17 1.76963e-18
10777.7 9.95673e-17 1.77506e-18
10784.6 1.08198e-16 1.88765e-18
10791.6 1.05692e-16 1.82201e-18
10798.5 9.91292e-17 1.71861e-18
10805.4 9.96964e-17 1.9182e-18
10812.4 1.00079e-16 1.75037e-18
10819.3 1.0671e-16 1.78805e-18
10826.2 1.05062e-16 1.88941e-18
10833.2 1.03233e-16 1.71574e-18
10840.1 1.08262e-16 1.82281e-18
10847 1.10067e-16 1.83842e-18
10854 1.12941e-16 1.93248e-18
10860.9 1.12343e-16 1.89112e-18
10867.8 1.15365e-16 1.88071e-18
10874.8 1.07051e-16 1.80793e-18
10881.7 1.17721e-16 1.83222e-18
10888.6 1.12272e-16 1.83269e-18
10895.6 1.14435e-16 1.94281e-18
10902.5 1.20702e-16 1.95645e-18
10909.4 1.19835e-16 1.94564e-18
10916.4 1.18798e-16 1.88005e-18
10923.3 1.21838e-16 1.92861e-18
10930.2 1.1764e-16 1.88214e-18
10937.1 1.16698e-16 1.90567e-18
10944.1 1.16858e-16 1.81468e-18
10951 1.14767e-16 1.87642e-18
10957.9 1.05611e-16 1.74177e-18
10964.9 1.19921e-16 1.89349e-18
10971.8 1.12031e-16 1.84137e-18
10978.7 1.2271e-16 1.89482e-18
10985.7 1.13289e-16 1.85529e-18
10992.6 9.91363e-17 1.74168e-18
10999.5 1.07384e-16 1.77932e-18
11006.5 1.13896e-16 1.89369e-18
11013.4 1.08397e-16 1.85768e-18
11020.3 1.05125e-16 2.09592e-18
11027.3 1.13987e-16 1.86164e-18
11034.2 1.12146e-16 1.92808e-18
11041.1 1.1353e-16 1.90266e-18
11048.1 9.56918e-17 2.24644e-18
11055 1.09142e-16 1.85724e-18
11061.9 1.05243e-16 1.80074e-18
11068.9 1.10821e-16 1.86339e-18
11075.8 1.06858e-16 1.86655e-18
11082.7 1.10568e-16 1.89517e-18
11089.6 9.84551e-17 1.88083e-18
11096.6 1.01598e-16 1.91262e-18
11103.5 1.08016e-16 1.87546e-18
11110.4 1.11664e-16 1.96929e-18
11117.4 1.1024e-16 2.01667e-18
11124.3 1.08889e-16 2.02405e-18
11131.2 1.03136e-16 2.14521e-18
11138.2 1.19146e-16 2.09276e-18
11145.1 1.15349e-16 2.23404e-18
11152 1.20799e-16 2.40445e-18
11159 8.90465e-17 2.56309e-18
11165.9 9.84614e-17 2.04083e-18
11172.8 1.07362e-16 2.1286e-18
11179.8 1.04455e-16 2.26382e-18
11186.7 9.89258e-17 2.26412e-18
11193.6 1.04351e-16 2.12386e-18
11200.6 1.12752e-16 2.45697e-18
11207.5 1.05241e-16 2.4945e-18
11214.4 9.42393e-17 2.35736e-18
11221.4 8.33822e-17 2.19795e-18
11228.3 9.40922e-17 2.06548e-18
11235.2 1.1097e-16 2.42193e-18
11242.1 1.08335e-16 2.50138e-18
11249.1 9.03467e-17 2.15961e-18
11256 9.48711e-17 2.17988e-18
11262.9 1.04065e-16 2.19812e-18
11269.9 1.06665e-16 2.297e-18
11276.8 1.01331e-16 2.22342e-18
11283.7 1.02441e-16 2.24823e-18
11290.7 8.7164e-17 1.87845e-18
11297.6 8.77993e-17 1.81226e-18
11304.5 1.0535e-16 2.17198e-18
11311.5 1.13418e-16 2.22739e-18
11318.4 1.02569e-16 2.37599e-18
11325.3 1.26576e-16 2.88669e-18
11332.3 1.23594e-16 3.64766e-18
11339.2 8.74866e-17 2.44728e-18
11346.1 8.43879e-17 2.08748e-18
11353.1 9.9782e-17 2.1041e-18
11360 9.35548e-17 2.05127e-18
11366.9 1.02424e-16 1.91644e-18
11373.9 1.05631e-16 2.0563e-18
11380.8 1.06073e-16 1.86766e-18
11387.7 9.76076e-17 1.92892e-18
11394.6 1.09317e-16 2.02201e-18
11401.6 1.0854e-16 2.05955e-18
11408.5 1.10376e-16 2.09192e-18
11415.4 1.10534e-16 1.97358e-18
11422.4 1.20773e-16 2.14833e-18
11429.3 1.16486e-16 2.29255e-18
11436.2 9.46233e-17 2.16947e-18
11443.2 1.12892e-16 2.57488e-18
11450.1 9.67464e-17 2.19628e-18
11457 9.59434e-17 2.1916e-18
11464 9.28012e-17 1.93703e-18
11470.9 9.58738e-17 1.86849e-18
11477.8 1.06343e-16 2.00854e-18
11484.8 1.00749e-16 2.14621e-18
11491.7 9.55342e-17 1.8734e-18
11498.6 9.08226e-17 1.79312e-18
11505.6 8.78819e-17 1.95821e-18
11512.5 7.82123e-17 1.72546e-18
11519.4 9.07434e-17 1.9581e-18
11526.4 9.33643e-17 1.91849e-18
11533.3 8.01186e-17 1.72765e-18
11540.2 9.38849e-17 1.9881e-18
11547.2 8.78308e-17 1.7538e-18
11554.1 9.67465e-17 1.84934e-18
11561 9.24032e-17 1.7648e-18
11567.9 9.68054e-17 1.85785e-18
11574.9 9.50429e-17 1.72155e-18
11581.8 1.0579e-16 2.38493e-18
11588.7 1.00051e-16 1.79253e-18
11595.7 8.95278e-17 1.6651e-18
11602.6 8.09536e-17 1.64703e-18
11609.5 7.91296e-17 1.5149e-18
11616.5 8.2135e-17 1.53676e-18
11623.4 7.92714e-17 1.52526e-18
11630.3 7.2394e-17 1.50881e-18
11637.3 6.67054e-17 1.44203e-18
11644.2 6.60709e-17 1.48618e-18
11651.1 5.85576e-17 1.37135e-18
11658.1 5.85964e-17 1.40707e-18
11665 5.90598e-17 1.36358e-18
11671.9 4.05436e-17 1.36434e-18
11678.9 1.76325e-17 1.4387e-18
11685.8 4.13569e-17 1.29832e-18
11692.7 4.40694e-17 1.32299e-18
11699.7 4.12921e-17 1.2765e-18
11706.6 3.52755e-17 1.25708e-18
11713.5 4.22813e-17 1.18627e-18
11720.4 4.6192e-17 1.32066e-18
11727.4 4.60672e-17 1.24771e-18
11734.3 3.85683e-17 1.24841e-18
11741.2 3.86292e-17 1.16224e-18
11748.2 3.8555e-17 1.12273e-18
11755.1 4.01438e-17 1.14743e-18
11762 3.98467e-17 1.19e-18
11769 3.73731e-17 1.15074e-18
11775.9 3.65865e-17 1.10436e-18
11782.8 3.67025e-17 1.10171e-18
11789.8 3.96538e-17 1.13076e-18
11796.7 4.85468e-17 1.41017e-18
11803.6 4.70981e-17 1.2593e-18
11810.6 3.92784e-17 1.18947e-18
11817.5 4.33231e-17 1.16047e-18
11824.4 4.623e-17 1.187e-18
11831.4 4.78952e-17 1.22381e-18
11838.3 4.48719e-17 1.2214e-18
11845.2 5.19062e-17 1.23407e-18
11852.2 4.5265e-17 1.31545e-18
11859.1 5.13702e-17 1.36104e-18
11866 5.63854e-17 1.33355e-18
11872.9 5.93036e-17 1.47083e-18
11879.9 5.69132e-17 1.26806e-18
11886.8 5.61618e-17 1.30631e-18
11893.7 5.77097e-17 1.28435e-18
11900.7 6.07349e-17 1.24293e-18
11907.6 5.6791e-17 1.25744e-18
11914.5 6.01701e-17 1.29904e-18
11921.5 5.85967e-17 1.26238e-18
11928.4 6.26249e-17 1.34359e-18
11935.3 7.5757e-17 1.42526e-18
11942.3 6.87417e-17 1.34818e-18
11949.2 7.03118e-17 1.36127e-18
11956.1 7.54959e-17 1.42161e-18
11963.1 7.05409e-17 1.43218e-18
11970 8.19474e-17 1.48304e-18
11976.9 8.21586e-17 1.5284e-18
11983.9 8.13476e-17 1.47728e-18
11990.8 7.93274e-17 1.4306e-18
11997.7 8.06813e-17 1.4662e-18
12004.7 8.80093e-17 1.6328e-18
12011.6 8.505e-17 1.52964e-18
12018.5 9.61265e-17 1.77841e-18
12025.5 9.04067e-17 1.59241e-18
12032.4 9.46104e-17 1.61601e-18
12039.3 8.51864e-17 1.53389e-18
12046.2 9.00957e-17 1.56915e-18
12053.2 9.90028e-17 1.59801e-18
12060.1 8.61622e-17 1.48321e-18
12067 7.92756e-17 1.39925e-18
12074 8.71149e-17 1.47706e-18
12080.9 9.24747e-17 1.55855e-18
12087.8 9.67247e-17 1.5677e-18
12094.8 8.92753e-17 1.52274e-18
12101.7 9.00222e-17 1.51209e-18
12108.6 1.02892e-16 1.57638e-18
12115.6 9.50222e-17 1.62161e-18
12122.5 8.74185e-17 1.80613e-18
12129.4 9.06156e-17 1.55439e-18
12136.4 9.30874e-17 1.65897e-18
12143.3 8.93856e-17 1.54983e-18
12150.2 8.98805e-17 1.50251e-18
12157.2 8.64336e-17 1.52404e-18
12164.1 9.05806e-17 1.50032e-18
12171 8.44392e-17 1.48899e-18
12178 8.65474e-17 1.50741e-18
12184.9 8.36631e-17 1.45284e-18
12191.8 8.82269e-17 1.4746e-18
12198.7 9.08097e-17 1.51571e-18
12205.7 8.72058e-17 1.50012e-18
12212.6 7.58629e-17 1.39615e-18
12219.5 8.41203e-17 1.50983e-18
12226.5 7.45174e-17 1.55331e-18
12233.4 7.98004e-17 1.39368e-18
12240.3 7.26792e-17 1.54239e-18
12247.3 7.45855e-17 1.40784e-18
12254.2 7.88924e-17 1.4131e-18
12261.1 8.01224e-17 1.42901e-18
12268.1 8.01988e-17 1.46778e-18
12275 8.0803e-17 1.4045e-18
12281.9 7.86597e-17 1.37309e-18
12288.9 7.52709e-17 1.34279e-18
12295.8 7.1559e-17 1.34496e-18
12302.7 7.25343e-17 1.36863e-18
12309.7 8.58525e-17 1.41172e-18
12316.6 7.42636e-17 1.39162e-18
12323.5 7.53587e-17 1.41626e-18
12330.5 6.31125e-17 1.28198e-18
12337.4 7.56755e-17 1.37179e-18
12344.3 7.17834e-17 1.36014e-18
12351.2 7.70225e-17 1.34396e-18
12358.2 6.79234e-17 1.28501e-18
12365.1 6.94082e-17 1.3125e-18
12372 7.38385e-17 1.33336e-18
12379 6.39681e-17 1.26359e-18
12385.9 6.33796e-17 1.26031e-18
12392.8 6.79459e-17 1.25827e-18
12399.8 6.12365e-17 1.21976e-18
12406.7 6.38622e-17 1.29752e-18
12413.6 7.03718e-17 1.32452e-18
12420.6 7.01259e-17 1.45198e-18
12427.5 6.36812e-17 1.29281e-18
12434.4 6.4619e-17 1.28104e-18
12441.4 6.06846e-17 1.22211e-18
12448.3 6.85104e-17 1.31105e-18
12455.2 6.54382e-17 1.2815e-18
12462.2 6.87507e-17 1.33418e-18
12469.1 6.27423e-17 1.32762e-18
12476 5.75439e-17 1.21956e-18
12483 5.9117e-17 1.20319e-18
12489.9 5.84773e-17 1.19625e-18
12496.8 5.94368e-17 1.38413e-18
12503.8 5.98416e-17 1.33286e-18
12510.7 5.55881e-17 1.16255e-18
12517.6 5.45319e-17 1.172e-18
12524.5 5.12375e-17 1.18204e-18
12531.5 5.11238e-17 1.13954e-18
12538.4 4.68858e-17 1.27888e-18
12545.3 5.90437e-17 1.25455e-18
12552.3 5.47963e-17 1.33256e-18
12559.2 5.1188e-17 1.18953e-18
12566.1 4.28837e-17 1.29712e-18
12573.1 4.26238e-17 1.13221e-18
12580 5.05228e-17 1.2359e-18
12586.9 5.49112e-17 1.20851e-18
12593.9 5.09206e-17 1.23099e-18
12600.8 4.85199e-17 1.20312e-18
12607.7 5.53299e-17 1.22829e-18
12614.7 5.9926e-17 1.28543e-18
12621.6 5.51415e-17 1.45979e-18
12628.5 5.75823e-17 1.29347e-18
12635.5 5.7194e-17 1.27294e-18
12642.4 5.65841e-17 1.23533e-18
12649.3 5.10531e-17 1.19944e-18
12656.3 5.1625e-17 1.19483e-18
12663.2 6.43978e-17 1.55239e-18
12670.1 4.29823e-17 1.22775e-18
12677 4.04797e-17 1.21287e-18
12684 4.18852e-17 1.22468e-18
12690.9 4.15494e-17 1.1553e-18
12697.8 4.566e-17 1.11147e-18
12704.8 5.01413e-17 1.18728e-18
12711.7 5.10779e-17 1.15687e-18
12718.6 4.83072e-17 1.14539e-18
12725.6 5.48723e-17 1.15627e-18
12732.5 4.95866e-17 1.15426e-18
12739.4 4.32787e-17 1.08289e-18
12746.4 5.2495e-17 1.16622e-18
12753.3 4.957e-17 1.18842e-18
12760.2 4.9998e-17 1.12813e-18
12767.2 4.7761e-17 1.06335e-18
12774.1 4.20176e-17 1.23409e-18
12781 5.09478e-17 1.09702e-18
12788 4.33241e-17 1.0405e-18
12794.9 5.23217e-17 1.14664e-18
12801.8 4.69944e-17 1.07047e-18
12808.8 4.60891e-17 1.08961e-18
12815.7 4.44128e-17 1.05546e-18
12822.6 4.44173e-17 1.06545e-18
12829.5 4.24808e-17 1.01279e-18
12836.5 4.28683e-17 1.00982e-18
12843.4 4.71162e-17 1.02462e-18
12850.3 4.14593e-17 1.02232e-18
12857.3 4.09339e-17 1.03369e-18
12864.2 4.32865e-17 1.04279e-18
12871.1 4.4018e-17 1.1898e-18
12878.1 4.25419e-17 1.0345e-18
12885 4.67117e-17 1.10314e-18
12891.9 4.56141e-17 1.11461e-18
12898.9 4.44484e-17 1.07304e-18
12905.8 4.86918e-17 1.0774e-18
12912.7 5.03378e-17 1.16288e-18
12919.7 4.32128e-17 9.81844e-19
12926.6 4.62091e-17 1.06522e-18
12933.5 3.74886e-17 9.82355e-19
12940.5 4.2683e-17 1.01774e-18
12947.4 3.68948e-17 1.20191e-18
12954.3 4.99314e-17 1.08363e-18
12961.3 4.22781e-17 1.0247e-18
12968.2 3.79309e-17 1.00548e-18
12975.1 3.9827e-17 1.02976e-18
12982 4.69111e-17 1.05712e-18
12989 3.80668e-17 9.94767e-19
12995.9 4.03409e-17 1.07345e-18
13002.8 4.10786e-17 1.02624e-18
13009.8 3.97237e-17 1.09913e-18
13016.7 3.98554e-17 1.02948e-18
13023.6 4.10947e-17 1.07423e-18
13030.6 3.50735e-17 1.03067e-18
13037.5 3.67488e-17 9.83049e-19
13044.4 4.26623e-17 1.00136e-18
13051.4 4.70072e-17 1.09005e-18
13058.3 3.95654e-17 1.12282e-18
13065.2 4.16558e-17 1.05639e-18
13072.2 4.25469e-17 1.0786e-18
13079.1 4.74858e-17 1.15135e-18
13086 4.06614e-17 1.0877e-18
13093 3.23887e-17 1.01336e-18
13099.9 3.93955e-17 1.04125e-18
13106.8 4.04003e-17 1.02111e-18
13113.8 4.14653e-17 1.03708e-18
13120.7 4.32807e-17 1.09001e-18
13127.6 3.93509e-17 1.29282e-18
13134.6 4.5116e-17 1.10057e-18
13141.5 4.76173e-17 1.21569e-18
13148.4 3.95579e-17 1.09975e-18
13155.3 4.2159e-17 1.05056e-18
13162.3 4.25136e-17 9.98249e-19
13169.2 3.60032e-17 1.02167e-18
13176.1 4.22471e-17 1.10331e-18
13183.1 3.51927e-17 1.06085e-18
13190 3.52532e-17 1.05243e-18
13196.9 3.95348e-17 1.05726e-18
13203.9 3.5091e-17 1.02403e-18
13210.8 3.9036e-17 1.06956e-18
13217.7 4.60954e-17 1.17285e-18
13224.7 3.83302e-17 1.19164e-18
13231.6 4.31872e-17 1.12463e-18
13238.5 3.35007e-17 1.03559e-18
13245.5 4.25101e-17 1.10106e-18
13252.4 3.517e-17 1.06684e-18
13259.3 3.79861e-17 1.04493e-18
13266.3 4.31652e-17 1.15988e-18
13273.2 3.63926e-17 1.08018e-18
13280.1 3.63897e-17 1.0848e-18
13287.1 3.82586e-17 1.08713e-18
13294 3.01588e-17 1.06435e-18
13300.9 3.24585e-17 1.16222e-18
13307.8 4.30086e-17 1.2287e-18
13314.8 3.86421e-17 1.12621e-18
13321.7 3.97777e-17 1.10592e-18
13328.6 3.18899e-17 1.04565e-18
13335.6 3.43398e-17 1.35973e-18
13342.5 3.96642e-17 1.15002e-18
13349.4 3.68251e-17 1.17281e-18
13356.4 4.38061e-17 1.18323e-18
13363.3 3.69058e-17 1.09767e-18
13370.2 3.17624e-17 1.09928e-18
13377.2 4.09267e-17 1.15867e-18
13384.1 4.70299e-17 1.21508e-18
13391 4.14289e-17 1.1929e-18
13398 4.56259e-17 1.35798e-18
13404.9 3.8699e-17 1.57744e-18
13411.8 2.99099e-17 1.24683e-18
13418.8 3.57197e-17 1.26023e-18
13425.7 3.58928e-17 1.52138e-18
13432.6 3.62669e-17 1.32043e-18
13439.6 3.09694e-17 1.16437e-18
13446.5 3.5728e-17 1.45087e-18
13453.4 3.35185e-17 1.35872e-18
13460.3 3.65531e-17 1.57214e-18
13467.3 4.66295e-17 1.93798e-18
13474.2 5.48201e-17 2.27667e-18
13481.1 3.11095e-17 1.51209e-18
13488.1 3.35499e-17 1.67842e-18
13495 3.09896e-17 2.25178e-18
13501.9 3.64601e-17 2.39043e-18
13508.9 3.92456e-17 2.04511e-18
13515.8 4.81741e-17 2.57602e-18
13522.7 4.57833e-17 3.10165e-18
13529.7 3.34811e-17 5.11342e-18
13536.6 2.59632e-17 4.85087e-18
13543.5 2.95817e-17 3.96267e-18
13550.5 1.21598e-17 3.759e-18
13557.4 1.46172e-18 5.25088e-18
13564.3 6.19358e-17 5.02165e-18
13571.3 1.8896e-17 6.78684e-18
13578.2 6.97196e-17 5.77185e-18
13585.1 1.32224e-16 7.22462e-18
13592.1 1.7479e-17 1.1712e-17
13599 -7.1764e-17 2.4805e-17
13605.9 2.25695e-17 1.88508e-17
13612.9 9.43216e-18 9.46227e-18
13619.8 2.84584e-17 4.90211e-18
13626.7 -1.27185e-17 8.39253e-18
13633.6 -6.67394e-17 1.90468e-17
13640.6 -3.52218e-18 6.61852e-18
13647.5 6.94278e-17 5.28574e-18
13654.4 4.44129e-17 5.52009e-18
13661.4 1.21408e-16 1.32934e-17
13668.3 5.7882e-17 1.13982e-17
13675.2 6.4514e-17 8.61105e-18
13682.2 7.28916e-17 7.83926e-18
13689.1 1.563e-16 1.27846e-17
13696 3.71429e-17 1.14047e-17
13703 3.13468e-17 1.15946e-17
13709.9 6.7371e-17 5.96758e-18
13716.8 5.79528e-17 4.76085e-18
13723.8 3.17665e-17 4.06884e-18
13730.7 2.27853e-17 3.17118e-18
13737.6 5.15951e-17 3.07893e-18
13744.6 4.98646e-17 3.06245e-18
13751.5 5.75231e-17 4.01751e-18
13758.4 6.40814e-17 2.9604e-18
13765.4 2.70843e-17 2.65323e-18
13772.3 5.53043e-17 3.31054e-18
13779.2 4.48209e-17 3.61819e-18
13786.1 6.28718e-17 4.21744e-18
13793.1 6.74484e-17 8.03298e-18
13800 1.69389e-18 9.0761e-18
13806.9 1.25924e-16 1.28355e-17
13813.9 1.03018e-16 1.60382e-17
13820.8 1.6824e-16 1.2082e-17
13827.7 -4.59006e-18 9.00578e-18
13834.7 1.20309e-16 1.01934e-17
13841.6 5.84295e-17 6.3592e-18
13848.5 5.76294e-17 3.88677e-18
13855.5 4.08501e-17 4.29937e-18
13862.4 7.61087e-17 4.63903e-18
13869.3 5.27074e-17 4.04125e-18
13876.3 4.36281e-17 2.96153e-18
13883.2 3.78431e-17 2.72846e-18
13890.1 4.59549e-17 2.75258e-18
13897.1 4.41728e-17 2.58949e-18
13904 8.68104e-17 3.45415e-18
13910.9 9.04509e-17 4.33419e-18
13917.9 4.93656e-17 3.3988e-18
13924.8 9.6141e-17 3.91709e-18
13931.7 7.58885e-17 5.16399e-18
13938.6 2.06354e-17 1.06418e-17
13945.6 1.26942e-17 7.70083e-18
13952.5 4.07883e-18 3.79044e-18
13959.4 3.50245e-17 2.54847e-18
13966.4 5.29238e-17 2.14889e-18
13973.3 5.41139e-17 3.34088e-18
13980.2 6.52573e-17 5.19186e-18
13987.2 8.68996e-17 9.36129e-18
13994.1 3.01587e-17 7.29281e-18
14001 2.72945e-17 3.87304e-18
14008 2.52206e-18 1.73252e-18
14014.9 1.7423e-17 2.02223e-18
14021.8 3.10583e-17 2.37186e-18
14028.8 7.42128e-17 4.92898e-18
14035.7 1.85129e-17 3.48193e-18
14042.6 2.22583e-17 2.86964e-18
14049.6 -7.4918e-20 3.16027e-18
14056.5 2.29819e-18 3.38733e-18
14063.4 4.54061e-17 2.79246e-18
14070.4 3.36151e-17 2.40694e-18
14077.3 4.49091e-17 3.83669e-18
14084.2 1.80347e-17 3.71699e-18
14091.1 2.94501e-17 2.7251e-18
14098.1 1.77705e-17 2.29015e-18
14105 3.08003e-17 2.58538e-18
14111.9 4.10558e-17 1.63097e-18
14118.9 2.99569e-17 2.57914e-18
14125.8 5.40459e-17 2.7624e-18
14132.7 1.13555e-16 5.52326e-18
14139.7 4.64587e-17 2.97003e-18
14146.6 5.2401e-17 2.84816e-18
14153.5 3.82973e-17 1.68221e-18
14160.5 6.20017e-17 2.18797e-18
14167.4 5.51639e-17 2.50707e-18
14174.3 8.44657e-17 3.55425e-18
14181.3 2.87004e-17 2.577e-18
14188.2 3.24524e-17 2.53768e-18
14195.1 4.52759e-17 2.18574e-18
14202.1 3.46423e-17 1.46481e-18
14209 3.03521e-17 1.54003e-18
14215.9 3.88392e-17 1.85249e-18
14222.9 3.33555e-17 1.79289e-18
14229.8 2.8818e-17 1.49407e-18
14236.7 3.44198e-17 1.5231e-18
14243.7 3.61293e-17 1.54595e-18
14250.6 3.88418e-17 1.41789e-18
14257.5 4.76169e-17 1.67766e-18
14264.4 4.78195e-17 2.24348e-18
14271.4 4.66857e-17 2.12892e-18
14278.3 3.85022e-17 1.51942e-18
14285.2 3.02162e-17 1.276e-18
14292.2 3.30981e-17 1.46366e-18
14299.1 4.05977e-17 1.75281e-18
14306 3.60632e-17 2.13481e-18
14313 3.50089e-17 1.75005e-18
14319.9 3.33043e-17 1.59457e-18
14326.8 2.96384e-17 1.83601e-18
14333.8 2.66159e-17 1.7283e-18
14340.7 3.1909e-17 1.44021e-18
14347.6 3.37578e-17 1.81453e-18
14354.6 2.38466e-17 1.51723e-18
14361.5 3.02414e-17 1.84611e-18
14368.4 4.22965e-17 1.71673e-18
14375.4 3.30672e-17 1.51191e-18
14382.3 1.76692e-17 1.65092e-18
14389.2 4.13401e-17 1.56006e-18
14396.2 3.92872e-17 1.44925e-18
14403.1 2.70324e-17 1.49319e-18
14410 3.56393e-17 1.55646e-18
14416.9 3.47541e-17 1.34646e-18
14423.9 3.51552e-17 1.22981e-18
14430.8 3.43204e-17 1.47288e-18
14437.7 2.63785e-17 1.50169e-18
14444.7 3.51804e-17 1.53347e-18
14451.6 3.63233e-17 1.45881e-18
14458.5 3.22735e-17 1.29169e-18
14465.5 2.54722e-17 1.06361e-18
14472.4 2.63833e-17 1.05113e-18
14479.3 2.48179e-17 1.18008e-18
14486.3 3.52857e-17 1.57672e-18
14493.2 2.6359e-17 2.24134e-18
14500.1 3.96591e-17 2.09668e-18
14507.1 4.08939e-17 1.53522e-18
14514 3.07455e-17 1.13388e-18
14520.9 2.91975e-17 1.01393e-18
14527.9 3.39327e-17 1.06117e-18
14534.8 4.13727e-17 1.26198e-18
14541.7 3.01844e-17 1.09425e-18
14548.7 3.22714e-17 1.2129e-18
14555.6 4.13706e-17 1.14146e-18
14562.5 2.61932e-17 1.29657e-18
14569.4 3.51578e-17 1.19802e-18
14576.4 3.30318e-17 1.06227e-18
14583.3 3.30936e-17 1.1084e-18
14590.2 3.3752e-17 1.29612e-18
14597.2 2.72471e-17 1.43721e-18
14604.1 3.15841e-17 1.19954e-18
14611 3.83326e-17 1.3048e-18
14618 4.38932e-17 1.32769e-18
14624.9 3.55492e-17 1.08814e-18
14631.8 3.61085e-17 1.10398e-18
14638.8 4.98776e-17 1.5637e-18
14645.7 3.73835e-17 1.28605e-18
14652.6 3.02298e-17 1.45313e-18
14659.6 3.09416e-17 1.20514e-18
14666.5 3.72836e-17 1.30005e-18
14673.4 4.46784e-17 1.42702e-18
14680.4 4.56017e-17 1.28109e-18
14687.3 4.04482e-17 1.43451e-18
14694.2 3.83469e-17 2.10792e-18
14701.2 3.31579e-17 1.39719e-18
14708.1 4.41864e-17 1.5511e-18
14715 3.62559e-17 1.32078e-18
14722 3.74108e-17 1.18464e-18
14728.9 3.91934e-17 1.18414e-18
14735.8 3.84912e-17 1.10413e-18
14742.7 4.32787e-17 1.19579e-18
14749.7 4.5073e-17 1.46137e-18
14756.6 3.44366e-17 1.13543e-18
14763.5 3.98475e-17 1.29986e-18
14770.5 4.62464e-17 1.35489e-18
14777.4 3.60239e-17 1.32598e-18
14784.3 3.02718e-17 1.24823e-18
14791.3 3.65798e-17 1.28028e-18
14798.2 3.89902e-17 1.3391e-18
14805.1 4.19234e-17 1.19205e-18
14812.1 4.26941e-17 1.17463e-18
14819 3.30955e-17 1.11239e-18
14825.9 5.08119e-17 1.35538e-18
14832.9 4.5966e-17 1.25456e-18
14839.8 3.04425e-17 1.00775e-18
14846.7 4.33134e-17 1.26456e-18
14853.7 4.81848e-17 1.56045e-18
14860.6 5.1476e-17 1.52509e-18
14867.5 4.22037e-17 1.23255e-18
14874.5 3.99378e-17 1.45462e-18
14881.4 2.86344e-17 1.24519e-18
14888.3 2.44915e-17 8.83609e-19
14895.2 3.64449e-17 1.04759e-18
14902.2 3.25682e-17 1.00525e-18
14909.1 2.70529e-17 9.87285e-19
14916 3.04433e-17 9.48456e-19
14923 2.90334e-17 9.04076e-19
14929.9 2.68207e-17 9.47796e-19
14936.8 3.51556e-17 9.96168e-19
14943.8 3.22575e-17 9.83666e-19
14950.7 3.29428e-17 1.01e-18
14957.6 2.99227e-17 8.87441e-19
14964.6 3.19168e-17 8.95009e-19
14971.5 3.06265e-17 8.73217e-19
14978.4 3.27064e-17 8.72283e-19
14985.4 3.18409e-17 9.60266e-19
14992.3 2.89164e-17 9.83627e-19
14999.2 2.84024e-17 9.45702e-19
15006.2 3.74126e-17 1.01889e-18
15013.1 3.56707e-17 9.82885e-19
15020 3.7125e-17 1.10322e-18
15027 3.98478e-17 1.38452e-18
15033.9 3.82673e-17 1.04e-18
15040.8 2.297e-17 1.26863e-18
15047.7 3.00298e-17 9.70827e-19
15054.7 3.85528e-17 1.42802e-18
15061.6 4.32306e-17 1.15894e-18
15068.5 3.64954e-17 1.23892e-18
15075.5 3.28908e-17 1.20136e-18
15082.4 2.81841e-17 8.75446e-19
15089.3 4.01728e-17 1.12108e-18
15096.3 3.09061e-17 8.80912e-19
15103.2 2.74804e-17 8.69058e-19
15110.1 3.18982e-17 9.23696e-19
15117.1 2.90345e-17 9.99381e-19
15124 3.66375e-17 9.44194e-19
15130.9 2.5315e-17 1.06387e-18
15137.9 2.75797e-17 8.70427e-19
15144.8 3.22131e-17 1.03238e-18
15151.7 3.19187e-17 8.53882e-19
15158.7 3.39469e-17 1.01137e-18
15165.6 3.68124e-17 1.04231e-18
15172.5 3.9224e-17 1.25954e-18
15179.5 3.50504e-17 9.19511e-19
15186.4 3.53229e-17 8.84351e-19
15193.3 3.60866e-17 8.9619e-19
15200.2 3.24572e-17 8.98721e-19
15207.2 3.19992e-17 9.07889e-19
15214.1 3.48301e-17 1.15526e-18
15221 3.62123e-17 1.0042e-18
15228 3.05608e-17 1.03849e-18
15234.9 4.37304e-17 1.07819e-18
15241.8 1.89915e-17 1.10624e-18
15248.8 5.12669e-17 1.64094e-18
15255.7 3.43115e-17 9.91321e-19
15262.6 2.65714e-17 8.37885e-19
15269.6 3.39672e-17 9.33025e-19
15276.5 2.67466e-17 9.74913e-19
15283.4 2.96675e-17 1.04737e-18
15290.4 2.80629e-17 9.29219e-19
15297.3 3.27419e-17 8.44972e-19
15304.2 3.57021e-17 9.02485e-19
15311.2 3.19346e-17 9.85203e-19
15318.1 1.3839e-17 1.07033e-18
15325 2.61497e-17 8.31888e-19
15332 3.85987e-17 1.33041e-18
15338.9 3.66588e-17 1.08979e-18
15345.8 1.90528e-17 9.7459e-19
15352.8 1.82986e-17 9.98419e-19
15359.7 2.56253e-17 8.7007e-19
15366.6 2.9235e-17 9.50792e-19
15373.5 3.52082e-17 9.32456e-19
15380.5 3.19601e-17 1.05461e-18
15387.4 2.74694e-17 9.37952e-19
15394.3 3.24864e-17 1.01296e-18
15401.3 2.52166e-17 9.37731e-19
15408.2 2.20573e-17 1.10884e-18
15415.1 3.15903e-17 1.00138e-18
15422.1 2.86679e-17 9.93118e-19
15429 2.81277e-17 1.02474e-18
15435.9 3.52145e-17 1.01254e-18
15442.9 2.90974e-17 9.37947e-19
15449.8 2.76953e-17 9.07713e-19
15456.7 2.69044e-17 8.44508e-19
15463.7 2.80627e-17 8.39446e-19
15470.6 2.72781e-17 9.25356e-19
15477.5 3.0766e-17 8.89915e-19
15484.5 2.62728e-17 8.19012e-19
15491.4 2.5064e-17 8.65992e-19
15498.3 2.79492e-17 8.55385e-19
15505.3 2.39787e-17 8.35114e-19
15512.2 1.27654e-17 1.02705e-18
15519.1 4.15697e-17 1.11543e-18
15526 3.34082e-17 1.21153e-18
15533 3.00179e-17 9.38666e-19
15539.9 2.44829e-17 8.74069e-19
15546.8 2.76854e-17 9.0881e-19
15553.8 3.29615e-17 8.42877e-19
15560.7 2.95263e-17 8.06611e-19
15567.6 2.64938e-17 9.41448e-19
15574.6 2.80201e-17 8.75566e-19
15581.5 2.74545e-17 1.02903e-18
15588.4 3.04809e-17 8.90879e-19
15595.4 4.42167e-18 8.15178e-19
15602.3 2.24067e-17 1.01073e-18
15609.2 2.33222e-17 9.07397e-19
15616.2 2.851e-17 8.82363e-19
15623.1 2.08472e-17 8.82667e-19
15630 1.24072e-17 7.71472e-19
15637 2.27436e-17 8.67266e-19
15643.9 2.4751e-17 9.25421e-19
15650.8 1.75167e-17 9.3531e-19
15657.8 2.24665e-17 7.51189e-19
15664.7 2.32086e-17 1.08847e-18
15671.6 1.78562e-17 7.32573e-19
15678.5 1.777e-17 7.89078e-19
15685.5 2.85839e-17 1.08446e-18
15692.4 1.02111e-17 1.16717e-18
15699.3 1.88614e-17 8.14167e-19
15706.3 1.53049e-17 8.15314e-19
15713.2 1.97409e-17 8.57903e-19
15720.1 2.63041e-17 8.77195e-19
15727.1 1.95951e-17 8.08169e-19
15734 2.18148e-17 8.22457e-19
15740.9 2.47333e-17 8.43194e-19
15747.9 2.8329e-17 8.73709e-19
15754.8 2.54504e-17 8.92281e-19
15761.7 2.1949e-17 8.62765e-19
15768.7 2.16659e-17 8.38734e-19
15775.6 2.56491e-17 8.73093e-19
15782.5 2.97497e-17 9.25626e-19
15789.5 1.92844e-17 8.34691e-19
15796.4 1.5862e-17 8.38383e-19
15803.3 2.99258e-17 9.70869e-19
15810.3 1.37411e-17 7.3065e-19
15817.2 1.82415e-17 7.82218e-19
15824.1 1.30641e-17 1.20498e-18
15831 2.7527e-17 8.52898e-19
15838 5.31611e-17 1.40851e-18
15844.9 3.74172e-17 1.0584e-18
15851.8 2.31473e-17 7.98251e-19
15858.8 2.41848e-17 8.74511e-19
15865.7 2.91371e-17 8.94514e-19
15872.6 3.12866e-17 9.31601e-19
15879.6 2.67173e-17 8.52202e-19
15886.5 2.56215e-17 8.2156e-19
15893.4 2.22369e-17 8.66505e-19
15900.4 2.19513e-17 7.5232e-19
15907.3 2.34254e-17 7.82717e-19
15914.2 2.63493e-17 8.3848e-19
15921.2 2.39518e-17 8.01287e-19
15928.1 2.72889e-17 8.25733e-19
15935 2.55883e-17 8.14097e-19
15942 2.43583e-17 8.22402e-19
15948.9 2.7162e-17 8.45713e-19
15955.8 2.04335e-17 7.95869e-19
15962.8 1.64041e-17 7.95617e-19
15969.7 2.12554e-17 7.77343e-19
15976.6 3.39057e-17 9.18899e-19
15983.6 2.42423e-17 8.18775e-19
15990.5 1.98622e-17 8.38406e-19
15997.4 2.51099e-17 9.66113e-19
16004.3 1.81007e-17 1.00351e-18
16011.3 3.1283e-17 1.0995e-18
16018.2 2.13894e-17 9.05015e-19
16025.1 1.46843e-17 1.18955e-18
16032.1 3.41091e-17 1.28108e-18
16039 3.00233e-17 1.06046e-18
16045.9 2.32572e-17 1.09057e-18
16052.9 2.74886e-17 9.07352e-19
16059.8 3.29105e-17 1.06036e-18
16066.7 2.03086e-17 9.57425e-19
16073.7 2.62694e-17 1.04321e-18
16080.6 2.46973e-17 9.25801e-19
16087.5 2.86882e-17 1.3186e-18
16094.5 2.86978e-17 8.75792e-19
16101.4 1.8078e-17 1.01616e-18
16108.3 3.01829e-17 1.28326e-18
16115.3 3.66195e-17 1.15318e-18
16122.2 2.38508e-17 1.01064e-18
16129.1 1.97694e-17 8.93226e-19
16136.1 2.56509e-17 8.6753e-19
16143 3.06322e-17 9.09126e-19
16149.9 2.86435e-17 8.36144e-19
16156.8 2.74432e-17 8.29565e-19
16163.8 2.82062e-17 8.96451e-19
16170.7 3.1116e-17 1.00883e-18
16177.6 2.50722e-17 8.25533e-19
16184.6 2.12925e-17 8.4785e-19
16191.5 2.8926e-17 9.33072e-19
16198.4 3.07833e-17 9.44929e-19
16205.4 3.11038e-17 8.83642e-19
16212.3 2.51057e-17 8.24856e-19
16219.2 3.41771e-17 1.10042e-18
16226.2 3.30123e-17 9.49189e-19
16233.1 2.4558e-17 8.90453e-19
16240 1.4349e-17 1.32168e-18
16247 3.052e-17 8.69426e-19
16253.9 2.90061e-17 1.06952e-18
16260.8 2.58209e-17 8.82703e-19
16267.8 2.70872e-17 8.29383e-19
16274.7 2.54568e-17 8.1605e-19
16281.6 2.55049e-17 8.06033e-19
16288.6 2.33958e-17 9.09258e-19
16295.5 2.50099e-17 8.44392e-19
16302.4 1.47858e-17 8.73922e-19
16309.4 2.84588e-17 8.60285e-19
16316.3 2.76895e-17 8.95119e-19
16323.2 2.70537e-17 9.61143e-19
16330.1 2.23399e-17 7.95896e-19
16337.1 2.65784e-17 9.23608e-19
16344 2.92231e-17 1.00452e-18
16350.9 3.81011e-17 9.4077e-19
16357.9 2.38697e-17 8.14179e-19
16364.8 2.54673e-17 8.81442e-19
16371.7 3.32116e-17 9.26974e-19
16378.7 2.39954e-17 8.69676e-19
16385.6 1.99876e-17 1.03605e-18
16392.5 3.04501e-17 1.1008e-18
16399.5 2.62033e-17 8.23567e-19
16406.4 2.92671e-17 9.56634e-19
16413.3 2.80475e-17 8.46592e-19
16420.3 2.53058e-17 8.64282e-19
16427.2 2.83282e-17 9.62443e-19
16434.1 2.84526e-17 8.76626e-19
16441.1 3.28755e-17 1.00282e-18
16448 3.47261e-17 9.90084e-19
16454.9 3.38072e-17 8.55915e-19
16461.9 3.50252e-17 8.66177e-19
16468.8 3.51505e-17 8.69276e-19
