5216.32 6.8321e-17 1.73908e-18
5221.03 9.15503e-17 2.33037e-18
5225.74 1.54433e-16 3.93101e-18
5230.45 1.24437e-16 3.16748e-18
5235.16 1.462e-16 3.72144e-18
5239.87 1.58941e-16 4.04578e-18
5244.59 1.54717e-16 3.93826e-18
5249.3 9.57173e-17 2.43644e-18
5254.01 9.16536e-17 2.333e-18
5258.72 1.99047e-16 5.06664e-18
5263.43 2.15489e-16 5.48517e-18
5268.14 1.7581e-16 4.47517e-18
5272.85 1.55433e-16 3.95647e-18
5277.56 1.81384e-16 4.61704e-18
5282.27 1.60402e-16 4.08295e-18
5286.98 1.75892e-16 4.47724e-18
5291.69 1.35205e-16 3.44158e-18
5296.41 1.58766e-16 4.04132e-18
5301.12 2.07094e-16 5.27147e-18
5305.83 1.4817e-16 3.77161e-18
5310.54 1.4074e-16 3.58247e-18
5315.25 1.16465e-16 2.96457e-18
5319.96 1.37944e-16 3.51129e-18
5324.67 1.42708e-16 3.63257e-18
5329.38 2.02327e-16 5.15015e-18
5334.09 1.78599e-16 4.54616e-18
5338.8 1.8498e-16 4.70858e-18
5343.52 1.70045e-16 4.32842e-18
5348.23 1.61898e-16 4.12103e-18
5352.94 1.74901e-16 4.45203e-18
5357.65 1.79223e-16 4.56203e-18
5362.36 1.6416e-16 4.17861e-18
5367.07 1.62867e-16 4.14569e-18
5371.78 1.71822e-16 4.37365e-18
5376.49 1.71549e-16 4.36669e-18
5381.2 2.10488e-16 5.35787e-18
5385.91 2.06874e-16 5.26588e-18
5390.62 1.67065e-16 4.25255e-18
5395.34 1.68773e-16 4.29604e-18
5400.05 1.88456e-16 4.79706e-18
5404.76 1.05531e-16 2.68624e-18
5409.47 1.28158e-16 3.2622e-18
5414.18 1.92948e-16 4.91139e-18
5418.89 1.7102e-16 4.35324e-18
5423.6 1.65501e-16 4.21276e-18
5428.31 1.57891e-16 4.01903e-18
5433.02 2.02762e-16 5.16121e-18
5437.73 1.62296e-16 4.13118e-18
5442.44 1.51645e-16 3.86004e-18
5447.16 2.06163e-16 5.24778e-18
5451.87 2.44603e-16 6.22626e-18
5456.58 1.74247e-16 4.43537e-18
5461.29 1.34459e-16 3.42259e-18
5466 1.68418e-16 4.28701e-18
5470.71 1.58123e-16 4.02495e-18
5475.42 1.42331e-16 3.62298e-18
5480.13 1.44044e-16 3.66658e-18
5484.84 1.20626e-16 3.07047e-18
5489.55 1.56209e-16 3.97622e-18
5494.27 1.87506e-16 4.77287e-18
5498.98 1.42075e-16 3.61646e-18
5503.69 1.83343e-16 4.66692e-18
5508.4 2.10165e-16 5.34966e-18
5513.11 2.27575e-16 5.79282e-18
5517.82 1.905e-16 4.84908e-18
5522.53 1.37902e-16 3.51024e-18
5527.24 2.02094e-16 5.14422e-18
5531.95 2.37381e-16 6.04241e-18
5536.66 2.37978e-16 6.05761e-18
5541.37 2.34084e-16 5.95849e-18
5546.09 2.62849e-16 6.69071e-18
5550.8 2.9325e-16 7.46453e-18
5555.51 2.5398e-16 6.46495e-18
5560.22 2.51021e-16 6.38962e-18
5564.93 2.3882e-16 6.07905e-18
5569.64 2.03657e-16 5.184e-18
5574.35 2.41096e-16 6.13699e-18
5579.06 2.27169e-16 5.78247e-18
5583.77 1.83646e-16 4.67462e-18
5588.48 2.62378e-16 6.67872e-18
5593.19 3.35833e-16 8.54847e-18
5597.91 4.07538e-16 1.03737e-17
5602.62 4.02545e-16 1.02466e-17
5607.33 2.8427e-16 7.23595e-18
5612.04 2.28357e-16 5.81271e-18
5616.75 2.51566e-16 6.4035e-18
5621.46 2.78968e-16 7.10099e-18
5626.17 2.43987e-16 6.21058e-18
5630.88 1.98212e-16 5.04539e-18
5635.59 2.66177e-16 6.7754e-18
5640.3 2.62673e-16 6.68622e-18
5645.02 2.70103e-16 6.87535e-18
5649.73 2.75233e-16 7.00593e-18
5654.44 2.41702e-16 6.15241e-18
5659.15 2.63297e-16 6.70211e-18
5663.86 3.11066e-16 7.91803e-18
5668.57 2.85021e-16 7.25507e-18
5673.28 2.47048e-16 6.2885e-18
5677.99 2.46401e-16 6.27203e-18
5682.7 2.99264e-16 7.61762e-18
5687.41 3.25848e-16 8.29431e-18
5692.12 2.68249e-16 6.82814e-18
5696.84 2.52289e-16 6.42191e-18
5701.55 2.60769e-16 6.63775e-18
5706.26 3.12865e-16 7.96384e-18
5710.97 2.80714e-16 7.14545e-18
5715.68 2.40753e-16 6.12825e-18
5720.39 2.96513e-16 7.5476e-18
5725.1 3.00941e-16 7.6603e-18
5729.81 3.49824e-16 8.9046e-18
5734.52 2.99803e-16 7.63135e-18
5739.23 2.90647e-16 7.39827e-18
5743.94 3.24712e-16 8.26538e-18
5748.66 3.42652e-16 8.72204e-18
5753.37 3.47538e-16 8.84642e-18
5758.08 3.22524e-16 8.2097e-18
5762.79 3.52074e-16 8.96188e-18
5767.5 3.07867e-16 7.8366e-18
5772.21 3.30612e-16 8.41557e-18
5776.92 3.1437e-16 8.00214e-18
5781.63 3.25829e-16 8.29383e-18
5786.34 3.58926e-16 9.13629e-18
5791.05 3.46593e-16 8.82236e-18
5795.77 3.51998e-16 8.95995e-18
5800.48 3.3248e-16 8.46311e-18
5805.19 3.57375e-16 9.09682e-18
5809.9 2.33704e-16 5.94882e-18
5814.61 2.79086e-16 7.104e-18
5819.32 2.52157e-16 6.41853e-18
5824.03 3.10745e-16 7.90987e-18
5828.74 3.62031e-16 9.21534e-18
5833.45 2.40597e-16 6.12429e-18
5838.16 2.35185e-16 5.98653e-18
5842.88 1.97995e-16 5.03988e-18
5847.59 1.67614e-16 4.26654e-18
5852.3 2.19189e-16 5.57934e-18
5857.01 3.0165e-16 7.67836e-18
5861.72 2.76852e-16 7.04713e-18
5866.43 3.13022e-16 7.96782e-18
5871.14 2.00625e-16 5.10681e-18
5875.85 2.52847e-16 6.4361e-18
5880.56 2.16494e-16 5.51075e-18
5885.27 2.0139e-16 5.12628e-18
5889.98 2.41193e-16 6.13945e-18
5894.7 2.28508e-16 5.81656e-18
5899.41 2.65771e-16 6.76507e-18
5904.12 2.53875e-16 6.46226e-18
5908.83 2.60953e-16 6.64242e-18
5913.54 2.82276e-16 7.18521e-18
5918.25 2.38539e-16 6.0719e-18
5922.96 2.04519e-16 5.20594e-18
5927.67 1.76893e-16 4.50274e-18
5932.38 1.91736e-16 4.88054e-18
5937.09 2.10464e-16 5.35725e-18
5941.8 2.65851e-16 6.76712e-18
5946.52 3.03544e-16 7.72658e-18
5951.23 3.03777e-16 7.73251e-18
5955.94 1.8991e-16 4.83407e-18
5960.65 2.08982e-16 5.31953e-18
5965.36 2.69661e-16 6.8641e-18
5970.07 2.45484e-16 6.24867e-18
5974.78 2.59266e-16 6.5995e-18
5979.49 2.2718e-16 5.78277e-18
5984.2 2.60806e-16 6.63869e-18
5988.91 2.20741e-16 5.61885e-18
5993.62 2.5664e-16 6.53265e-18
5998.34 2.57353e-16 6.55081e-18
6003.05 2.62227e-16 6.67486e-18
6007.76 2.8744e-16 7.31665e-18
6012.47 2.53956e-16 6.46434e-18
6017.18 2.18407e-16 5.55945e-18
6021.89 1.69745e-16 4.32078e-18
6026.6 2.19747e-16 5.59356e-18
6031.31 2.01042e-16 5.11744e-18
6036.02 2.25791e-16 5.74741e-18
6040.73 2.50276e-16 6.37067e-18
6045.45 1.76855e-16 4.50176e-18
6050.16 2.06924e-16 5.26716e-18
6054.87 1.51021e-16 3.84418e-18
6059.58 1.98886e-16 5.06256e-18
6064.29 2.45321e-16 6.24453e-18
6069 1.91699e-16 4.87962e-18
6073.71 1.92878e-16 4.90962e-18
6078.42 2.08504e-16 5.30738e-18
6083.13 1.49018e-16 3.79317e-18
6087.84 1.36538e-16 3.4755e-18
6092.55 1.5474e-16 3.93883e-18
6097.27 1.73736e-16 4.42238e-18
6101.98 1.92406e-16 4.8976e-18
6106.69 1.85868e-16 4.73119e-18
6111.4 1.88029e-16 4.78619e-18
6116.11 1.83469e-16 4.67012e-18
6120.82 1.56754e-16 3.9901e-18
6125.53 1.69911e-16 4.32501e-18
6130.24 1.65277e-16 4.20706e-18
6134.95 1.95312e-16 4.97158e-18
6139.66 2.29868e-16 5.85117e-18
6144.38 2.10605e-16 5.36084e-18
6149.09 1.78885e-16 4.55344e-18
6153.8 1.8742e-16 4.77068e-18
6158.51 1.52954e-16 3.89338e-18
6163.22 1.97007e-16 5.01472e-18
6167.93 2.24635e-16 5.71799e-18
6172.64 1.61612e-16 4.11375e-18
6177.35 1.82454e-16 4.64429e-18
6182.06 1.81516e-16 4.62041e-18
6186.77 1.63818e-16 4.16992e-18
6191.48 1.84173e-16 4.68803e-18
6196.2 1.85245e-16 4.71532e-18
6200.91 1.35083e-16 3.43848e-18
6205.62 1.63945e-16 4.17313e-18
6210.33 1.79246e-16 4.56262e-18
6215.04 1.31215e-16 3.34001e-18
6219.75 1.21921e-16 3.10344e-18
6224.46 1.37871e-16 3.50943e-18
6229.17 1.17015e-16 2.97856e-18
6233.88 1.10188e-16 2.80479e-18
6238.59 8.57804e-17 2.1835e-18
6243.3 1.54415e-16 3.93057e-18
6248.02 1.75238e-16 4.46059e-18
6252.73 1.4101e-16 3.58934e-18
6257.44 1.10505e-16 2.81286e-18
6262.15 1.17247e-16 2.98447e-18
6266.86 7.45757e-17 1.89829e-18
6271.57 4.8347e-17 1.23065e-18
6276.28 6.87398e-17 1.74974e-18
6280.99 7.33461e-17 1.86699e-18
6285.7 6.82967e-17 1.73846e-18
6290.41 9.50114e-17 2.41847e-18
6295.12 6.73055e-17 1.71323e-18
6299.84 2.16022e-17 5.49873e-19
6304.55 4.36162e-17 1.11023e-18
6309.26 8.17269e-17 2.08032e-18
6313.97 7.6113e-17 1.93742e-18
6318.68 8.80613e-17 2.24156e-18
6323.39 7.81358e-17 1.98891e-18
6328.1 6.91185e-17 1.75938e-18
6332.81 6.34194e-17 1.61431e-18
6337.52 9.36702e-17 2.38433e-18
6342.23 1.03035e-16 2.62271e-18
6346.95 1.01699e-16 2.58871e-18
6351.66 8.33416e-17 2.12142e-18
6356.37 1.05708e-16 2.69076e-18
6361.08 1.49323e-16 3.80095e-18
6365.79 1.49015e-16 3.79311e-18
6370.5 1.62875e-16 4.14589e-18
6375.21 9.58552e-17 2.43995e-18
6379.92 1.15682e-16 2.94464e-18
6384.63 1.52881e-16 3.89152e-18
6389.34 1.26859e-16 3.22913e-18
6394.05 1.58025e-16 4.02245e-18
6398.77 1.40123e-16 3.56677e-18
6403.48 1.72434e-16 4.38922e-18
6408.19 1.84725e-16 4.7021e-18
6412.9 1.72025e-16 4.37881e-18
6417.61 1.41013e-16 3.58943e-18
6422.32 1.38777e-16 3.5325e-18
6427.03 1.28627e-16 3.27413e-18
6431.74 1.84027e-16 4.68432e-18
6436.45 1.38785e-16 3.5327e-18
6441.16 2.27674e-16 5.79533e-18
6445.88 2.2003e-16 5.60075e-18
6450.59 1.7303e-16 4.40439e-18
6455.3 2.13043e-16 5.42292e-18
6460.01 1.47366e-16 3.75113e-18
6464.72 1.62179e-16 4.1282e-18
6469.43 1.93288e-16 4.92005e-18
6474.14 1.66872e-16 4.24765e-18
6478.85 1.71293e-16 4.36018e-18
6483.56 1.9718e-16 5.01913e-18
6488.27 1.97663e-16 5.03142e-18
6492.98 2.18801e-16 5.56948e-18
6497.7 1.88831e-16 4.8066e-18
6502.41 1.71797e-16 4.37302e-18
6507.12 2.01544e-16 5.1302e-18
6511.83 2.09662e-16 5.33686e-18
6516.54 1.8314e-16 4.66173e-18
6521.25 2.56502e-16 6.52915e-18
6525.96 2.20526e-16 5.61339e-18
6530.67 2.36512e-16 6.0203e-18
6535.38 2.71235e-16 6.90416e-18
6540.09 2.65375e-16 6.755e-18
6544.81 2.69242e-16 6.85342e-18
6549.52 2.31778e-16 5.89981e-18
6554.23 2.70926e-16 6.89629e-18
6558.94 2.89045e-16 7.35751e-18
6563.65 2.64721e-16 6.73834e-18
6568.36 2.23771e-16 5.69598e-18
6573.07 3.1714e-16 8.07265e-18
6577.78 2.63748e-16 6.71358e-18
6582.49 2.73619e-16 6.96483e-18
6587.2 2.46661e-16 6.27864e-18
6591.91 2.44762e-16 6.2303e-18
6596.63 3.08817e-16 7.8608e-18
6601.34 2.9503e-16 7.50986e-18
6606.05 2.49795e-16 6.35841e-18
6610.76 2.26587e-16 5.76767e-18
6615.47 3.00751e-16 7.65547e-18
6620.18 2.66016e-16 6.7713e-18
6624.89 2.16657e-16 5.51491e-18
6629.6 2.84791e-16 7.24922e-18
6634.31 2.72061e-16 6.92519e-18
6639.02 2.60478e-16 6.63034e-18
6643.73 3.30797e-16 8.42027e-18
6648.45 3.09375e-16 7.875e-18
6653.16 2.59912e-16 6.61595e-18
6657.87 3.13825e-16 7.98826e-18
6662.58 2.82901e-16 7.20112e-18
6667.29 2.62943e-16 6.69309e-18
6672 3.24307e-16 8.25509e-18
6676.71 3.62194e-16 9.21948e-18
6681.42 3.28187e-16 8.35384e-18
6686.13 3.18049e-16 8.09579e-18
6690.84 3.24413e-16 8.25779e-18
6695.56 3.12936e-16 7.96565e-18
6700.27 2.70825e-16 6.89373e-18
6704.98 2.2781e-16 5.7988e-18
6709.69 2.7752e-16 7.06414e-18
6714.4 2.9331e-16 7.46607e-18
6719.11 2.33816e-16 5.95168e-18
6723.82 2.46724e-16 6.28025e-18
6728.53 2.85192e-16 7.25942e-18
6733.24 2.95122e-16 7.51219e-18
6737.95 3.20914e-16 8.16872e-18
6742.66 3.25326e-16 8.28103e-18
6747.38 2.43182e-16 6.19009e-18
6752.09 2.83055e-16 7.20504e-18
6756.8 3.4228e-16 8.71258e-18
6761.51 2.50027e-16 6.36432e-18
6766.22 2.73441e-16 6.96032e-18
6770.93 2.691e-16 6.84981e-18
6775.64 2.57882e-16 6.56426e-18
6780.35 2.71247e-16 6.90446e-18
6785.06 3.06854e-16 7.81082e-18
6789.77 3.1434e-16 8.00137e-18
6794.48 2.32467e-16 5.91733e-18
6799.2 1.99077e-16 5.06743e-18
6803.91 2.44342e-16 6.21962e-18
6808.62 2.7608e-16 7.02748e-18
6813.33 3.47254e-16 8.83919e-18
6818.04 2.6066e-16 6.63497e-18
6822.75 2.42985e-16 6.18508e-18
6827.46 2.39892e-16 6.10635e-18
6832.17 2.51447e-16 6.40046e-18
6836.88 2.37027e-16 6.03342e-18
6841.59 2.26845e-16 5.77424e-18
6846.31 2.15257e-16 5.47927e-18
6851.02 2.01904e-16 5.13937e-18
6855.73 3.10266e-16 7.89767e-18
6860.44 4.69979e-16 1.19631e-17
6865.15 2.20483e-16 5.6123e-18
6869.86 2.0289e-16 5.16447e-18
6874.57 1.90889e-16 4.85898e-18
6879.28 2.28551e-16 5.81765e-18
6883.99 2.93337e-16 7.46677e-18
6888.7 2.08552e-16 5.30859e-18
6893.41 1.54049e-16 3.92125e-18
6898.13 1.73635e-16 4.4198e-18
6902.84 2.44285e-16 6.21817e-18
6907.55 2.87487e-16 7.31784e-18
6912.26 2.26304e-16 5.76047e-18
6916.97 2.15115e-16 5.47566e-18
6921.68 2.22112e-16 5.65376e-18
6926.39 2.1804e-16 5.5501e-18
6931.1 1.51819e-16 3.86446e-18
6935.81 1.79995e-16 4.58168e-18
6940.52 2.3908e-16 6.08567e-18
6945.23 2.67998e-16 6.82176e-18
6949.95 2.38159e-16 6.06222e-18
6954.66 1.97968e-16 5.03919e-18
6959.37 2.35396e-16 5.9919e-18
6964.08 1.53576e-16 3.9092e-18
6968.79 1.31131e-16 3.33787e-18
6973.5 1.63369e-16 4.15848e-18
6978.21 1.43513e-16 3.65306e-18
6982.92 1.90006e-16 4.83651e-18
6987.63 2.07247e-16 5.27537e-18
6992.34 2.27106e-16 5.78088e-18
6997.06 2.72731e-16 6.94224e-18
7001.77 1.96749e-16 5.00815e-18
7006.48 2.05348e-16 5.22703e-18
7011.19 2.68211e-16 6.82718e-18
7015.9 1.92275e-16 4.89427e-18
7020.61 2.00118e-16 5.09392e-18
7025.32 2.05772e-16 5.23784e-18
7030.03 2.35406e-16 5.99215e-18
7034.74 2.14488e-16 5.4597e-18
7039.45 1.95667e-16 4.98062e-18
7044.16 2.29016e-16 5.82949e-18
7048.88 2.75921e-16 7.02344e-18
7053.59 1.64764e-16 4.19399e-18
7058.3 1.89501e-16 4.82366e-18
7063.01 1.78003e-16 4.53098e-18
7067.72 2.25925e-16 5.75081e-18
7072.43 2.57166e-16 6.54604e-18
7077.14 2.20992e-16 5.62525e-18
7081.85 2.31835e-16 5.90126e-18
7086.56 2.47632e-16 6.30335e-18
7091.27 2.61808e-16 6.6642e-18
7095.98 2.387e-16 6.076e-18
7100.7 2.30396e-16 5.86462e-18
7105.41 2.32667e-16 5.92243e-18
7110.12 2.52921e-16 6.43798e-18
7114.83 2.23237e-16 5.68239e-18
7119.54 1.57167e-16 4.00062e-18
7124.25 1.83398e-16 4.66831e-18
7128.96 2.13017e-16 5.42226e-18
7133.67 2.26277e-16 5.75978e-18
7138.38 2.18466e-16 5.56094e-18
7143.09 1.66562e-16 4.23975e-18
7147.81 2.25216e-16 5.73277e-18
7152.52 1.77987e-16 4.53058e-18
7157.23 2.22305e-16 5.65866e-18
7161.94 1.61301e-16 4.10585e-18
7166.65 1.16903e-16 2.97571e-18
7171.36 1.47026e-16 3.74248e-18
7176.07 1.56194e-16 3.97585e-18
7180.78 1.8302e-16 4.65868e-18
7185.49 1.27707e-16 3.25071e-18
7190.2 1.10343e-16 2.80872e-18
7194.92 1.46704e-16 3.73429e-18
7199.63 1.36605e-16 3.47722e-18
7204.34 6.48085e-17 1.64967e-18
7209.05 8.71507e-17 2.21838e-18
7213.76 1.08712e-16 2.76721e-18
7218.47 1.78377e-16 4.54051e-18
7223.18 2.19605e-16 5.58993e-18
7227.89 1.3333e-16 3.39386e-18
7232.6 1.48397e-16 3.77738e-18
7237.31 1.4935e-16 3.80163e-18
7242.02 1.81947e-16 4.63137e-18
7246.74 1.44237e-16 3.67148e-18
7251.45 1.02863e-16 2.61832e-18
7256.16 1.95829e-16 4.98473e-18
7260.87 1.46647e-16 3.73282e-18
7265.58 1.19514e-16 3.04218e-18
7270.29 1.63563e-16 4.16343e-18
7275 1.91551e-16 4.87585e-18
7279.71 1.08429e-16 2.76001e-18
7284.42 6.42723e-17 1.63602e-18
7289.13 1.51018e-16 3.84408e-18
7293.84 2.2457e-16 5.71632e-18
7298.56 1.49774e-16 3.81243e-18
7303.27 1.132e-16 2.88146e-18
7307.98 1.29633e-16 3.29974e-18
7312.69 1.23712e-16 3.14904e-18
7317.4 2.10256e-16 5.35197e-18
7322.11 1.92332e-16 4.89571e-18
7326.82 2.3875e-16 6.07726e-18
7331.53 1.7861e-16 4.54643e-18
7336.24 1.50164e-16 3.82235e-18
7340.95 1.92237e-16 4.89331e-18
7345.67 1.93548e-16 4.92668e-18
7350.38 2.24149e-16 5.70561e-18
7355.09 1.73706e-16 4.42161e-18
7359.8 2.20904e-16 5.62301e-18
7364.51 3.55747e-16 9.05536e-18
7369.22 2.43812e-16 6.20612e-18
7373.93 1.93292e-16 4.92016e-18
7378.64 1.70909e-16 4.3504e-18
7383.35 1.87026e-16 4.76066e-18
7388.06 1.80548e-16 4.59577e-18
7392.77 1.65579e-16 4.21473e-18
7397.49 1.11599e-16 2.84069e-18
7402.2 1.16489e-16 2.96516e-18
7406.91 1.05741e-16 2.6916e-18
7411.62 1.57373e-16 4.00585e-18
7416.33 1.63148e-16 4.15286e-18
7421.04 2.10902e-16 5.36842e-18
7425.75 2.08528e-16 5.30798e-18
7430.46 2.09523e-16 5.3333e-18
7435.17 1.63391e-16 4.15905e-18
7439.88 1.35605e-16 3.45176e-18
7444.59 1.57409e-16 4.00677e-18
7449.31 1.00559e-16 2.55968e-18
7454.02 1.65719e-16 4.21831e-18
7458.73 1.20704e-16 3.07246e-18
7463.44 1.62025e-16 4.12427e-18
7468.15 2.00773e-16 5.11059e-18
7472.86 1.19803e-16 3.04954e-18
7477.57 1.46995e-16 3.74168e-18
7482.28 1.40225e-16 3.56936e-18
7486.99 1.68176e-16 4.28085e-18
7491.7 1.19518e-16 3.04228e-18
7496.42 1.40943e-16 3.58764e-18
7501.13 1.11282e-16 2.83263e-18
7505.84 1.00122e-16 2.54857e-18
7510.55 1.7042e-16 4.33797e-18
7515.26 1.29443e-16 3.29492e-18
7519.97 1.34772e-16 3.43056e-18
7524.68 1.5414e-16 3.92355e-18
7529.39 1.73426e-16 4.41447e-18
7534.1 1.4154e-16 3.60283e-18
7538.81 1.04165e-16 2.65146e-18
7543.52 7.14824e-17 1.81955e-18
7548.24 1.18111e-16 3.00647e-18
7552.95 1.31318e-16 3.34263e-18
7557.66 5.52609e-17 1.40664e-18
7562.37 7.76314e-17 1.97607e-18
7567.08 1.9629e-17 4.99648e-19
7571.79 -1.04627e-17 -2.66322e-19
7576.5 4.19807e-17 1.0686e-18
7581.21 5.16721e-17 1.31529e-18
7585.92 2.34491e-17 5.96885e-19
7590.63 3.49539e-17 8.89735e-19
7595.34 7.48684e-18 1.90573e-19
7600.06 -1.86147e-17 -4.73829e-19
7604.77 1.41466e-17 3.60094e-19
7609.48 1.05182e-17 2.67735e-19
7614.19 -3.22812e-17 -8.21702e-19
7618.9 -6.17819e-17 -1.57263e-18
7623.61 -6.64019e-17 -1.69023e-18
7628.32 -5.13905e-19 -1.30812e-20
7633.03 6.50572e-17 1.656e-18
7637.74 8.98477e-17 2.28703e-18
7642.45 7.36659e-17 1.87513e-18
7647.17 2.21289e-17 5.63281e-19
7651.88 4.07617e-17 1.03757e-18
7656.59 7.0074e-17 1.7837e-18
7661.3 2.52654e-17 6.4312e-19
7666.01 6.89987e-17 1.75633e-18
7670.72 5.63067e-17 1.43326e-18
7675.43 6.87504e-17 1.75001e-18
7680.14 8.75628e-17 2.22887e-18
7684.85 7.17589e-17 1.82659e-18
7689.56 6.72702e-17 1.71233e-18
7694.27 1.2016e-16 3.05862e-18
7698.99 2.10681e-17 5.36278e-19
7703.7 5.64002e-17 1.43564e-18
7708.41 2.01113e-16 5.11924e-18
7713.12 2.20158e-16 5.60401e-18
7717.83 1.39432e-16 3.54917e-18
7722.54 1.62175e-16 4.12809e-18
7727.25 1.46748e-16 3.7354e-18
7731.96 1.1535e-16 2.93617e-18
7736.67 1.16039e-16 2.95371e-18
7741.38 1.62701e-16 4.14148e-18
7746.09 1.82965e-16 4.65729e-18
7750.81 2.80077e-16 7.12924e-18
7755.52 3.47237e-16 8.83876e-18
7760.23 2.65897e-16 6.76829e-18
7764.94 1.35112e-16 3.43921e-18
7769.65 1.31928e-16 3.35817e-18
7774.36 1.91726e-16 4.8803e-18
7779.07 1.86487e-16 4.74694e-18
7783.78 2.01438e-16 5.1275e-18
7788.49 1.50688e-16 3.83568e-18
7793.2 1.24683e-16 3.17374e-18
7797.92 1.16809e-16 2.97331e-18
7802.63 1.56597e-16 3.98611e-18
7807.34 1.72233e-16 4.38412e-18
7812.05 2.2793e-16 5.80185e-18
7816.76 1.64214e-16 4.18e-18
7821.47 1.28916e-16 3.2815e-18
7826.18 1.32566e-16 3.3744e-18
7830.89 1.44622e-16 3.68129e-18
7835.6 1.62083e-16 4.12575e-18
7840.31 1.84672e-16 4.70073e-18
7845.02 2.01321e-16 5.12452e-18
7849.74 1.38746e-16 3.53172e-18
7854.45 8.46989e-17 2.15597e-18
7859.16 1.29747e-16 3.30264e-18
7863.87 2.16233e-16 5.5041e-18
7868.58 2.05614e-16 5.23381e-18
7873.29 2.7165e-16 6.91471e-18
7878 2.44628e-16 6.22689e-18
7882.71 1.41946e-16 3.61316e-18
7887.42 2.1867e-16 5.56613e-18
7892.13 2.05902e-16 5.24115e-18
7896.85 1.5008e-16 3.82022e-18
7901.56 1.91157e-16 4.8658e-18
7906.27 1.81911e-16 4.63045e-18
7910.98 1.55592e-16 3.96053e-18
7915.69 1.66731e-16 4.24405e-18
7920.4 1.86043e-16 4.73563e-18
7925.11 1.11265e-16 2.83221e-18
