3642.8 1.06627e-17 7.77691e-18
3648.31 2.34043e-17 7.97432e-18
3653.82 -1.26105e-18 8.04954e-18
3659.33 6.45764e-18 8.19398e-18
3664.84 -9.54128e-19 8.15311e-18
3670.35 -4.11711e-18 8.0789e-18
3675.86 -1.89335e-18 8.04235e-18
3681.37 -4.18364e-18 8.07622e-18
3686.88 1.02744e-17 8.0591e-18
3692.39 -3.58656e-18 8.03191e-18
3697.9 -1.50899e-17 8.13301e-18
3703.4 -4.60748e-18 7.99259e-18
3708.91 1.43992e-18 7.82502e-18
3714.42 4.55995e-18 7.6477e-18
3719.93 2.77436e-18 7.52386e-18
3725.44 5.56358e-18 7.36006e-18
3730.95 4.62394e-19 7.13718e-18
3736.46 1.14173e-17 7.04284e-18
3741.97 -3.96191e-18 6.97495e-18
3747.48 -6.84693e-18 6.93164e-18
3752.99 1.01467e-18 6.98687e-18
3758.5 1.4383e-19 7.03201e-18
3764.01 6.28573e-18 7.19942e-18
3769.52 8.44874e-18 7.2494e-18
3775.03 8.89949e-18 7.28903e-18
3780.54 -8.54858e-18 7.20654e-18
3786.05 -8.24147e-18 7.1071e-18
3791.56 1.71682e-17 7.03977e-18
3797.07 4.29776e-18 6.87991e-18
3802.58 -2.00054e-18 6.70712e-18
3808.09 5.12507e-18 6.60031e-18
3813.6 -3.54144e-18 6.43211e-18
3819.11 -4.28961e-18 6.18616e-18
3824.62 -2.72759e-18 5.88418e-18
3830.13 4.30757e-18 5.71954e-18
3835.64 8.0421e-19 5.73221e-18
3841.15 1.10547e-18 5.78389e-18
3846.66 4.69547e-18 5.74437e-18
3852.17 1.17481e-18 5.85019e-18
3857.68 1.27057e-18 5.90397e-18
3863.19 1.74062e-18 5.84915e-18
3868.69 9.94543e-19 5.7932e-18
3874.2 7.09861e-18 5.77564e-18
3879.71 4.35063e-18 5.78472e-18
3885.22 -5.70154e-19 5.84322e-18
3890.73 1.05396e-17 5.95326e-18
3896.24 5.63776e-18 6.02852e-18
3901.75 1.76221e-18 6.16054e-18
3907.26 1.06993e-17 6.28149e-18
3912.77 1.82396e-17 6.26532e-18
3918.28 6.08462e-18 6.04465e-18
3923.79 9.6706e-18 5.75175e-18
3929.3 1.27346e-17 5.47063e-18
3934.81 2.1865e-17 5.37332e-18
3940.32 5.36722e-18 5.30245e-18
3945.83 8.81623e-18 5.47091e-18
3951.34 6.13619e-18 5.64938e-18
3956.85 1.10812e-17 5.672e-18
3962.36 9.62574e-18 5.54986e-18
3967.87 8.70896e-18 5.53387e-18
3973.38 8.46052e-18 5.5469e-18
3978.89 1.33801e-17 5.6674e-18
3984.4 9.04734e-18 5.96385e-18
3989.91 1.82796e-17 6.29885e-18
3995.42 9.30877e-18 6.50136e-18
4000.93 1.38546e-17 6.5562e-18
4006.44 2.04256e-17 6.63693e-18
4011.95 2.52249e-17 6.67443e-18
4017.46 2.52057e-17 6.70456e-18
4022.97 2.8635e-17 6.68638e-18
4028.48 3.26537e-17 6.67491e-18
4033.99 2.74719e-17 6.62014e-18
4039.49 2.73007e-17 6.55936e-18
4045 2.53116e-17 6.5155e-18
4050.51 2.53862e-17 6.45888e-18
4056.02 2.74473e-17 6.41312e-18
4061.53 3.32653e-17 6.3706e-18
4067.04 4.01971e-17 6.36229e-18
4072.55 2.6542e-17 6.30331e-18
4078.06 2.55218e-17 6.31972e-18
4083.57 2.59447e-17 6.36091e-18
4089.08 1.91838e-17 6.3123e-18
4094.59 2.89149e-17 6.27094e-18
4100.1 2.26395e-17 6.23837e-18
4105.61 2.47581e-17 6.21823e-18
4111.12 2.92246e-17 6.2216e-18
4116.63 2.53956e-17 6.21332e-18
4122.14 1.92687e-17 6.23708e-18
4127.65 1.31883e-17 6.26148e-18
4133.16 -7.88908e-18 6.45557e-18
4138.67 -1.6459e-17 8.2049e-18
4144.18 2.22732e-17 6.19348e-18
4149.69 1.79964e-17 6.15577e-18
4155.2 1.71679e-17 6.16263e-18
4160.71 1.75693e-17 6.1405e-18
4166.22 2.08406e-17 6.1023e-18
4171.73 1.62959e-17 6.06111e-18
4177.24 1.59189e-17 6.02919e-18
4182.75 1.25038e-17 5.9758e-18
4188.26 1.53431e-17 5.92535e-18
4193.77 1.51899e-17 5.88031e-18
4199.28 1.43372e-17 5.88306e-18
4204.78 2.42536e-18 5.8665e-18
4210.29 1.24851e-17 5.8996e-18
4215.8 1.25358e-17 5.87688e-18
4221.31 1.05546e-17 5.83727e-18
4226.82 1.39905e-17 5.81662e-18
4232.33 8.83759e-18 5.74953e-18
4237.84 6.14176e-18 5.71453e-18
4243.35 7.45108e-18 5.67398e-18
4248.86 6.44194e-18 5.6496e-18
4254.37 1.03802e-17 5.65525e-18
4259.88 5.92385e-18 5.64193e-18
4265.39 1.22348e-17 5.58669e-18
4270.9 1.25339e-17 5.55823e-18
4276.41 1.01952e-17 5.52373e-18
4281.92 1.14859e-17 5.48557e-18
4287.43 1.21355e-17 5.43172e-18
4292.94 1.63347e-17 5.33996e-18
4298.45 1.11706e-17 5.18542e-18
4303.96 3.49018e-18 5.04288e-18
4309.47 1.40912e-17 5.08815e-18
4314.98 1.87633e-17 5.1529e-18
4320.49 1.64443e-17 5.2199e-18
4326 1.48517e-17 5.34797e-18
4331.51 7.51415e-18 5.42961e-18
4337.02 7.49667e-18 5.44307e-18
4342.53 1.56466e-17 5.43346e-18
4348.04 1.02663e-17 5.44782e-18
4353.55 5.46506e-18 5.45591e-18
4359.06 1.51243e-17 5.50724e-18
4364.57 7.73677e-18 5.55074e-18
4370.08 1.2602e-17 5.57516e-18
4375.58 1.72673e-17 5.5417e-18
4381.09 9.76088e-18 5.46483e-18
4386.6 1.27731e-17 5.43325e-18
4392.11 1.56246e-17 5.41885e-18
4397.62 2.01427e-17 5.39477e-18
4403.13 1.84914e-17 5.43068e-18
4408.64 1.38114e-17 5.49551e-18
4414.15 1.67693e-17 5.56874e-18
4419.66 1.37115e-17 5.58006e-18
4425.17 2.07839e-17 5.61576e-18
4430.68 1.75876e-17 5.64324e-18
4436.19 2.13034e-17 5.65884e-18
4441.7 2.2061e-17 5.65619e-18
4447.21 1.73966e-17 5.63555e-18
4452.72 2.09163e-17 5.59695e-18
4458.23 1.9562e-17 5.57037e-18
4463.74 1.07162e-17 5.55079e-18
4469.25 2.03774e-17 5.57417e-18
4474.76 1.84186e-17 5.58893e-18
4480.27 2.40768e-17 5.62969e-18
4485.78 1.70535e-17 5.63929e-18
4491.29 1.88761e-17 5.67109e-18
4496.8 1.64428e-17 5.66966e-18
4502.31 1.15397e-17 5.69017e-18
4507.82 1.966e-17 5.73167e-18
4513.33 1.54211e-17 5.72736e-18
4518.84 6.21479e-18 5.67434e-18
4524.35 2.31118e-17 5.6625e-18
4529.86 2.19021e-17 5.59774e-18
4535.37 1.82439e-17 5.57194e-18
4540.88 1.97004e-17 5.55066e-18
4546.38 1.88233e-17 5.52358e-18
4551.89 2.56361e-17 5.57086e-18
4557.4 1.46667e-17 5.57422e-18
4562.91 1.49652e-17 5.57907e-18
4568.42 3.34084e-17 5.60121e-18
4573.93 5.52799e-17 5.61057e-18
4579.44 2.26159e-17 5.59228e-18
4584.95 2.22621e-17 5.58446e-18
4590.46 2.17777e-17 5.58958e-18
4595.97 2.63066e-17 5.57008e-18
4601.48 2.90694e-17 5.56458e-18
4606.99 3.00119e-17 5.57386e-18
4612.5 2.88777e-17 5.59603e-18
4618.01 2.8796e-17 5.60725e-18
4623.52 2.61763e-17 5.60811e-18
4629.03 3.1043e-17 5.61908e-18
4634.54 3.11978e-17 5.60016e-18
4640.05 2.99921e-17 5.56762e-18
4645.56 3.07255e-17 5.54557e-18
4651.07 3.06354e-17 5.5324e-18
4656.58 4.71688e-17 5.54404e-18
4662.09 3.76669e-17 5.49131e-18
4667.6 4.80726e-17 5.52082e-18
4673.11 4.6252e-17 5.51218e-18
4678.62 4.03332e-17 5.49481e-18
4684.13 5.04561e-17 5.50643e-18
4689.64 5.11509e-17 5.50535e-18
4695.15 4.24265e-17 5.48263e-18
4700.66 4.049e-17 5.44193e-18
4706.17 4.5186e-17 5.45307e-18
4711.67 4.91752e-17 5.46981e-18
4717.18 4.64027e-17 5.46464e-18
4722.69 4.94432e-17 5.46612e-18
4728.2 4.78912e-17 5.47876e-18
4733.71 5.13967e-17 5.49827e-18
4739.22 5.73425e-17 5.51704e-18
4744.73 5.35049e-17 5.49589e-18
4750.24 5.334e-17 5.49577e-18
4755.75 4.71104e-17 5.45187e-18
4761.26 4.89276e-17 5.45853e-18
4766.77 4.86371e-17 5.46173e-18
4772.28 4.97024e-17 5.45186e-18
4777.79 4.17531e-17 5.42526e-18
4783.3 4.36789e-17 5.43987e-18
4788.81 3.91185e-17 5.46641e-18
4794.32 3.58593e-17 5.44405e-18
4799.83 3.22163e-17 5.4201e-18
4805.34 3.01589e-17 5.62754e-18
4810.85 2.95842e-17 5.51937e-18
4816.36 2.1624e-17 5.39219e-18
4821.87 3.49689e-17 5.41778e-18
4827.38 2.87115e-17 5.39653e-18
4832.89 1.88907e-17 5.36745e-18
4838.4 2.36461e-17 5.34218e-18
4843.91 2.99045e-17 5.31028e-18
4849.42 2.71237e-17 5.23676e-18
4854.93 2.31313e-17 5.12848e-18
4860.44 2.69804e-17 5.07538e-18
4865.95 1.52465e-17 5.02875e-18
4871.46 1.97973e-17 5.03869e-18
4876.97 2.86356e-17 5.03664e-18
4882.47 2.51245e-17 5.0819e-18
4887.98 1.59921e-17 5.12688e-18
4893.49 2.49547e-17 5.19338e-18
4899 2.85233e-17 5.2229e-18
4904.51 2.98738e-17 5.22034e-18
4910.02 2.52028e-17 5.20996e-18
4915.53 2.90056e-17 5.20713e-18
4921.04 2.87708e-17 5.18943e-18
4926.55 2.5227e-17 5.16168e-18
4932.06 3.09984e-17 5.16083e-18
4937.57 2.08422e-17 5.16571e-18
4943.08 3.25611e-17 5.23812e-18
4948.59 2.64144e-17 5.2077e-18
4954.1 2.59833e-17 5.21616e-18
4959.61 3.31353e-17 5.23816e-18
4965.12 2.58688e-17 5.22854e-18
4970.63 2.22523e-17 5.20145e-18
4976.14 2.23173e-17 5.17558e-18
4981.65 2.41513e-17 5.18632e-18
4987.16 2.73998e-17 5.17294e-18
4992.67 1.99868e-17 5.1512e-18
4998.18 2.90214e-17 5.12089e-18
5003.69 2.33621e-17 5.09697e-18
5009.2 3.99724e-17 5.11435e-18
5014.71 4.3726e-17 5.08992e-18
5020.22 3.44753e-17 5.06973e-18
5025.73 3.53667e-17 5.08225e-18
5031.24 3.89517e-17 5.09085e-18
5036.75 3.78016e-17 5.10876e-18
5042.26 4.01598e-17 5.12348e-18
5047.76 4.07431e-17 5.15282e-18
5053.27 4.99169e-17 5.17282e-18
5058.78 4.90652e-17 5.17886e-18
5064.29 5.55069e-17 5.2022e-18
5069.8 5.93299e-17 5.19605e-18
5075.31 5.39207e-17 5.17766e-18
5080.82 4.71127e-17 5.14808e-18
5086.33 4.7617e-17 5.13978e-18
5091.84 3.74428e-17 5.10495e-18
5097.35 3.40618e-17 5.10184e-18
5102.86 3.34481e-17 5.11524e-18
5108.37 3.16019e-17 5.11417e-18
5113.88 2.83351e-17 5.08534e-18
5119.39 3.47287e-17 5.0864e-18
5124.9 2.89815e-17 5.06604e-18
5130.41 1.99184e-17 5.01701e-18
5135.92 2.09925e-17 5.0036e-18
5141.43 1.74912e-17 4.97522e-18
5146.94 2.11397e-17 4.99185e-18
5152.45 2.18961e-17 4.96937e-18
5157.96 2.8278e-17 4.91989e-18
5163.47 1.97233e-17 4.86447e-18
5168.98 2.37553e-17 4.84279e-18
5174.49 3.02456e-17 4.81809e-18
5180 2.84991e-17 4.76629e-18
5185.51 2.27461e-17 4.78244e-18
5191.02 2.88791e-17 4.87066e-18
5196.53 3.66492e-17 4.92509e-18
5202.04 2.92951e-17 4.93921e-18
5207.55 3.93711e-17 5.00331e-18
5213.06 1.87034e-17 4.96723e-18
5218.56 3.22474e-17 4.98091e-18
5224.07 2.78411e-17 4.9707e-18
5229.58 3.02447e-17 4.98822e-18
5235.09 2.92398e-17 5.01064e-18
5240.6 3.05042e-17 5.01164e-18
5246.11 3.26634e-17 5.0295e-18
5251.62 3.24298e-17 5.0358e-18
5257.13 2.98359e-17 4.9585e-18
5262.64 3.13575e-17 4.92167e-18
5268.15 2.75803e-17 4.90445e-18
5273.66 3.72587e-17 4.91909e-18
5279.17 2.68286e-17 4.90127e-18
5284.68 4.09735e-17 4.97465e-18
5290.19 3.6452e-17 5.01157e-18
5295.7 3.61759e-17 5.04029e-18
5301.21 4.33616e-17 5.06897e-18
5306.72 3.88456e-17 5.07247e-18
5312.23 3.42733e-17 5.04713e-18
5317.74 3.98261e-17 5.04369e-18
5323.25 3.56505e-17 5.03222e-18
5328.76 2.5123e-17 4.99574e-18
5334.27 3.07043e-17 4.97105e-18
5339.78 4.00678e-17 4.99917e-18
5345.29 4.77309e-17 5.03625e-18
5350.8 4.11124e-17 5.0545e-18
5356.31 4.1904e-17 5.03958e-18
5361.82 3.85788e-17 5.03405e-18
5367.33 4.46024e-17 5.04453e-18
5372.84 4.63157e-17 5.04509e-18
5378.35 4.71218e-17 5.2435e-18
5383.85 4.55616e-17 5.33581e-18
5389.36 4.59819e-17 5.01367e-18
5394.87 4.92795e-17 5.00969e-18
5400.38 4.78391e-17 4.97947e-18
5405.89 5.00443e-17 4.96951e-18
5411.4 4.21508e-17 4.96038e-18
5416.91 3.44208e-17 4.94801e-18
5422.42 4.9899e-17 4.98106e-18
5427.93 4.62803e-17 5.00736e-18
5433.44 5.8331e-17 5.03628e-18
5438.95 5.35677e-17 5.03356e-18
5444.46 4.82737e-17 5.02737e-18
5449.97 4.8764e-17 5.03079e-18
5455.48 5.74837e-17 5.05887e-18
5460.99 5.7057e-17 5.05503e-18
5466.5 5.55185e-17 5.04429e-18
5472.01 6.24457e-17 5.04671e-18
5477.52 5.30238e-17 5.03325e-18
5483.03 5.26443e-17 5.0343e-18
5488.54 4.54106e-17 5.01831e-18
5494.05 4.60027e-17 5.02317e-18
5499.56 5.79473e-17 5.05977e-18
5505.07 4.7533e-17 5.04616e-18
5510.58 4.90041e-17 5.03742e-18
5516.09 5.15167e-17 5.03935e-18
5521.6 4.6034e-17 5.0266e-18
5527.11 5.2589e-17 5.0308e-18
5532.62 4.47307e-17 5.04339e-18
5538.13 4.58219e-17 5.0604e-18
5543.64 4.25168e-17 5.03992e-18
5549.15 5.52783e-17 5.069e-18
5554.65 4.67659e-17 5.05323e-18
5560.16 5.18133e-17 5.141e-18
5565.67 5.27188e-17 5.37583e-18
5571.18 5.41658e-17 5.43185e-18
5576.69 5.31436e-17 5.42025e-18
5582.2 3.67117e-17 5.40892e-18
5587.71 4.69204e-17 5.40931e-18
5593.22 6.81924e-17 5.31556e-18
5598.73 6.85559e-17 5.0724e-18
5604.24 6.89854e-17 5.05168e-18
5609.75 6.78073e-17 5.05913e-18
5615.26 6.68381e-17 5.07547e-18
5620.77 8.00785e-17 5.1099e-18
5626.28 6.92554e-17 5.08645e-18
5631.79 7.20656e-17 5.09381e-18
5637.3 7.05997e-17 5.09526e-18
5642.81 7.01918e-17 5.08947e-18
5648.32 6.8312e-17 5.07148e-18
5653.83 7.13342e-17 5.07102e-18
5659.34 6.82252e-17 5.05795e-18
5664.85 5.88865e-17 5.04664e-18
5670.36 6.10009e-17 5.0442e-18
5675.87 6.21717e-17 5.0528e-18
5681.38 6.10839e-17 5.06861e-18
5686.89 5.65529e-17 5.04589e-18
5692.4 5.38692e-17 5.02518e-18
5697.91 5.98135e-17 5.01969e-18
5703.42 5.14355e-17 4.99453e-18
5708.93 4.52538e-17 4.99637e-18
5714.44 4.63583e-17 4.9902e-18
5719.94 5.54648e-17 6.159e-18
5725.45 5.1098e-17 6.23667e-18
5730.96 4.91723e-17 5.03941e-18
5736.47 4.12997e-17 5.01993e-18
5741.98 3.49384e-17 4.99561e-18
5747.49 4.17542e-17 5.01331e-18
5753 4.09485e-17 5.01368e-18
5758.51 4.38436e-17 5.001e-18
5764.02 3.58988e-17 4.9823e-18
5769.53 5.18605e-17 5.00642e-18
5775.04 4.2691e-17 4.99026e-18
5780.55 4.31893e-17 4.99158e-18
5786.06 3.54115e-17 4.96712e-18
5791.57 4.33611e-17 4.98494e-18
5797.08 4.13565e-17 4.99147e-18
5802.59 3.67991e-17 4.99594e-18
5808.1 3.26894e-17 5.00122e-18
5813.61 1.97191e-17 4.98609e-18
5819.12 2.05717e-17 4.98222e-18
5824.63 2.87477e-17 5.00848e-18
5830.14 3.03227e-17 5.03337e-18
5835.65 3.48695e-17 5.0441e-18
5841.16 3.37248e-17 5.02524e-18
5846.67 3.10594e-17 5.00561e-18
5852.18 2.79498e-17 4.99783e-18
5857.69 2.67567e-17 5.00526e-18
5863.2 2.54431e-17 5.00041e-18
5868.71 2.12564e-17 4.98671e-18
5874.22 2.71186e-17 5.00756e-18
5879.73 2.50158e-17 4.99953e-18
5885.24 2.80045e-17 4.98162e-18
5890.74 3.43239e-17 4.97924e-18
5896.25 2.99116e-17 4.96319e-18
5901.76 3.33563e-17 4.97901e-18
5907.27 2.95166e-17 4.96869e-18
5912.78 3.10274e-17 4.97326e-18
5918.29 2.90449e-17 4.97253e-18
5923.8 4.13047e-17 5.35838e-18
5929.31 3.35381e-17 5.29247e-18
5934.82 2.78904e-17 4.97275e-18
5940.33 2.83258e-17 4.98023e-18
5945.84 3.40539e-17 4.98526e-18
5951.35 3.01171e-17 4.97036e-18
5956.86 2.86008e-17 4.97454e-18
5962.37 3.0102e-17 4.98217e-18
5967.88 3.39884e-17 4.97614e-18
5973.39 3.48101e-17 4.966e-18
5978.9 3.15934e-17 4.95479e-18
5984.41 3.10615e-17 4.94734e-18
5989.92 3.03262e-17 4.93723e-18
5995.43 3.68965e-17 4.95054e-18
6000.94 3.50217e-17 4.94077e-18
6006.45 2.68311e-17 4.90973e-18
6011.96 3.50227e-17 4.91544e-18
6017.47 3.50569e-17 4.91406e-18
6022.98 2.91156e-17 4.90991e-18
6028.49 3.12015e-17 4.91617e-18
6034 3.47478e-17 4.9322e-18
6039.51 3.22847e-17 4.94658e-18
6045.02 2.60372e-17 4.93363e-18
6050.53 2.94236e-17 4.93519e-18
6056.03 3.25454e-17 4.93516e-18
6061.54 3.18787e-17 4.95502e-18
6067.05 3.18816e-17 4.95578e-18
6072.56 3.46696e-17 4.95041e-18
6078.07 3.106e-17 4.90937e-18
6083.58 3.60523e-17 4.90457e-18
6089.09 3.52199e-17 4.88929e-18
6094.6 3.71125e-17 4.87831e-18
6100.11 3.99496e-17 4.9009e-18
6105.62 3.05923e-17 4.86839e-18
6111.13 3.44415e-17 4.8633e-18
6116.64 2.66311e-17 4.84652e-18
6122.15 2.53135e-17 4.84526e-18
6127.66 2.84034e-17 4.84569e-18
6133.17 2.39139e-17 4.82939e-18
6138.68 2.73779e-17 4.84112e-18
6144.19 2.36072e-17 4.84249e-18
6149.7 3.13482e-17 4.81406e-18
6155.21 3.04781e-17 4.82403e-18
6160.72 3.4975e-17 4.82913e-18
6166.23 2.46013e-17 4.80277e-18
6171.74 2.68095e-17 4.82166e-18
6177.25 2.90824e-17 4.827e-18
6182.76 3.3584e-17 4.85854e-18
6188.27 2.85737e-17 4.85142e-18
6193.78 2.88152e-17 4.86379e-18
6199.29 2.81671e-17 4.86205e-18
6204.8 2.89924e-17 4.84597e-18
6210.31 2.83385e-17 4.83494e-18
6215.82 2.94572e-17 4.85562e-18
6221.33 2.93711e-17 4.85682e-18
6226.83 2.51098e-17 4.84864e-18
6232.34 3.31781e-17 4.85719e-18
6237.85 3.61739e-17 4.85212e-18
6243.36 2.52283e-17 4.84123e-18
6248.87 3.4066e-17 4.86891e-18
6254.38 3.58369e-17 4.85014e-18
6259.89 3.24364e-17 4.82828e-18
6265.4 3.26513e-17 4.81018e-18
6270.91 3.13595e-17 4.81133e-18
6276.42 3.03962e-17 4.81036e-18
6281.93 3.09481e-17 4.83242e-18
6287.44 3.01462e-17 4.87194e-18
6292.95 3.11177e-17 4.89271e-18
6298.46 3.13716e-17 4.90693e-18
6303.97 3.04657e-17 4.88757e-18
6309.48 2.60738e-17 4.87068e-18
6314.99 2.65203e-17 4.8549e-18
6320.5 3.1276e-17 4.81172e-18
6326.01 3.18408e-17 4.77836e-18
6331.52 2.65163e-17 4.76948e-18
6337.03 3.58142e-17 4.80872e-18
6342.54 3.3278e-17 4.80058e-18
6348.05 2.37115e-17 4.77491e-18
6353.56 2.88438e-17 4.80292e-18
6359.07 2.61594e-17 4.80525e-18
6364.58 2.61059e-17 4.8112e-18
6370.09 2.88283e-17 4.82336e-18
6375.6 2.84262e-17 4.81687e-18
6381.11 2.78477e-17 4.79198e-18
6386.62 2.99057e-17 4.77319e-18
6392.12 3.1014e-17 4.76912e-18
6397.63 2.8418e-17 4.7486e-18
6403.14 3.56063e-17 4.75135e-18
6408.65 3.70884e-17 4.74949e-18
6414.16 2.53524e-17 4.71699e-18
6419.67 2.94101e-17 4.73293e-18
6425.18 3.80253e-17 4.75993e-18
6430.69 2.9131e-17 4.73326e-18
6436.2 2.91702e-17 4.73877e-18
6441.71 3.16707e-17 4.7344e-18
6447.22 3.78586e-17 4.74719e-18
6452.73 3.03707e-17 4.73518e-18
6458.24 2.66585e-17 4.73435e-18
6463.75 3.43198e-17 4.75744e-18
6469.26 3.88655e-17 4.76153e-18
6474.77 3.49983e-17 4.74098e-18
6480.28 2.87801e-17 4.6997e-18
6485.79 3.43767e-17 4.81568e-18
6491.3 3.47918e-17 4.8288e-18
6496.81 3.58632e-17 4.73302e-18
6502.32 2.94247e-17 4.71212e-18
6507.83 3.52025e-17 4.73499e-18
6513.34 3.19641e-17 4.73347e-18
6518.85 2.41663e-17 4.71676e-18
6524.36 3.27044e-17 4.73907e-18
6529.87 3.60186e-17 4.74538e-18
6535.38 4.20418e-17 4.75484e-18
6540.89 4.06907e-17 4.74724e-18
6546.4 3.72204e-17 4.68111e-18
6551.91 3.22316e-17 4.6071e-18
6557.42 3.68329e-17 4.60816e-18
6562.92 4.678e-17 4.62815e-18
6568.43 3.99329e-17 4.62145e-18
6573.94 4.1011e-17 4.63407e-18
6579.45 4.10487e-17 4.67689e-18
6584.96 4.3652e-17 4.71441e-18
6590.47 4.99401e-17 4.75311e-18
6595.98 4.21802e-17 4.73716e-18
6601.49 4.15147e-17 4.73503e-18
6607 4.81071e-17 4.75136e-18
6612.51 5.24184e-17 4.76592e-18
6618.02 4.61643e-17 4.75009e-18
6623.53 4.99707e-17 4.76823e-18
6629.04 4.31274e-17 4.74689e-18
6634.55 4.88601e-17 4.75482e-18
6640.06 4.19013e-17 4.73687e-18
6645.57 3.88194e-17 4.73581e-18
6651.08 4.62736e-17 4.74873e-18
6656.59 3.94623e-17 4.74793e-18
6662.1 4.01677e-17 4.74832e-18
6667.61 4.40941e-17 4.7707e-18
6673.12 3.64876e-17 4.76664e-18
6678.63 3.95397e-17 4.75825e-18
6684.14 4.05066e-17 4.75884e-18
6689.65 3.70202e-17 4.74622e-18
6695.16 3.5529e-17 4.7449e-18
6700.67 3.35716e-17 4.73567e-18
6706.18 3.44696e-17 4.71211e-18
6711.69 3.5681e-17 4.71013e-18
6717.2 2.78719e-17 4.6993e-18
6722.71 2.50851e-17 4.6892e-18
6728.22 2.91637e-17 4.70263e-18
6733.72 2.62389e-17 4.69349e-18
6739.23 2.21808e-17 4.69157e-18
6744.74 2.48898e-17 4.71111e-18
6750.25 2.40593e-17 4.70025e-18
6755.76 2.59068e-17 4.6947e-18
6761.27 1.84056e-17 4.68722e-18
6766.78 1.72635e-17 4.70803e-18
6772.29 1.98905e-17 4.71773e-18
6777.8 1.55101e-17 4.6934e-18
6783.31 2.06659e-17 4.71916e-18
6788.82 1.92647e-17 4.72713e-18
6794.33 6.46789e-18 4.7456e-18
6799.84 1.39356e-17 4.71555e-18
6805.35 2.21218e-17 4.74024e-18
6810.86 1.58201e-17 4.75435e-18
6816.37 2.36977e-17 4.82685e-18
6821.88 1.37382e-17 4.83994e-18
6827.39 1.35176e-17 4.84716e-18
6832.9 1.46531e-17 4.85075e-18
6838.41 1.30316e-17 4.85224e-18
6843.92 1.93877e-17 4.86105e-18
6849.43 1.48269e-17 4.8116e-18
6854.94 7.62113e-18 4.6987e-18
6860.45 1.46519e-17 4.63068e-18
6865.96 1.57613e-17 4.59261e-18
6871.47 1.0399e-17 4.55133e-18
6876.98 1.28469e-17 4.48787e-18
6882.49 1.51793e-17 4.43799e-18
6888 1.17573e-17 4.49467e-18
6893.51 1.52255e-17 4.58171e-18
6899.01 1.50862e-17 4.61425e-18
6904.52 1.69761e-17 4.63627e-18
6910.03 2.07175e-17 4.71005e-18
6915.54 2.70171e-17 4.76596e-18
6921.05 1.1977e-17 4.76261e-18
6926.56 2.1311e-17 4.79663e-18
6932.07 1.64717e-17 4.78066e-18
6937.58 1.40205e-17 4.80638e-18
6943.09 1.49996e-17 4.80603e-18
6948.6 1.55858e-17 4.81818e-18
6954.11 1.24834e-17 4.82339e-18
6959.62 1.62007e-18 4.81566e-18
6965.13 3.42557e-17 6.77259e-18
6970.64 1.86727e-16 6.1093e-18
6976.15 2.15793e-17 5.42869e-18
6981.66 1.12544e-17 4.83857e-18
6987.17 -5.80148e-18 4.89739e-18
6992.68 7.60005e-19 4.86737e-18
6998.19 1.82353e-18 4.83295e-18
7003.7 1.38336e-17 4.79216e-18
7009.21 1.00103e-17 4.78531e-18
7014.72 1.55713e-17 4.7793e-18
7020.23 2.03551e-17 4.79976e-18
7025.74 1.93447e-17 4.79978e-18
7031.25 1.18626e-17 4.79198e-18
7036.76 1.17695e-17 4.82546e-18
7042.27 1.64134e-17 4.84682e-18
7047.78 1.70688e-17 4.86091e-18
7053.29 2.26951e-17 4.87345e-18
7058.8 1.29159e-17 4.85746e-18
7064.31 1.58839e-17 4.85116e-18
7069.81 2.49449e-17 4.88182e-18
7075.32 2.80468e-17 4.89779e-18
7080.83 1.81189e-17 4.85304e-18
7086.34 9.28197e-18 4.82945e-18
7091.85 1.32877e-17 4.84365e-18
7097.36 2.29172e-17 4.86546e-18
7102.87 3.02384e-17 4.88974e-18
7108.38 2.08126e-17 5.10093e-18
7113.89 1.84266e-17 4.84431e-18
7119.4 2.23801e-17 4.85319e-18
7124.91 3.15074e-17 4.87484e-18
7130.42 2.63462e-17 4.84926e-18
7135.93 2.34719e-17 4.82973e-18
7141.44 2.61045e-17 4.83532e-18
7146.95 2.90579e-17 4.84955e-18
7152.46 3.46534e-17 4.82384e-18
7157.97 2.81778e-17 4.75679e-18
7163.48 2.50873e-17 4.68716e-18
7168.99 2.41668e-17 4.63108e-18
7174.5 3.98038e-17 4.60613e-18
7180.01 4.72502e-17 5.10693e-18
7185.52 4.00633e-17 4.72014e-18
7191.03 1.75708e-17 4.48271e-18
7196.54 2.58892e-17 4.46204e-18
7202.05 3.19779e-17 4.50676e-18
7207.56 3.81328e-17 4.56243e-18
7213.07 4.11666e-17 4.60897e-18
7218.58 3.33032e-17 4.61957e-18
7224.09 3.10446e-17 4.69597e-18
7229.6 4.63355e-17 4.82202e-18
7235.1 3.95212e-17 4.83335e-18
7240.61 2.8222e-17 4.78596e-18
7246.12 3.05986e-17 4.7835e-18
7251.63 4.16573e-17 4.80625e-18
7257.14 4.36553e-17 4.78219e-18
7262.65 3.94936e-17 4.77761e-18
7268.16 3.96865e-17 4.79032e-18
7273.67 3.20532e-17 4.75653e-18
7279.18 4.28957e-17 4.78801e-18
7284.69 4.26828e-17 4.82435e-18
7290.2 3.7804e-17 4.79622e-18
7295.71 4.056e-17 4.71592e-18
7301.22 3.81412e-17 4.68962e-18
7306.73 4.17065e-17 4.73567e-18
7312.24 5.18813e-17 4.80518e-18
7317.75 5.1173e-17 4.83164e-18
7323.26 4.28422e-17 4.86993e-18
7328.77 3.92134e-17 4.93431e-18
7334.28 4.99004e-17 4.92635e-18
7339.79 5.90446e-17 4.92328e-18
7345.3 5.54693e-17 4.93776e-18
7350.81 5.66335e-17 4.93181e-18
7356.32 6.08835e-17 4.95013e-18
7361.83 5.49078e-17 4.8589e-18
7367.34 5.49477e-17 4.84502e-18
7372.85 6.81954e-17 4.86516e-18
7378.36 6.87365e-17 4.8563e-18
7383.87 6.02807e-17 4.82898e-18
7389.38 5.74169e-17 4.79545e-18
7394.89 6.32279e-17 4.79354e-18
7400.4 7.87551e-17 4.82438e-18
7405.9 7.06407e-17 4.81768e-18
7411.41 6.19478e-17 4.78804e-18
7416.92 6.40325e-17 4.76827e-18
7422.43 6.01964e-17 4.74163e-18
7427.94 6.65583e-17 4.78166e-18
7433.45 7.5429e-17 4.82038e-18
7438.96 6.95423e-17 4.80947e-18
7444.47 6.15445e-17 4.79507e-18
7449.98 5.64603e-17 4.78711e-18
7455.49 6.65869e-17 4.80644e-18
7461 6.71934e-17 4.82811e-18
7466.51 6.10917e-17 4.86156e-18
7472.02 6.36567e-17 4.9012e-18
7477.53 5.4499e-17 4.89058e-18
7483.04 4.67828e-17 4.86125e-18
7488.55 4.6856e-17 4.8426e-18
7494.06 5.68315e-17 4.83703e-18
7499.57 4.79176e-17 4.78841e-18
7505.08 5.09399e-17 4.79753e-18
7510.59 3.53834e-17 4.82751e-18
7516.1 3.13784e-17 4.86018e-18
7521.61 3.28711e-17 4.88905e-18
7527.12 3.7006e-17 4.92272e-18
7532.63 4.07802e-17 4.94935e-18
7538.14 3.49434e-17 4.92381e-18
7543.65 2.58487e-17 4.84343e-18
7549.16 2.26119e-17 4.8018e-18
7554.67 2.13002e-17 4.8216e-18
7560.18 2.83041e-17 4.90368e-18
7565.69 2.85946e-17 4.90717e-18
7571.19 2.7224e-17 4.9098e-18
7576.7 3.44019e-17 4.91317e-18
7582.21 2.69724e-17 4.79273e-18
7587.72 2.90054e-17 4.52482e-18
7593.23 5.00528e-17 4.20007e-18
7598.74 6.52426e-17 3.91885e-18
7604.25 7.93705e-17 3.72721e-18
7609.76 5.53792e-17 3.5461e-18
7615.27 2.78956e-17 3.4283e-18
7620.78 3.60009e-17 3.55467e-18
7626.29 4.54888e-17 3.73975e-18
7631.8 4.91305e-17 3.87701e-18
7637.31 5.01858e-17 3.91539e-18
7642.82 3.31697e-17 3.9595e-18
7648.33 3.38598e-17 4.12363e-18
7653.84 2.56672e-17 4.27842e-18
7659.35 3.20945e-17 4.46185e-18
7664.86 4.2229e-17 4.63206e-18
7670.37 3.10117e-17 4.73879e-18
7675.88 4.23566e-17 4.8841e-18
7681.39 3.24271e-17 4.92348e-18
7686.9 2.83165e-17 4.95716e-18
7692.41 3.90906e-17 5.03877e-18
7697.92 2.80852e-17 5.13925e-18
7703.43 2.76205e-17 5.33146e-18
7708.94 2.36942e-17 5.45516e-18
7714.45 3.52515e-17 5.54097e-18
7719.96 3.7193e-17 5.55845e-18
7725.47 2.61087e-17 5.54625e-18
7730.98 3.80481e-17 5.49922e-18
7736.49 3.44171e-17 5.45754e-18
7741.99 3.68294e-17 6.45317e-18
7747.5 3.16929e-17 6.58145e-18
7753.01 4.63945e-17 5.93986e-18
7758.52 4.23231e-17 5.6586e-18
7764.03 1.5044e-17 5.6184e-18
7769.54 2.73264e-17 5.58377e-18
7775.05 2.40638e-17 5.4872e-18
7780.56 4.43433e-17 5.56314e-18
7786.07 3.16855e-17 5.60685e-18
7791.58 3.94818e-17 5.62635e-18
7797.09 3.13396e-17 5.61687e-18
7802.6 4.32224e-17 5.6417e-18
7808.11 3.23848e-17 5.74964e-18
7813.62 3.81677e-17 5.72929e-18
7819.13 3.52549e-17 5.69267e-18
7824.64 3.94229e-17 5.7048e-18
7830.15 3.90149e-17 5.70249e-18
7835.66 3.44552e-17 5.72436e-18
7841.17 3.56723e-17 5.7498e-18
7846.68 2.8946e-17 5.77778e-18
7852.19 3.96676e-17 5.90063e-18
7857.7 4.79305e-17 5.98521e-18
7863.21 4.39344e-17 6.02975e-18
7868.72 4.43443e-17 6.02589e-18
7874.23 4.1733e-17 5.92356e-18
7879.74 3.91603e-17 5.85775e-18
7885.25 3.68557e-17 5.79361e-18
7890.76 4.53281e-17 5.72765e-18
7896.27 4.73945e-17 5.73054e-18
7901.78 5.30629e-17 5.90953e-18
7907.28 4.03995e-17 5.95688e-18
7912.79 3.45738e-17 5.91572e-18
7918.3 4.52329e-17 6.00153e-18
7923.81 3.91413e-17 6.01667e-18
7929.32 4.22488e-17 5.99581e-18
7934.83 4.36845e-17 5.79198e-18
7940.34 3.01991e-17 5.6388e-18
7945.85 2.89428e-17 5.57387e-18
7951.36 1.39459e-17 5.6576e-18
7956.87 8.48127e-18 5.75352e-18
7962.38 1.24767e-17 5.78937e-18
7967.89 4.17587e-17 5.85556e-18
7973.4 3.13806e-17 5.82701e-18
7978.91 2.50067e-17 5.9005e-18
7984.42 2.69509e-17 5.89881e-18
7989.93 1.97729e-17 5.79438e-18
7995.44 2.89327e-17 5.77684e-18
8000.95 2.40583e-17 5.76228e-18
8006.46 1.16383e-17 5.73997e-18
8011.97 1.58252e-17 5.68244e-18
8017.48 2.56793e-17 5.63516e-18
8022.99 2.31913e-17 5.63191e-18
8028.5 1.6946e-17 5.61911e-18
8034.01 8.08574e-18 5.58349e-18
8039.52 1.10906e-17 5.55441e-18
8045.03 1.25583e-17 5.45935e-18
8050.54 1.03659e-17 5.40973e-18
8056.05 -7.38581e-18 5.36557e-18
8061.56 -1.799e-18 5.36169e-18
8067.07 2.01727e-17 5.41606e-18
8072.58 8.87211e-18 5.35565e-18
8078.08 1.44105e-17 5.32214e-18
8083.59 1.95967e-18 5.19263e-18
8089.1 3.66118e-18 5.16511e-18
8094.61 8.39444e-18 5.15785e-18
8100.12 4.49861e-18 5.15895e-18
8105.63 1.1415e-17 5.16975e-18
8111.14 4.51605e-18 5.12239e-18
8116.65 -5.3797e-18 5.08663e-18
8122.16 7.50534e-19 4.9989e-18
8127.67 2.02143e-18 4.93131e-18
8133.18 4.44391e-18 4.89466e-18
8138.69 1.56012e-17 4.88495e-18
8144.2 2.26552e-17 4.86397e-18
8149.71 9.50547e-18 4.76098e-18
8155.22 7.22445e-18 4.70459e-18
8160.73 1.04173e-17 4.65108e-18
8166.24 1.67463e-17 4.59928e-18
8171.75 1.0234e-17 4.60107e-18
8177.26 1.80982e-17 4.63382e-18
8182.77 8.68223e-18 4.60475e-18
8188.28 1.34615e-17 4.61603e-18
8193.79 7.32533e-18 4.58103e-18
8199.3 4.29996e-18 4.58701e-18
8204.81 -3.8891e-19 4.59676e-18
8210.32 9.14675e-18 4.62978e-18
8215.83 1.16155e-17 4.59203e-18
8221.34 1.19963e-17 4.54841e-18
8226.85 3.14331e-18 4.49253e-18
8232.36 1.48069e-17 4.47007e-18
8237.87 8.6729e-18 4.4373e-18
8243.38 -3.22216e-18 4.45557e-18
8248.88 1.10251e-17 4.56023e-18
8254.39 9.96808e-18 4.62705e-18
8259.9 1.09874e-17 4.63137e-18
8265.41 1.65136e-17 4.64815e-18
8270.92 1.25072e-17 4.70507e-18
8276.43 1.24043e-17 4.81058e-18
8281.94 1.65355e-17 4.97427e-18
8287.45 2.72081e-17 5.18861e-18
8292.96 2.71035e-17 5.28172e-18
8298.47 1.078e-17 5.2409e-18
8303.98 1.4695e-17 5.1148e-18
8309.49 5.93025e-18 4.95626e-18
8315 2.65799e-18 4.84033e-18
8320.51 5.29854e-18 4.66155e-18
8326.02 6.34343e-18 4.64796e-18
8331.53 9.10741e-18 4.89118e-18
8337.04 5.82477e-21 5.12947e-18
8342.55 -5.41509e-18 5.25394e-18
8348.06 -5.65625e-18 5.29343e-18
8353.57 -6.04552e-18 5.37665e-18
8359.08 -6.35625e-18 5.43804e-18
8364.59 1.64682e-17 5.23412e-18
8370.1 1.25428e-17 5.024e-18
8375.61 7.20561e-18 4.91712e-18
8381.12 -2.46139e-19 4.86488e-18
8386.63 1.08997e-18 5.04186e-18
8392.14 6.96042e-18 5.25723e-18
8397.65 3.35346e-18 5.33717e-18
8403.16 1.49248e-17 5.40731e-18
8408.67 1.51279e-17 5.42203e-18
8414.17 1.55403e-18 5.42364e-18
8419.68 1.83887e-18 5.4451e-18
8425.19 -3.95515e-18 5.41059e-18
8430.7 -1.51223e-18 5.4502e-18
8436.21 1.33947e-17 5.46605e-18
8441.72 -4.37812e-18 5.55677e-18
8447.23 -9.37644e-18 5.51207e-18
8452.74 6.33534e-18 5.32983e-18
8458.25 -7.89728e-18 5.35173e-18
8463.76 -9.55585e-19 5.41104e-18
8469.27 3.60512e-18 5.49324e-18
8474.78 4.45942e-18 5.45821e-18
8480.29 1.30953e-17 5.52738e-18
8485.8 1.17107e-17 5.33491e-18
8491.31 7.48368e-19 5.2551e-18
8496.82 -1.27194e-17 5.34045e-18
8502.33 1.18809e-17 5.39825e-18
8507.84 3.57966e-18 5.46065e-18
8513.35 -3.49909e-19 5.4873e-18
8518.86 1.5531e-17 5.54827e-18
8524.37 3.95334e-18 5.42607e-18
8529.88 4.13041e-18 5.28652e-18
8535.39 6.93218e-18 5.31187e-18
8540.9 6.38354e-18 5.38028e-18
8546.41 3.81096e-18 5.51356e-18
8551.92 1.47968e-17 5.65736e-18
8557.43 2.3366e-17 5.71826e-18
8562.94 1.37292e-17 5.72237e-18
8568.45 1.92294e-17 5.76964e-18
8573.96 1.28577e-17 5.7841e-18
8579.47 1.06534e-18 5.87809e-18
8584.97 2.92377e-18 6.06504e-18
8590.48 1.79019e-17 6.19755e-18
8595.99 2.53557e-17 6.27269e-18
8601.5 3.20128e-17 6.29064e-18
8607.01 1.7643e-17 6.31265e-18
8612.52 2.29503e-17 6.44081e-18
8618.03 1.28402e-17 6.67812e-18
8623.54 2.45915e-17 7.03906e-18
8629.05 1.50598e-17 7.15881e-18
8634.56 3.04591e-17 7.28007e-18
8640.07 4.06899e-17 7.3501e-18
8645.58 3.8829e-17 7.31432e-18
8651.09 4.20284e-17 7.29002e-18
8656.6 3.82135e-17 7.37436e-18
8662.11 3.51993e-17 7.53489e-18
8667.62 4.14024e-17 7.65413e-18
8673.13 6.47156e-17 7.67142e-18
8678.64 6.28697e-17 7.56672e-18
8684.15 4.70374e-17 7.45951e-18
8689.66 4.42821e-17 7.46638e-18
8695.17 5.99597e-17 7.57541e-18
8700.68 7.35903e-17 7.74804e-18
8706.19 8.93615e-17 7.84921e-18
8711.7 8.8887e-17 7.81171e-18
8717.21 8.87961e-17 7.77843e-18
8722.72 8.3183e-17 7.72081e-18
8728.23 7.69185e-17 7.69698e-18
8733.74 8.48464e-17 7.83228e-18
8739.25 9.23306e-17 8.00775e-18
8744.76 9.28054e-17 8.25524e-18
8750.26 1.12055e-16 8.5104e-18
8755.77 9.09315e-17 8.68777e-18
8761.28 8.58916e-17 8.92287e-18
8766.79 1.04768e-16 9.42374e-18
8772.3 1.22487e-16 9.73344e-18
8777.81 1.11972e-16 9.77967e-18
8783.32 1.21649e-16 9.62647e-18
8788.83 1.34115e-16 9.26122e-18
8794.34 1.41482e-16 8.8698e-18
8799.85 1.15615e-16 8.3675e-18
8805.36 1.13619e-16 9.59313e-18
8810.87 1.25941e-16 1.02548e-17
8816.38 1.87351e-16 1.13978e-17
8821.89 2.50803e-16 1.6812e-17
8827.4 1.5009e-16 1.02317e-17
8832.91 1.67991e-16 1.02925e-17
8838.42 1.17841e-16 9.77946e-18
8843.93 1.12069e-16 9.54594e-18
8849.44 1.20448e-16 9.08482e-18
8854.95 1.29734e-16 8.84776e-18
8860.46 1.33219e-16 8.61144e-18
8865.97 1.12188e-16 8.37897e-18
8871.48 1.12775e-16 8.57529e-18
8876.99 7.91649e-17 8.88007e-18
8882.5 1.14542e-16 9.17248e-18
8888.01 1.24054e-16 9.23686e-18
8893.52 1.28284e-16 9.21542e-18
8899.03 1.20855e-16 9.06035e-18
8904.54 1.01077e-16 8.81658e-18
8910.05 9.53734e-17 9.30118e-18
8915.56 9.8531e-17 9.62314e-18
8921.06 8.62744e-17 9.38002e-18
8926.57 1.02955e-16 8.71843e-18
8932.08 8.03469e-17 8.48148e-18
8937.59 6.52938e-17 7.95007e-18
8943.1 5.96974e-17 7.74021e-18
8948.61 6.53419e-17 7.87918e-18
8954.12 5.15023e-17 7.95344e-18
8959.63 6.38004e-17 7.80337e-18
8965.14 7.52412e-17 7.54549e-18
8970.65 7.15956e-17 7.31762e-18
8976.16 5.20427e-17 6.87032e-18
8981.67 3.87892e-17 6.6292e-18
8987.18 2.89503e-17 6.75696e-18
8992.69 4.71779e-17 6.8616e-18
8998.2 6.43275e-17 6.7903e-18
9003.71 4.54609e-17 6.54514e-18
9009.22 3.17796e-17 6.39847e-18
9014.73 2.84302e-17 6.32665e-18
9020.24 -9.54227e-19 6.38116e-18
9025.75 -2.17248e-17 6.49243e-18
9031.26 -1.35324e-18 6.43132e-18
9036.77 3.21781e-17 6.34869e-18
9042.28 2.10584e-17 6.37676e-18
9047.79 -3.18722e-18 6.4399e-18
9053.3 -4.09976e-17 1.3411e-17
9058.81 -2.34926e-17 6.62676e-18
9064.32 2.8997e-17 6.31172e-18
9069.83 2.22852e-17 6.0803e-18
9075.34 1.4442e-17 5.98402e-18
9080.85 8.24742e-18 6.02214e-18
9086.35 3.01035e-17 6.2239e-18
9091.86 2.95756e-17 6.29682e-18
9097.37 3.07153e-17 6.27319e-18
9102.88 1.92842e-17 6.23546e-18
9108.39 3.42983e-18 6.29851e-18
9113.9 1.61546e-18 6.46319e-18
9119.41 2.55957e-17 6.579e-18
9124.92 3.55606e-17 6.61474e-18
9130.43 1.9426e-17 6.59029e-18
9135.94 6.92339e-18 6.64642e-18
9141.45 4.71306e-18 6.8536e-18
9146.96 1.12155e-17 7.13242e-18
9152.47 5.16417e-17 7.46898e-18
9157.98 5.4459e-17 7.71353e-18
9163.49 4.41318e-18 7.8763e-18
9169 1.54126e-17 8.48332e-18
9174.51 4.11494e-17 9.1178e-18
9180.02 4.184e-17 8.80372e-18
9185.53 4.92342e-17 9.04364e-18
9191.04 -7.21508e-18 9.10607e-18
9196.55 -1.22201e-17 9.35999e-18
9202.06 2.66231e-17 9.60084e-18
9207.57 2.99402e-17 9.83149e-18
9213.08 2.02906e-17 9.87436e-18
9218.59 -1.2699e-17 9.89315e-18
9224.1 4.80756e-18 9.99446e-18
9229.61 1.40299e-17 1.01004e-17
