3633.48 5.21848e-18 9.06497e-18
3638.99 7.016e-18 9.55947e-18
3644.51 3.30644e-18 9.83008e-18
3650.03 6.94534e-18 1.03103e-17
3655.54 4.1298e-18 1.07392e-17
3661.06 5.21414e-18 1.10952e-17
3666.58 1.06084e-17 1.149e-17
3672.09 9.37519e-18 1.1818e-17
3677.61 6.80774e-18 1.2009e-17
3683.13 2.39416e-18 1.22307e-17
3688.64 1.17335e-17 1.25056e-17
3694.16 8.42444e-18 1.26317e-17
3699.68 1.34095e-17 1.26814e-17
3705.19 7.51968e-18 1.2452e-17
3710.71 4.39214e-18 1.20976e-17
3716.22 4.07322e-18 1.19323e-17
3721.74 2.88088e-18 1.19056e-17
3727.26 1.73598e-18 1.17609e-17
3732.77 3.99538e-18 1.17285e-17
3738.29 1.27148e-18 1.14099e-17
3743.81 3.6944e-18 1.10504e-17
3749.32 8.04683e-19 1.06274e-17
3754.84 1.80342e-18 1.0328e-17
3760.36 3.1768e-18 9.96804e-18
3765.87 2.5718e-18 9.67841e-18
3771.39 5.91809e-18 9.5841e-18
3776.91 1.23264e-18 9.32825e-18
3782.42 1.69845e-18 9.06853e-18
3787.94 2.79369e-18 8.8481e-18
3793.46 9.65094e-18 8.64195e-18
3798.97 6.65981e-18 8.34131e-18
3804.49 5.0385e-18 8.10934e-18
3810.01 2.42565e-18 7.89947e-18
3815.52 7.00329e-19 7.78453e-18
3821.04 5.21527e-18 7.73851e-18
3826.55 5.52789e-18 7.63721e-18
3832.07 2.63217e-18 7.45852e-18
3837.59 1.91822e-18 7.28683e-18
3843.1 6.09458e-18 7.09925e-18
3848.62 6.90579e-18 6.92591e-18
3854.14 6.28564e-18 6.75251e-18
3859.65 1.19303e-18 6.54555e-18
3865.17 7.03229e-18 6.47146e-18
3870.69 6.78716e-18 6.39983e-18
3876.2 8.50905e-18 6.3134e-18
3881.72 7.87086e-18 6.22637e-18
3887.24 9.4384e-18 6.18068e-18
3892.75 1.09497e-17 6.15332e-18
3898.27 9.66299e-18 6.21632e-18
3903.78 1.0461e-17 6.27188e-18
3909.3 1.61152e-17 6.37901e-18
3914.82 1.46278e-17 6.27576e-18
3920.33 1.98139e-17 6.21215e-18
3925.85 1.79157e-17 6.13928e-18
3931.37 1.84682e-17 6.20751e-18
3936.88 1.66026e-17 6.19237e-18
3942.4 2.28836e-17 6.25804e-18
3947.92 1.52439e-17 6.24831e-18
3953.43 2.10468e-17 6.2434e-18
3958.95 2.2254e-17 6.20286e-18
3964.47 1.48306e-17 6.15063e-18
3969.98 2.05499e-17 6.27239e-18
3975.5 2.2973e-17 6.26618e-18
3981.02 2.31949e-17 6.37324e-18
3986.53 1.82749e-17 6.35314e-18
3992.05 1.95614e-17 6.36832e-18
3997.57 2.32914e-17 6.38253e-18
4003.08 2.67001e-17 6.47788e-18
4008.6 1.91859e-17 6.55108e-18
4014.11 2.02956e-17 6.61281e-18
4019.63 2.60421e-17 6.67243e-18
4025.15 2.57384e-17 6.6232e-18
4030.66 3.03529e-17 6.63208e-18
4036.18 2.72121e-17 6.61197e-18
4041.7 2.82587e-17 6.73686e-18
4047.21 2.88406e-17 6.79874e-18
4052.73 3.16584e-17 6.91117e-18
4058.25 3.01025e-17 6.81892e-18
4063.76 2.43299e-17 6.82673e-18
4069.28 2.80573e-17 6.81452e-18
4074.8 2.47408e-17 6.86243e-18
4080.31 1.95022e-17 6.77944e-18
4085.83 1.84451e-17 6.68455e-18
4091.35 2.05669e-17 6.60368e-18
4096.86 1.9673e-17 6.58488e-18
4102.38 1.54481e-17 6.46019e-18
4107.89 1.57338e-17 6.4807e-18
4113.41 1.88505e-17 7.41337e-18
4118.93 1.92925e-17 9.88559e-18
4124.44 1.9384e-17 7.8204e-18
4129.96 1.38384e-17 6.4768e-18
4135.48 1.70415e-17 6.48261e-18
4140.99 1.99479e-17 6.46439e-18
4146.51 1.99311e-17 6.45535e-18
4152.03 2.08477e-17 6.41877e-18
4157.54 2.11824e-17 6.52303e-18
4163.06 2.22569e-17 6.60677e-18
4168.58 1.55623e-17 6.56126e-18
4174.09 2.0133e-17 6.48842e-18
4179.61 1.79682e-17 6.7689e-18
4185.13 2.19361e-17 6.37564e-18
4190.64 1.26986e-17 6.22733e-18
4196.16 2.31086e-17 6.27384e-18
4201.67 2.04574e-17 6.1241e-18
4207.19 2.05307e-17 6.11953e-18
4212.71 1.04861e-17 6.00559e-18
4218.22 1.69652e-17 5.96038e-18
4223.74 1.71165e-17 5.95973e-18
4229.26 1.33505e-17 5.88026e-18
4234.77 1.71808e-17 3.19091e-18
4240.29 1.23513e-17 3.30565e-18
4245.81 2.46775e-17 6.11698e-18
4251.32 1.66468e-17 5.98856e-18
4256.84 1.59435e-17 5.79047e-18
4262.36 2.22891e-17 5.86876e-18
4267.87 1.48616e-17 5.65626e-18
4273.39 1.85837e-17 5.61451e-18
4278.91 1.54852e-17 5.54124e-18
4284.42 1.70681e-17 5.4914e-18
4289.94 1.84143e-17 5.46103e-18
4295.45 1.52404e-17 5.39801e-18
4300.97 2.23895e-17 5.35931e-18
4306.49 1.42233e-17 5.29244e-18
4312 1.2072e-17 5.26011e-18
4317.52 1.16191e-17 5.22391e-18
4323.04 1.13008e-17 5.17023e-18
4328.55 1.58352e-17 5.13736e-18
4334.07 1.78924e-17 5.00877e-18
4339.59 1.54811e-17 4.9659e-18
4345.1 1.78006e-17 4.96874e-18
4350.62 1.57899e-17 4.88342e-18
4356.14 1.56613e-17 4.89149e-18
4361.65 1.36788e-17 4.85449e-18
4367.17 1.52786e-17 4.79124e-18
4372.69 2.08144e-17 4.77391e-18
4378.2 2.4419e-17 4.76024e-18
4383.72 2.45146e-17 4.71814e-18
4389.23 2.14428e-17 4.69059e-18
4394.75 2.9114e-17 4.71179e-18
4400.27 3.10765e-17 4.72475e-18
4405.78 3.11614e-17 4.73676e-18
4411.3 3.23977e-17 5.39443e-18
4416.82 3.64079e-17 5.05878e-18
4422.33 3.81389e-17 4.74182e-18
4427.85 2.96088e-17 4.68613e-18
4433.37 4.82493e-17 4.68679e-18
4438.88 4.028e-17 4.65359e-18
4444.4 4.06053e-17 4.61697e-18
4449.92 4.33126e-17 4.57708e-18
4455.43 3.40328e-17 4.50442e-18
4460.95 4.86563e-17 4.80455e-18
4466.47 4.87049e-17 4.7265e-18
4471.98 3.56111e-17 4.41736e-18
4477.5 5.17748e-17 4.46137e-18
4483.01 4.95112e-17 4.45221e-18
4488.53 4.81609e-17 4.44943e-18
4494.05 4.04458e-17 4.42545e-18
4499.56 4.12546e-17 4.41795e-18
4505.08 3.86512e-17 4.3986e-18
4510.6 4.2449e-17 4.40461e-18
4516.11 4.24191e-17 4.40867e-18
4521.63 5.06124e-17 4.39325e-18
4527.15 5.0147e-17 4.42861e-18
4532.66 4.69503e-17 4.41338e-18
4538.18 4.84069e-17 4.45384e-18
4543.7 4.53265e-17 4.45023e-18
4549.21 5.18399e-17 4.44974e-18
4554.73 4.72606e-17 4.41632e-18
4560.25 5.44803e-17 4.39576e-18
4565.76 6.45239e-17 4.38894e-18
4571.28 5.51582e-17 4.34638e-18
4576.79 5.07731e-17 4.34319e-18
4582.31 5.70693e-17 4.38746e-18
4587.83 5.88309e-17 4.40158e-18
4593.34 4.0379e-17 4.60686e-18
4598.86 4.44279e-17 4.28266e-18
4604.38 5.82719e-17 4.49796e-18
4609.89 6.41877e-17 4.41944e-18
4615.41 7.62973e-17 4.37999e-18
4620.93 7.57213e-17 4.39332e-18
4626.44 7.67416e-17 4.37421e-18
4631.96 7.76058e-17 4.37923e-18
4637.48 7.95652e-17 4.39935e-18
4642.99 8.55758e-17 4.41568e-18
4648.51 8.3098e-17 4.44699e-18
4654.03 8.5555e-17 4.45615e-18
4659.54 8.66618e-17 4.50221e-18
4665.06 9.39185e-17 4.52563e-18
4670.57 1.03762e-16 4.57654e-18
4676.09 1.11967e-16 4.60409e-18
4681.61 1.13083e-16 4.59076e-18
4687.12 1.06689e-16 4.56917e-18
4692.64 1.07742e-16 4.59365e-18
4698.16 1.05005e-16 4.54426e-18
4703.67 1.04585e-16 4.52421e-18
4709.19 9.69097e-17 4.47797e-18
4714.71 8.69297e-17 4.41941e-18
4720.22 8.52237e-17 4.3944e-18
4725.74 8.80606e-17 4.38804e-18
4731.26 8.78069e-17 4.37275e-18
4736.77 7.92728e-17 4.31962e-18
4742.29 7.94539e-17 4.28386e-18
4747.81 7.13291e-17 4.23036e-18
4753.32 7.08046e-17 4.22858e-18
4758.84 7.40717e-17 4.20414e-18
4764.35 6.7952e-17 4.18008e-18
4769.87 6.49462e-17 4.1582e-18
4775.39 4.77343e-17 4.1353e-18
4780.9 6.52597e-17 4.12121e-18
4786.42 6.63659e-17 4.09842e-18
4791.94 5.30089e-17 4.09661e-18
4797.45 5.82895e-17 4.09569e-18
4802.97 5.49271e-17 4.07086e-18
4808.49 5.57225e-17 4.05933e-18
4814 5.06649e-17 4.09103e-18
4819.52 4.57248e-17 4.0565e-18
4825.04 4.84259e-17 4.09563e-18
4830.55 5.15516e-17 4.11658e-18
4836.07 4.65141e-17 4.09624e-18
4841.59 4.39684e-17 4.04417e-18
4847.1 5.29637e-17 4.08095e-18
4852.62 4.59229e-17 4.02732e-18
4858.14 4.52424e-17 3.99215e-18
4863.65 4.45777e-17 3.98122e-18
4869.17 4.45073e-17 3.97969e-18
4874.68 4.94579e-17 3.98757e-18
4880.2 4.95415e-17 3.96881e-18
4885.72 4.58739e-17 3.98619e-18
4891.23 4.47719e-17 3.97289e-18
4896.75 4.91459e-17 3.98906e-18
4902.27 5.06621e-17 3.98964e-18
4907.78 4.7855e-17 3.97004e-18
4913.3 5.10279e-17 3.98517e-18
4918.82 4.92486e-17 3.94794e-18
4924.33 4.49611e-17 3.93866e-18
4929.85 4.41618e-17 3.91824e-18
4935.37 4.03393e-17 3.90544e-18
4940.88 4.22161e-17 3.87218e-18
4946.4 3.37447e-17 3.84649e-18
4951.92 3.77654e-17 3.86071e-18
4957.43 3.68705e-17 3.8351e-18
4962.95 3.46994e-17 3.87974e-18
4968.46 4.24218e-17 3.90518e-18
4973.98 4.11276e-17 3.91994e-18
4979.5 4.33825e-17 3.9033e-18
4985.01 4.38833e-17 3.95455e-18
4990.53 4.57939e-17 3.95817e-18
4996.05 5.57971e-17 4.00543e-18
5001.56 5.05158e-17 4.01254e-18
5007.08 6.31299e-17 4.05564e-18
5012.6 7.03005e-17 4.09792e-18
5018.11 7.76457e-17 4.12324e-18
5023.63 8.06698e-17 4.15168e-18
5029.15 8.25615e-17 4.16817e-18
5034.66 8.53415e-17 4.1882e-18
5040.18 9.04123e-17 4.20011e-18
5045.7 8.82593e-17 4.18074e-18
5051.21 8.72723e-17 4.17686e-18
5056.73 8.64569e-17 4.10868e-18
5062.24 7.40675e-17 4.09842e-18
5067.76 7.25712e-17 4.06081e-18
5073.28 6.44404e-17 3.96081e-18
5078.79 5.61115e-17 3.95491e-18
5084.31 4.66912e-17 3.88621e-18
5089.83 4.34073e-17 3.84363e-18
5095.34 4.06929e-17 3.81637e-18
5100.86 3.90724e-17 3.78857e-18
5106.38 3.41624e-17 3.76174e-18
5111.89 3.41974e-17 3.75494e-18
5117.41 4.02888e-17 3.76675e-18
5122.93 4.05022e-17 3.79821e-18
5128.44 3.97135e-17 3.76751e-18
5133.96 4.30911e-17 3.7878e-18
5139.48 4.48509e-17 3.84006e-18
5144.99 4.19503e-17 3.84111e-18
5150.51 5.0428e-17 3.85414e-18
5156.02 5.28311e-17 3.84723e-18
5161.54 4.93839e-17 3.86065e-18
5167.06 4.59289e-17 3.84158e-18
5172.57 4.9439e-17 3.82563e-18
5178.09 5.2991e-17 3.83606e-18
5183.61 5.24002e-17 3.85163e-18
5189.12 5.49547e-17 3.86387e-18
5194.64 5.75757e-17 3.88255e-18
5200.16 5.74331e-17 3.89528e-18
5205.67 5.49528e-17 3.89048e-18
5211.19 5.7432e-17 3.89696e-18
5216.71 5.54022e-17 3.88952e-18
5222.22 6.71928e-17 3.92696e-18
5227.74 6.37543e-17 3.92111e-18
5233.26 6.34777e-17 3.93279e-18
5238.77 6.41101e-17 3.93076e-18
5244.29 6.96653e-17 3.9389e-18
5249.8 6.26054e-17 3.92648e-18
5255.32 6.14878e-17 3.90666e-18
5260.84 6.93403e-17 3.91554e-18
5266.35 6.76846e-17 3.92947e-18
5271.87 7.0415e-17 3.93811e-18
5277.39 6.30513e-17 3.9354e-18
5282.9 6.61459e-17 3.96383e-18
5288.42 7.24165e-17 3.99339e-18
5293.94 7.17527e-17 3.97672e-18
5299.45 6.54859e-17 3.98841e-18
5304.97 8.18802e-17 4.03917e-18
5310.49 7.80614e-17 4.0426e-18
5316 8.14956e-17 4.08217e-18
5321.52 7.69323e-17 4.08799e-18
5327.04 8.18197e-17 4.11133e-18
5332.55 8.40036e-17 4.12071e-18
5338.07 8.85525e-17 4.12933e-18
5343.58 8.96559e-17 4.1361e-18
5349.1 9.04409e-17 4.15657e-18
5354.62 8.98969e-17 4.15035e-18
5360.13 8.6163e-17 4.17001e-18
5365.65 8.95048e-17 4.18001e-18
5371.17 9.2247e-17 4.19667e-18
5376.68 9.32834e-17 4.21826e-18
5382.2 9.12834e-17 4.22281e-18
5387.72 9.8667e-17 4.22299e-18
5393.23 1.0434e-16 4.25586e-18
5398.75 1.01995e-16 4.23224e-18
5404.27 9.73058e-17 4.23236e-18
5409.78 1.04839e-16 4.2535e-18
5415.3 9.92391e-17 4.26399e-18
5420.82 1.08701e-16 4.27599e-18
5426.33 1.13842e-16 4.31543e-18
5431.85 1.09127e-16 4.31501e-18
5437.36 1.08656e-16 4.39095e-18
5442.88 1.155e-16 4.39634e-18
5448.4 1.17806e-16 4.33137e-18
5453.91 1.0672e-16 4.32167e-18
5459.43 1.00892e-16 4.30066e-18
5464.95 1.04462e-16 4.31126e-18
5470.46 1.07226e-16 4.29898e-18
5475.98 9.80986e-17 4.28311e-18
5481.5 9.61293e-17 4.25196e-18
5487.01 1.06978e-16 4.27278e-18
5492.53 9.93191e-17 4.27927e-18
5498.05 1.13162e-16 4.51491e-18
5503.56 1.18486e-16 4.74797e-18
5509.08 1.13096e-16 4.38649e-18
5514.6 1.15212e-16 4.34995e-18
5520.11 1.20786e-16 4.3772e-18
5525.63 1.16151e-16 4.38515e-18
5531.14 1.30446e-16 4.45014e-18
5536.66 1.32028e-16 4.48984e-18
5542.18 1.40424e-16 4.51489e-18
5547.69 1.45193e-16 4.57051e-18
5553.21 1.61536e-16 4.67657e-18
5558.73 1.57864e-16 4.60447e-18
5564.24 1.7078e-16 6.00514e-18
5569.76 1.76804e-16 8.65467e-18
5575.28 2.08736e-16 9.21106e-18
5580.79 1.98831e-16 9.16761e-18
5586.31 2.09007e-16 7.93311e-18
5591.83 2.00494e-16 5.11464e-18
5597.34 2.0224e-16 4.9471e-18
5602.86 1.99983e-16 4.89172e-18
5608.38 1.95986e-16 4.89452e-18
5613.89 2.05142e-16 4.9983e-18
5619.41 1.96465e-16 5.02355e-18
5624.93 1.86955e-16 4.87189e-18
5630.44 1.8527e-16 4.81961e-18
5635.96 1.90405e-16 4.81345e-18
5641.47 1.83292e-16 4.80526e-18
5646.99 1.77608e-16 4.78688e-18
5652.51 1.76492e-16 4.75478e-18
5658.02 1.81224e-16 4.76168e-18
5663.54 1.68537e-16 4.76418e-18
5669.06 1.75164e-16 4.77309e-18
5674.57 1.67158e-16 4.74818e-18
5680.09 1.58164e-16 4.73317e-18
5685.61 1.61077e-16 4.7326e-18
5691.12 1.5922e-16 4.72691e-18
5696.64 1.65452e-16 4.73976e-18
5702.16 1.53297e-16 4.70083e-18
5707.67 1.50808e-16 4.70072e-18
5713.19 1.50916e-16 4.68681e-18
5718.7 1.57848e-16 4.71745e-18
5724.22 1.6657e-16 4.71304e-18
5729.74 1.69677e-16 4.72733e-18
5735.25 1.70484e-16 4.74695e-18
5740.77 1.7242e-16 4.75013e-18
5746.29 1.66798e-16 4.75415e-18
5751.8 1.73488e-16 4.77531e-18
5757.32 1.71819e-16 4.73676e-18
5762.84 1.70723e-16 4.77236e-18
5768.35 1.6314e-16 4.74709e-18
5773.87 1.5669e-16 4.73516e-18
5779.39 1.6212e-16 4.74772e-18
5784.9 1.58658e-16 4.87907e-18
5790.42 1.10487e-16 5.21314e-18
5795.94 1.41748e-16 4.64654e-18
5801.45 1.50728e-16 4.67326e-18
5806.97 1.49674e-16 4.64265e-18
5812.49 1.46571e-16 4.63783e-18
5818 1.36481e-16 4.59919e-18
5823.52 1.42076e-16 4.64299e-18
5829.03 1.4249e-16 4.6268e-18
5834.55 1.38054e-16 4.61573e-18
5840.07 1.32107e-16 4.61195e-18
5845.58 1.38919e-16 4.62115e-18
5851.1 1.30847e-16 4.60865e-18
5856.62 1.41858e-16 4.68113e-18
5862.13 8.973e-17 4.69133e-18
5867.65 1.23825e-16 4.69565e-18
5873.17 1.3398e-16 4.7032e-18
5878.68 1.41165e-16 4.99037e-18
5884.2 1.38262e-16 5.28895e-18
5889.72 1.37039e-16 5.40452e-18
5895.23 1.38591e-16 5.35357e-18
5900.75 1.41673e-16 5.0653e-18
5906.27 1.41101e-16 4.78808e-18
5911.78 1.32828e-16 4.68648e-18
5917.3 8.52856e-17 4.72972e-18
5922.81 9.44474e-17 4.9003e-18
5928.33 1.19528e-16 4.71768e-18
5933.85 1.38127e-16 4.71021e-18
5939.36 1.32988e-16 4.73525e-18
5944.88 1.35908e-16 4.71199e-18
5950.4 1.47571e-16 4.72122e-18
5955.91 1.43395e-16 4.70204e-18
5961.43 1.39521e-16 4.67663e-18
5966.95 1.43845e-16 4.70692e-18
5972.46 1.51349e-16 4.72829e-18
5977.98 1.49446e-16 4.6999e-18
5983.5 1.39849e-16 4.6708e-18
5989.01 1.42445e-16 4.64977e-18
5994.53 1.44071e-16 4.63212e-18
6000.05 1.35277e-16 4.59186e-18
6005.56 1.29601e-16 4.56812e-18
6011.08 1.24636e-16 4.52898e-18
6016.59 1.22985e-16 4.49672e-18
6022.11 1.21215e-16 4.46728e-18
6027.63 1.26947e-16 4.49363e-18
6033.14 1.18567e-16 4.60992e-18
6038.66 1.14965e-16 4.84094e-18
6044.18 1.20421e-16 4.859e-18
6049.69 1.20677e-16 4.57193e-18
6055.21 1.0907e-16 4.40049e-18
6060.73 1.04824e-16 4.35739e-18
6066.24 1.13209e-16 4.36972e-18
6071.76 1.0821e-16 4.35185e-18
6077.28 1.03583e-16 4.34196e-18
6082.79 1.06027e-16 4.34368e-18
6088.31 1.05583e-16 4.31489e-18
6093.83 1.01526e-16 4.323e-18
6099.34 1.06191e-16 4.35782e-18
6104.86 1.06217e-16 4.34653e-18
6110.37 1.04202e-16 4.2998e-18
6115.89 9.57759e-17 4.28458e-18
6121.41 9.5094e-17 4.2515e-18
6126.92 9.29725e-17 4.28011e-18
6132.44 9.84783e-17 4.2992e-18
6137.96 1.00182e-16 4.2971e-18
6143.47 9.0399e-17 4.28834e-18
6148.99 9.92276e-17 4.29768e-18
6154.51 9.61382e-17 4.27825e-18
6160.02 9.93155e-17 4.30785e-18
6165.54 1.00292e-16 4.30715e-18
6171.06 9.90278e-17 4.28831e-18
6176.57 9.1667e-17 4.27917e-18
6182.09 9.12908e-17 4.23477e-18
6187.61 9.17377e-17 4.21188e-18
6193.12 9.01843e-17 4.1882e-18
6198.64 8.18202e-17 4.17265e-18
6204.15 8.78244e-17 4.17218e-18
6209.67 7.93695e-17 4.13562e-18
6215.19 7.91716e-17 4.12238e-18
6220.7 6.62161e-17 4.10265e-18
6226.22 7.08968e-17 4.16187e-18
6231.74 7.83161e-17 4.23848e-18
6237.25 7.31671e-17 4.44099e-18
6242.77 7.27662e-17 5.41015e-18
6248.29 7.53314e-17 4.89297e-18
6253.8 6.94756e-17 4.19162e-18
6259.32 6.73837e-17 4.1074e-18
6264.84 7.09795e-17 4.09491e-18
6270.35 6.49192e-17 4.00985e-18
6275.87 6.01783e-17 4.00928e-18
6281.39 5.96447e-17 3.99357e-18
6286.9 6.09955e-17 4.32031e-18
6292.42 5.77442e-17 4.72314e-18
6297.93 5.03684e-17 4.79195e-18
6303.45 5.6053e-17 4.76196e-18
6308.97 5.32238e-17 4.36272e-18
6314.48 4.72441e-17 3.93135e-18
6320 5.09875e-17 3.91447e-18
6325.52 5.31447e-17 3.92942e-18
6331.03 5.52228e-17 3.90321e-18
6336.55 4.9859e-17 3.87681e-18
6342.07 5.18843e-17 3.92197e-18
6347.58 5.88961e-17 4.00311e-18
6353.1 6.59428e-17 4.22121e-18
6358.62 6.75508e-17 4.23701e-18
6364.13 6.92087e-17 4.20512e-18
6369.65 6.95368e-17 4.11525e-18
6375.17 6.95222e-17 3.9948e-18
6380.68 7.36716e-17 3.9541e-18
6386.2 7.6759e-17 3.99346e-18
6391.71 7.5023e-17 3.95705e-18
6397.23 7.97371e-17 3.96715e-18
6402.75 8.29581e-17 3.95777e-18
6408.26 8.06319e-17 3.95263e-18
6413.78 7.50609e-17 3.94373e-18
6419.3 8.31169e-17 3.94663e-18
6424.81 8.87805e-17 3.97929e-18
6430.33 8.89868e-17 3.97034e-18
6435.85 8.9519e-17 3.94471e-18
6441.36 8.46852e-17 3.96524e-18
6446.88 9.15154e-17 3.99451e-18
6452.4 9.23688e-17 4.04033e-18
6457.91 8.91649e-17 4.06507e-18
6463.43 9.76055e-17 4.11681e-18
6468.95 9.95998e-17 4.11817e-18
6474.46 9.72783e-17 4.08304e-18
6479.98 9.63372e-17 4.01272e-18
6485.49 1.00798e-16 4.05958e-18
6491.01 1.02419e-16 4.08387e-18
6496.53 1.00843e-16 4.11613e-18
6502.04 1.06115e-16 4.12157e-18
6507.56 1.08142e-16 4.08335e-18
6513.08 1.0563e-16 4.05177e-18
6518.59 1.06182e-16 4.0643e-18
6524.11 1.09297e-16 4.13645e-18
6529.63 1.15344e-16 4.17613e-18
6535.14 1.18706e-16 4.18305e-18
6540.66 1.1728e-16 4.20787e-18
6546.18 1.23349e-16 4.23795e-18
6551.69 1.27446e-16 4.25689e-18
6557.21 1.30541e-16 4.27791e-18
6562.73 1.31939e-16 4.26798e-18
6568.24 1.30643e-16 4.25817e-18
6573.76 1.34208e-16 4.26991e-18
6579.27 1.31355e-16 4.231e-18
6584.79 1.30408e-16 4.2204e-18
6590.31 1.31058e-16 4.19874e-18
6595.82 1.29607e-16 4.22124e-18
6601.34 1.2872e-16 4.2093e-18
6606.86 1.33013e-16 4.2175e-18
6612.37 1.28171e-16 4.18037e-18
6617.89 1.30321e-16 4.16891e-18
6623.41 1.28497e-16 4.17591e-18
6628.92 1.34951e-16 4.17766e-18
6634.44 1.31888e-16 4.17099e-18
6639.96 1.25839e-16 4.12213e-18
6645.47 1.28225e-16 4.14316e-18
6650.99 1.23164e-16 4.12e-18
6656.51 1.21606e-16 4.12638e-18
6662.02 1.2217e-16 4.14326e-18
6667.54 1.26071e-16 4.1282e-18
6673.06 1.20521e-16 4.12578e-18
6678.57 1.18778e-16 4.10126e-18
6684.09 1.23264e-16 4.09105e-18
6689.6 1.16051e-16 4.05715e-18
6695.12 1.16355e-16 4.06417e-18
6700.64 1.16312e-16 4.04569e-18
6706.15 1.1489e-16 4.04787e-18
6711.67 1.10826e-16 4.04213e-18
6717.19 1.08915e-16 3.99695e-18
6722.7 1.10073e-16 3.98831e-18
6728.22 1.10513e-16 3.99203e-18
6733.74 1.10006e-16 3.98557e-18
6739.25 1.03956e-16 3.96364e-18
6744.77 1.01408e-16 3.92889e-18
6750.29 1.0329e-16 3.91085e-18
6755.8 9.9407e-17 3.89496e-18
6761.32 9.64205e-17 3.8749e-18
6766.84 9.23237e-17 3.85224e-18
6772.35 9.50622e-17 3.86853e-18
6777.87 9.37074e-17 3.85797e-18
6783.38 8.5881e-17 3.82892e-18
6788.9 8.69603e-17 3.82665e-18
6794.42 8.79691e-17 3.80036e-18
6799.93 8.58442e-17 3.80697e-18
6805.45 9.07782e-17 3.81772e-18
6810.97 7.81982e-17 3.78517e-18
6816.48 9.09413e-17 3.89344e-18
6822 8.90514e-17 4.02317e-18
6827.52 7.57422e-17 4.0593e-18
6833.03 7.59982e-17 4.087e-18
6838.55 7.85333e-17 4.00858e-18
6844.07 7.47598e-17 3.85939e-18
6849.58 7.73189e-17 3.80287e-18
6855.1 7.65402e-17 3.92997e-18
6860.62 7.27235e-17 3.88962e-18
6866.13 7.00142e-17 3.81196e-18
6871.65 7.23952e-17 3.72214e-18
6877.16 8.28406e-17 3.68418e-18
6882.68 8.20034e-17 3.68525e-18
6888.2 8.05848e-17 3.70101e-18
6893.71 7.47342e-17 3.69899e-18
6899.23 7.82175e-17 3.70841e-18
6904.75 8.14441e-17 3.73466e-18
6910.26 7.53164e-17 3.78733e-18
6915.78 7.56068e-17 3.84322e-18
6921.3 8.06422e-17 3.85618e-18
6926.81 8.35975e-17 3.85422e-18
6932.33 7.58646e-17 3.81754e-18
6937.85 7.48503e-17 3.85635e-18
6943.36 7.56915e-17 3.90646e-18
6948.88 7.39972e-17 3.88509e-18
6954.4 7.90287e-17 3.86722e-18
6959.91 7.64964e-17 3.81504e-18
6965.43 7.15902e-17 3.77798e-18
6970.94 7.28188e-17 3.83404e-18
6976.46 6.58629e-17 3.83182e-18
6981.98 6.11528e-17 3.78044e-18
6987.49 6.80112e-17 3.75054e-18
6993.01 6.42119e-17 3.68538e-18
6998.53 6.59106e-17 3.69897e-18
7004.04 6.46345e-17 3.7132e-18
7009.56 6.38088e-17 3.71249e-18
7015.08 6.37969e-17 3.69952e-18
7020.59 6.52142e-17 3.65466e-18
7026.11 6.40617e-17 3.63001e-18
7031.63 6.38193e-17 3.65746e-18
7037.14 6.21479e-17 3.68561e-18
7042.66 6.19007e-17 3.73113e-18
7048.18 6.61849e-17 3.77382e-18
7053.69 6.91498e-17 3.79729e-18
7059.21 7.39362e-17 3.79291e-18
7064.72 7.1249e-17 3.76504e-18
7070.24 6.60733e-17 3.77011e-18
7075.76 7.22829e-17 3.79541e-18
7081.27 7.38219e-17 3.79818e-18
7086.79 7.2568e-17 3.81562e-18
7092.31 7.32573e-17 3.80445e-18
7097.82 7.23953e-17 3.78339e-18
7103.34 7.6581e-17 3.78422e-18
7108.86 7.55479e-17 3.76534e-18
7114.37 7.90255e-17 3.79145e-18
7119.89 7.50605e-17 3.80313e-18
7125.41 7.91227e-17 3.81322e-18
7130.92 7.75686e-17 3.81932e-18
7136.44 8.41723e-17 3.85377e-18
7141.96 7.40416e-17 3.83383e-18
7147.47 7.67194e-17 3.8325e-18
7152.99 7.2339e-17 3.8377e-18
7158.5 7.41162e-17 3.82168e-18
7164.02 7.4664e-17 3.79794e-18
7169.54 6.89617e-17 3.75654e-18
7175.05 7.05308e-17 3.73856e-18
7180.57 7.15134e-17 3.70081e-18
7186.09 6.92694e-17 3.65986e-18
7191.6 6.54255e-17 3.64182e-18
7197.12 6.72555e-17 3.65479e-18
7202.64 6.86417e-17 3.67444e-18
7208.15 6.6839e-17 3.68403e-18
7213.67 6.91868e-17 3.69643e-18
7219.19 7.00987e-17 3.69322e-18
7224.7 6.52265e-17 3.73568e-18
7230.22 6.67926e-17 4.00706e-18
7235.74 6.84525e-17 4.31434e-18
7241.25 6.77727e-17 4.43585e-18
7246.77 6.23524e-17 4.39153e-18
7252.28 6.5708e-17 4.16141e-18
7257.8 6.87952e-17 3.9168e-18
7263.32 7.01809e-17 3.90694e-18
7268.83 6.56714e-17 4.19298e-18
7274.35 6.57101e-17 4.32271e-18
7279.87 6.66056e-17 4.41213e-18
7285.38 5.89583e-17 4.27909e-18
7290.9 4.55934e-17 4.14857e-18
7296.42 6.50241e-17 3.95838e-18
7301.93 6.70889e-17 3.96705e-18
7307.45 6.87914e-17 4.18088e-18
7312.97 7.77778e-17 4.21402e-18
7318.48 8.04615e-17 4.28075e-18
7324 7.90747e-17 4.24959e-18
7329.52 7.88772e-17 4.27535e-18
7335.03 8.66575e-17 4.44033e-18
7340.55 8.73499e-17 4.42053e-18
7346.06 8.8314e-17 4.42801e-18
7351.58 9.54372e-17 4.31476e-18
7357.1 1.03914e-16 4.30346e-18
7362.61 9.77491e-17 4.43944e-18
7368.13 9.41276e-17 4.42095e-18
7373.65 1.00106e-16 4.3793e-18
7379.16 1.02377e-16 4.28741e-18
7384.68 1.03622e-16 4.17003e-18
7390.2 1.03387e-16 4.22344e-18
7395.71 1.03381e-16 4.34499e-18
7401.23 9.23985e-17 4.31542e-18
7406.75 1.00973e-16 4.25749e-18
7412.26 1.00848e-16 4.15306e-18
7417.78 9.39026e-17 4.02516e-18
7423.3 9.10695e-17 4.04792e-18
7428.81 8.42544e-17 4.09216e-18
7434.33 8.37207e-17 4.14513e-18
7439.85 8.65917e-17 4.09979e-18
7445.36 8.87278e-17 4.06163e-18
7450.88 8.47504e-17 3.99306e-18
7456.39 8.57461e-17 3.97549e-18
7461.91 8.31264e-17 4.0358e-18
7467.43 7.88813e-17 4.1109e-18
7472.94 7.89903e-17 4.21916e-18
7478.46 8.25518e-17 4.23496e-18
7483.98 8.28609e-17 4.15498e-18
7489.49 8.05197e-17 4.10999e-18
7495.01 7.62591e-17 4.01437e-18
7500.53 6.83431e-17 3.93381e-18
7506.04 6.79705e-17 3.93662e-18
7511.56 6.65111e-17 3.98659e-18
7517.08 6.42625e-17 4.08942e-18
7522.59 6.31464e-17 4.16937e-18
7528.11 5.54432e-17 4.18308e-18
7533.63 5.69023e-17 4.09193e-18
7539.14 5.53517e-17 3.93932e-18
7544.66 5.70591e-17 3.87764e-18
7550.17 6.11672e-17 3.856e-18
7555.69 4.7734e-17 3.85615e-18
7561.21 4.97027e-17 3.96346e-18
7566.72 4.9487e-17 4.06261e-18
7572.24 5.87705e-17 4.07139e-18
7577.76 4.68731e-17 4.01719e-18
7583.27 4.07508e-17 3.88526e-18
7588.79 3.95028e-17 3.74531e-18
7594.31 2.97826e-17 3.59999e-18
7599.82 3.33957e-17 3.428e-18
7605.34 4.13454e-17 3.35926e-18
7610.86 4.64781e-17 3.40898e-18
7616.37 3.48067e-17 3.47262e-18
7621.89 2.53586e-17 3.54158e-18
7627.41 1.8449e-17 3.55696e-18
7632.92 3.78335e-17 3.5784e-18
7638.44 4.36728e-17 3.58204e-18
7643.95 4.70892e-17 3.62184e-18
7649.47 5.37681e-17 3.71792e-18
7654.99 4.5323e-17 3.81002e-18
7660.5 4.48156e-17 3.88819e-18
7666.02 5.62422e-17 3.95128e-18
7671.54 6.04462e-17 4.01196e-18
7677.05 6.22786e-17 4.03386e-18
7682.57 6.11761e-17 4.04958e-18
7688.09 5.83211e-17 4.06707e-18
7693.6 6.21888e-17 4.14627e-18
7699.12 5.99806e-17 4.23144e-18
7704.64 6.39104e-17 4.59482e-18
7710.15 5.91512e-17 5.04949e-18
7715.67 6.42577e-17 5.15724e-18
7721.19 5.56006e-17 5.14692e-18
7726.7 5.4455e-17 4.78463e-18
7732.22 6.69884e-17 4.49647e-18
7737.73 7.4946e-17 4.46947e-18
7743.25 8.15471e-17 4.91009e-18
7748.77 7.99028e-17 5.08749e-18
7754.28 8.64661e-17 5.218e-18
7759.8 7.89336e-17 5.06937e-18
7765.32 7.81232e-17 4.82955e-18
7770.83 8.61388e-17 4.77444e-18
7776.35 9.39072e-17 4.75649e-18
7781.87 1.01862e-16 4.87947e-18
7787.38 1.08089e-16 5.1122e-18
7792.9 1.01842e-16 5.12134e-18
7798.42 9.93217e-17 5.184e-18
7803.93 1.0386e-16 5.20097e-18
7809.45 1.094e-16 5.08607e-18
7814.97 1.15493e-16 5.3794e-18
7820.48 1.15103e-16 5.40603e-18
7826 1.13282e-16 5.29754e-18
7831.51 1.08379e-16 5.20289e-18
7837.03 1.12516e-16 4.98938e-18
7842.55 1.10267e-16 5.19277e-18
7848.06 1.23883e-16 5.62286e-18
7853.58 1.28346e-16 5.71831e-18
7859.1 1.24335e-16 5.71603e-18
7864.61 1.08184e-16 5.56154e-18
7870.13 1.17284e-16 5.45476e-18
7875.65 1.18127e-16 5.44758e-18
7881.16 1.25194e-16 5.53081e-18
7886.68 1.2716e-16 5.58693e-18
7892.2 1.30163e-16 5.44098e-18
7897.71 1.24688e-16 5.29554e-18
7903.23 1.188e-16 5.32505e-18
7908.75 1.12052e-16 5.58961e-18
7914.26 1.2157e-16 5.82935e-18
7919.78 1.05373e-16 5.91765e-18
7925.29 6.94856e-17 5.73525e-18
7930.81 7.37166e-17 5.322e-18
7936.33 8.07326e-17 5.17653e-18
7941.84 8.75137e-17 5.12538e-18
7947.36 8.33134e-17 4.98254e-18
7952.88 8.98436e-17 5.05937e-18
7958.39 8.43807e-17 5.29062e-18
7963.91 7.494e-17 5.23952e-18
7969.43 7.95643e-17 5.3396e-18
7974.94 6.34366e-17 5.33335e-18
7980.46 5.81407e-17 5.06391e-18
7985.98 5.28949e-17 5.30776e-18
7991.49 4.94116e-17 5.29753e-18
7997.01 5.18871e-17 5.20625e-18
8002.53 5.15619e-17 5.10532e-18
8008.04 4.06216e-17 4.82064e-18
8013.56 3.80958e-17 4.8453e-18
8019.07 4.4656e-17 5.25878e-18
8024.59 3.90379e-17 5.26301e-18
8030.11 4.11053e-17 5.09371e-18
8035.62 3.31981e-17 4.87008e-18
8041.14 2.83952e-17 4.62232e-18
8046.66 2.40599e-17 4.55833e-18
8052.17 2.31196e-17 4.68355e-18
8057.69 2.94355e-17 4.7978e-18
8063.21 2.22368e-17 4.74708e-18
8068.72 1.73676e-17 4.64494e-18
8074.24 1.94548e-17 4.50389e-18
8079.76 1.02948e-17 4.41878e-18
8085.27 1.61719e-17 4.49312e-18
8090.79 1.05593e-17 4.52664e-18
8096.31 1.18425e-17 4.56764e-18
8101.82 5.64759e-18 4.52941e-18
8107.34 5.84103e-18 4.47824e-18
8112.85 7.27704e-18 4.40931e-18
8118.37 9.20794e-18 4.3794e-18
8123.89 4.2962e-18 4.39526e-18
8129.4 1.11275e-17 4.51076e-18
8134.92 1.62898e-17 4.53776e-18
8140.44 1.43724e-17 4.55998e-18
8145.95 9.84041e-18 4.91417e-18
8151.47 1.65642e-17 5.14479e-18
8156.99 1.24191e-17 4.7859e-18
8162.5 1.575e-17 4.56958e-18
8168.02 1.46903e-17 4.57032e-18
8173.54 2.44635e-17 4.55848e-18
8179.05 2.34305e-17 4.55491e-18
8184.57 1.46897e-17 4.54507e-18
8190.09 1.08469e-17 4.58321e-18
8195.6 1.64936e-17 4.66493e-18
8201.12 1.51732e-17 4.70946e-18
8206.63 1.36341e-17 4.6814e-18
8212.15 1.26044e-17 4.65065e-18
8217.67 1.30544e-17 4.60549e-18
8223.18 9.55144e-18 4.57057e-18
8228.7 8.90072e-18 4.58823e-18
8234.22 6.15237e-18 4.63249e-18
8239.73 7.54874e-18 4.78273e-18
8245.25 6.86821e-18 5.18097e-18
8250.77 1.50528e-17 4.89331e-18
8256.28 8.27644e-18 4.68207e-18
8261.8 7.86497e-18 4.68632e-18
8267.32 1.13557e-17 4.81971e-18
8272.83 8.98679e-18 5.13873e-18
8278.35 1.49709e-17 5.62727e-18
8283.87 1.4616e-17 5.9524e-18
8289.38 1.40229e-17 6.22078e-18
8294.9 1.3567e-17 6.24445e-18
8300.42 1.06325e-17 6.01314e-18
8305.93 1.38467e-17 5.94623e-18
8311.45 1.79852e-17 5.56256e-18
8316.96 1.39086e-17 5.2643e-18
8322.48 3.66888e-18 5.08209e-18
8328 7.19322e-18 4.96396e-18
8333.51 2.50477e-18 5.4691e-18
8339.03 7.79273e-18 6.42852e-18
8344.55 1.47084e-17 7.14535e-18
8350.06 1.45952e-17 7.36277e-18
8355.58 1.24326e-17 6.81057e-18
8361.1 6.10854e-18 5.93289e-18
8366.61 1.38086e-17 5.88536e-18
8372.13 7.07659e-18 5.939e-18
8377.65 5.53459e-18 5.78527e-18
8383.16 1.38579e-17 5.86837e-18
8388.68 1.65147e-17 6.23877e-18
8394.2 1.5932e-17 6.64428e-18
8399.71 1.69213e-17 6.57461e-18
8405.23 4.6918e-18 6.58148e-18
8410.74 5.55062e-18 6.44067e-18
8416.26 1.17674e-17 6.16372e-18
8421.78 1.18181e-17 6.78927e-18
8427.29 2.48027e-17 7.104e-18
8432.81 2.1284e-17 6.92646e-18
8438.33 1.20092e-17 6.67704e-18
8443.84 1.19721e-17 6.24427e-18
8449.36 2.33732e-17 6.12166e-18
8454.88 1.44888e-17 6.49937e-18
8460.39 2.3847e-17 6.92615e-18
8465.91 2.60688e-17 6.8745e-18
8471.43 2.90991e-17 6.94421e-18
8476.94 1.56351e-17 6.41237e-18
8482.46 1.6108e-17 5.87665e-18
8487.98 2.02215e-17 5.99623e-18
8493.49 1.97719e-17 6.26454e-18
8499.01 2.53205e-17 6.59512e-18
8504.52 2.57576e-17 6.57268e-18
8510.04 2.69347e-17 6.35494e-18
8515.56 3.25444e-17 6.13456e-18
8521.07 2.90248e-17 5.87895e-18
8526.59 3.01287e-17 5.95468e-18
8532.11 3.76041e-17 6.13649e-18
8537.62 4.61435e-17 6.32606e-18
8543.14 5.23012e-17 6.45059e-18
8548.66 4.70947e-17 6.37256e-18
8554.17 4.92849e-17 6.33253e-18
8559.69 4.5493e-17 6.23212e-18
8565.21 4.32438e-17 6.23333e-18
8570.72 4.81226e-17 6.29043e-18
8576.24 6.21863e-17 6.39155e-18
8581.76 7.59069e-17 6.4459e-18
8587.27 7.13626e-17 6.42546e-18
8592.79 6.89946e-17 6.46142e-18
8598.3 8.07738e-17 6.54255e-18
8603.82 7.43401e-17 6.71669e-18
8609.34 8.66722e-17 7.14582e-18
8614.85 1.04405e-16 7.84122e-18
8620.37 1.11558e-16 8.54241e-18
8625.89 1.2394e-16 9.08609e-18
8631.4 1.14152e-16 9.07997e-18
8636.92 1.17011e-16 9.25875e-18
8642.44 1.28102e-16 9.28872e-18
8647.95 1.36856e-16 9.23167e-18
8653.47 1.56619e-16 9.39408e-18
8658.99 1.63909e-16 9.54886e-18
8664.5 1.6858e-16 9.51648e-18
8670.02 1.70473e-16 9.25334e-18
8675.54 1.63624e-16 8.93829e-18
8681.05 1.6229e-16 8.602e-18
8686.57 1.85858e-16 8.359e-18
8692.08 2.0111e-16 8.14637e-18
8697.6 2.06269e-16 7.97962e-18
8703.12 2.32179e-16 7.98115e-18
8708.63 2.15178e-16 7.87184e-18
8714.15 2.11731e-16 7.88601e-18
8719.67 2.19537e-16 8.00567e-18
8725.18 2.26677e-16 8.04828e-18
8730.7 2.64615e-16 8.22908e-18
8736.22 2.81663e-16 8.26639e-18
8741.73 2.6691e-16 8.21064e-18
8747.25 2.69963e-16 8.42996e-18
8752.77 2.55138e-16 8.906e-18
8758.28 2.66044e-16 9.70265e-18
8763.8 2.78242e-16 1.02954e-17
8769.32 2.90276e-16 1.0617e-17
8774.83 2.89759e-16 1.03126e-17
8780.35 2.72347e-16 9.88123e-18
8785.86 2.48233e-16 9.49573e-18
8791.38 2.47106e-16 9.07882e-18
8796.9 2.66418e-16 8.90846e-18
8802.41 2.65659e-16 8.82619e-18
8807.93 2.67911e-16 8.60346e-18
8813.45 2.70192e-16 9.08116e-18
8818.96 2.69096e-16 9.99116e-18
8824.48 2.51342e-16 1.06187e-17
8830 2.39005e-16 1.10925e-17
8835.51 2.51499e-16 1.08203e-17
8841.03 2.43888e-16 9.83078e-18
8846.55 2.43612e-16 9.15756e-18
8852.06 2.48593e-16 8.89052e-18
8857.58 2.33562e-16 8.99591e-18
8863.1 2.07404e-16 9.03404e-18
8868.61 2.15909e-16 9.27369e-18
8874.13 2.24412e-16 9.75634e-18
8879.64 2.34307e-16 1.00689e-17
8885.16 2.26714e-16 1.00869e-17
8890.68 2.09119e-16 1.01e-17
8896.19 2.05758e-16 9.84287e-18
8901.71 1.82784e-16 9.48996e-18
8907.23 1.83242e-16 9.99503e-18
8912.74 1.8417e-16 1.03591e-17
8918.26 2.04692e-16 1.03524e-17
8923.78 1.65015e-16 1.01209e-17
8929.29 1.70484e-16 9.57525e-18
8934.81 1.60652e-16 9.22376e-18
8940.33 1.6093e-16 9.20795e-18
8945.84 1.62428e-16 9.68326e-18
8951.36 1.73991e-16 9.90237e-18
8956.88 1.49083e-16 9.72059e-18
8962.39 1.27543e-16 9.55702e-18
8967.91 1.26732e-16 9.07838e-18
8973.42 1.21779e-16 8.75457e-18
8978.94 1.32869e-16 8.79202e-18
8984.46 1.34639e-16 8.88415e-18
8989.97 1.2945e-16 9.14517e-18
8995.49 1.08461e-16 9.2906e-18
9001.01 8.93845e-17 9.27044e-18
9006.52 1.20168e-16 9.22309e-18
9012.04 1.23001e-16 8.89989e-18
9017.56 1.21927e-16 8.53644e-18
9023.07 1.3604e-16 8.53279e-18
9028.59 1.21121e-16 8.69025e-18
9034.11 8.72432e-17 8.82705e-18
9039.62 9.40741e-17 9.14722e-18
9045.14 1.13361e-16 9.3169e-18
9050.66 1.09328e-16 9.16276e-18
9056.17 9.92517e-17 8.85229e-18
9061.69 7.86703e-17 8.59659e-18
9067.2 7.96153e-17 8.6318e-18
9072.72 9.45927e-17 8.70838e-18
9078.24 1.03533e-16 8.75371e-18
9083.75 1.02328e-16 8.69829e-18
9089.27 7.92491e-17 8.66741e-18
9094.79 6.94298e-17 8.78565e-18
9100.3 7.13933e-17 8.97603e-18
9105.82 8.93033e-17 8.98386e-18
9111.34 1.06331e-16 8.75258e-18
9116.85 9.60304e-17 8.64051e-18
9122.37 6.7223e-17 8.46068e-18
9127.89 5.61249e-17 8.57746e-18
9133.4 8.81839e-17 8.78885e-18
9138.92 1.10316e-16 8.92501e-18
9144.44 9.61937e-17 8.84067e-18
9149.95 7.85514e-17 8.80157e-18
9155.47 5.28753e-17 8.84075e-18
9160.99 8.41179e-17 8.93724e-18
9166.5 9.60154e-17 8.92922e-18
9172.02 9.20078e-17 8.78658e-18
9177.53 7.20702e-17 8.59261e-18
9183.05 4.72139e-17 8.50633e-18
9188.57 5.19215e-17 8.56941e-18
9194.08 6.9219e-17 8.68102e-18
9199.6 6.18516e-17 8.6883e-18
9205.12 4.92888e-17 8.67433e-18
9210.63 6.68646e-17 8.65149e-18
9216.15 7.1583e-17 8.59779e-18
9221.67 7.33772e-17 8.46247e-18
9227.18 5.98161e-17 8.31356e-18
