3399.41 1.69835e-16 7.81826e-17
3402.78 6.44523e-17 7.57696e-17
3406.14 -1.96792e-17 7.77364e-17
3409.5 -1.42401e-16 7.79102e-17
3412.87 -3.64894e-17 7.22645e-17
3416.23 1.15734e-16 7.23827e-17
3419.59 -7.59014e-17 7.54975e-17
3422.96 9.37957e-17 7.83739e-17
3426.32 1.11339e-16 7.74219e-17
3429.68 1.17616e-16 7.48461e-17
3433.05 1.46266e-18 7.53219e-17
3436.41 -1.25201e-16 7.83908e-17
3439.77 -1.13031e-16 7.49704e-17
3443.14 -3.00685e-17 7.43296e-17
3446.5 9.6391e-17 7.65974e-17
3449.86 1.70168e-16 7.5545e-17
3453.23 -1.31041e-16 7.8041e-17
3456.59 -8.60245e-17 7.27368e-17
3459.95 4.65522e-17 7.38217e-17
3463.32 -1.84387e-17 7.24172e-17
3466.68 -1.44572e-16 7.50638e-17
3470.04 -3.97005e-17 7.44967e-17
3473.41 -8.62416e-17 7.3861e-17
3476.77 -6.80553e-17 7.62292e-17
3480.13 1.26639e-16 7.60111e-17
3483.5 -1.33994e-16 7.2813e-17
3486.86 -1.36785e-16 7.21024e-17
3490.22 1.40833e-17 7.26968e-17
3493.59 1.46159e-16 7.43829e-17
3496.95 -3.73977e-17 7.08228e-17
3500.31 -7.16968e-17 7.15558e-17
3503.68 3.73208e-16 7.63399e-17
3507.04 1.89418e-16 7.19103e-17
3510.4 1.00478e-17 6.89552e-17
3513.77 1.66083e-16 7.26916e-17
3517.13 3.60975e-16 7.06701e-17
3520.49 6.69115e-17 6.98551e-17
3523.86 1.82795e-16 7.08489e-17
3527.22 1.27938e-16 6.90909e-17
3530.58 1.13603e-17 7.20756e-17
3533.95 -6.41279e-17 7.1948e-17
3537.31 1.51748e-17 7.0566e-17
3540.67 2.12219e-16 6.65619e-17
3544.04 5.78847e-17 6.38204e-17
3547.4 2.67689e-16 6.39471e-17
3550.76 3.43801e-16 6.34165e-17
3554.13 7.01982e-17 5.96433e-17
3557.49 2.49497e-16 5.56027e-17
3560.85 7.14978e-17 5.49402e-17
3564.22 1.74666e-16 5.6484e-17
3567.58 2.62822e-17 5.1852e-17
3570.95 1.32238e-17 5.0062e-17
3574.31 -2.17717e-16 5.05739e-17
3577.67 -2.28452e-16 4.99873e-17
3581.04 1.40328e-16 4.78959e-17
3584.4 1.11917e-16 4.55164e-17
3587.76 7.17499e-17 4.49576e-17
3591.13 2.77363e-17 4.47708e-17
3594.49 3.93045e-17 4.2131e-17
3597.85 -6.22453e-17 4.1771e-17
3601.22 -6.11182e-17 4.20274e-17
3604.58 9.89765e-17 4.06527e-17
3607.94 5.134e-17 3.91702e-17
3611.31 9.61903e-17 3.86403e-17
3614.67 -9.94222e-18 3.87049e-17
3618.03 -5.34625e-17 3.76931e-17
3621.4 5.65797e-17 3.75615e-17
3624.76 -3.20888e-18 3.72531e-17
3628.12 8.82614e-17 3.59144e-17
3631.49 5.15566e-17 3.50751e-17
3634.85 -7.65314e-18 3.41559e-17
3638.21 -5.82912e-17 3.35207e-17
3641.58 -5.64556e-17 3.25532e-17
3644.94 -1.55973e-17 3.20827e-17
3648.3 1.23029e-16 3.16368e-17
3651.67 -8.52554e-18 2.97381e-17
3655.03 5.11084e-17 2.91436e-17
3658.39 6.54588e-17 2.89034e-17
3661.76 -1.10435e-17 2.87233e-17
3665.12 4.22349e-17 2.7523e-17
3668.48 6.18086e-17 2.75179e-17
3671.85 -5.56636e-18 2.6841e-17
3675.21 -8.65066e-17 2.66149e-17
3678.57 7.36798e-17 2.66021e-17
3681.94 1.10865e-16 2.58218e-17
3685.3 1.25857e-16 2.55322e-17
3688.66 1.8091e-17 2.47349e-17
3692.03 1.03292e-16 2.50032e-17
3695.39 7.20978e-17 2.39456e-17
3698.75 7.39072e-18 2.39019e-17
3702.12 2.04223e-17 2.3148e-17
3705.48 4.64877e-17 2.3317e-17
3708.84 7.22111e-18 2.25076e-17
3712.21 1.8556e-17 2.24867e-17
3715.57 4.30476e-18 2.18613e-17
3718.93 2.30854e-17 2.08057e-17
3722.3 1.14015e-16 2.19783e-17
3725.66 5.58994e-18 2.10129e-17
3729.02 -4.62399e-17 2.09715e-17
3732.39 6.3442e-17 2.03751e-17
3735.75 3.56708e-17 2.0185e-17
3739.11 3.87988e-17 1.96463e-17
3742.48 -9.16571e-18 1.87749e-17
3745.84 -6.01708e-18 1.87004e-17
3749.2 5.87098e-17 1.86356e-17
3752.57 3.87789e-17 1.816e-17
3755.93 7.4721e-18 1.77691e-17
3759.29 1.18551e-17 1.74194e-17
3762.66 -1.91905e-17 1.71181e-17
3766.02 6.44833e-17 1.71043e-17
3769.38 8.42669e-18 1.64793e-17
3772.75 2.89817e-17 1.62247e-17
3776.11 3.58159e-17 1.61991e-17
3779.47 5.45395e-17 1.63247e-17
3782.84 2.67381e-17 1.57555e-17
3786.2 3.75391e-17 1.5757e-17
3789.56 1.56612e-17 1.49669e-17
3792.93 -3.98918e-17 1.48451e-17
3796.29 -6.41098e-18 1.4345e-17
3799.65 4.06767e-17 1.40759e-17
3803.02 3.29602e-17 1.42774e-17
3806.38 1.84366e-17 1.4134e-17
3809.74 4.95014e-17 1.38472e-17
3813.11 3.57393e-17 1.36167e-17
3816.47 8.95899e-18 1.31655e-17
3819.83 1.40708e-17 1.32108e-17
3823.2 -7.36744e-18 1.31531e-17
3826.56 2.95578e-17 1.33623e-17
3829.92 9.54814e-17 1.37147e-17
3833.29 3.91019e-17 1.32134e-17
3836.65 7.84162e-18 1.27088e-17
3840.01 8.2372e-17 1.30536e-17
3843.38 2.55022e-17 1.23351e-17
3846.74 5.4754e-17 1.224e-17
3850.1 7.87561e-17 1.24599e-17
3853.47 1.1355e-16 1.24748e-17
3856.83 6.55456e-17 1.16712e-17
3860.19 8.14566e-18 1.10581e-17
3863.56 5.26025e-17 1.10309e-17
3866.92 5.33904e-17 1.10686e-17
3870.28 9.95039e-17 1.1323e-17
3873.65 7.55006e-17 1.08377e-17
3877.01 9.68565e-17 1.09049e-17
3880.38 5.80747e-17 1.02956e-17
3883.74 5.82917e-17 1.02855e-17
3887.1 8.83218e-17 1.03605e-17
3890.47 1.23234e-16 1.04706e-17
3893.83 9.187e-17 1.00882e-17
3897.19 8.28445e-17 1.0009e-17
3900.56 7.90176e-17 1.01682e-17
3903.92 1.18741e-16 1.04896e-17
3907.28 1.14383e-16 1.05814e-17
3910.65 1.21311e-16 1.05724e-17
3914.01 1.14517e-16 1.04636e-17
3917.37 1.16649e-16 1.02508e-17
3920.74 1.29971e-16 1.01554e-17
3924.1 1.29429e-16 9.96704e-18
3927.46 1.33852e-16 9.832e-18
3930.83 1.24244e-16 9.52151e-18
3934.19 1.17019e-16 9.38968e-18
3937.55 1.18535e-16 9.41286e-18
3940.92 1.19726e-16 9.56646e-18
3944.28 1.248e-16 9.55132e-18
3947.64 1.04114e-16 9.34545e-18
3951.01 1.31061e-16 9.40115e-18
3954.37 1.46101e-16 9.42848e-18
3957.73 1.08708e-16 8.82011e-18
3961.1 1.13879e-16 8.79421e-18
3964.46 1.09183e-16 8.71667e-18
3967.82 1.23779e-16 8.83796e-18
3971.19 1.44228e-16 8.66771e-18
3974.55 1.0968e-16 8.46771e-18
3977.91 1.00912e-16 8.57723e-18
3981.28 1.13582e-16 8.525e-18
3984.64 8.20673e-17 8.08898e-18
3988 9.29029e-17 8.03349e-18
3991.37 1.02012e-16 7.99605e-18
3994.73 9.86403e-17 7.91413e-18
3998.09 1.24158e-16 8.08007e-18
4001.46 1.13221e-16 7.90398e-18
4004.82 9.92995e-17 8.05526e-18
4008.18 1.08293e-16 8.10913e-18
4011.55 9.76842e-17 7.93025e-18
4014.91 1.06027e-16 7.96661e-18
4018.27 6.96443e-17 7.45148e-18
4021.64 1.25676e-16 8.01826e-18
4025 1.19269e-16 7.95673e-18
4028.36 1.1766e-16 7.77955e-18
4031.73 1.28941e-16 7.70673e-18
4035.09 1.09774e-16 7.42591e-18
4038.45 1.03775e-16 7.59186e-18
4041.82 1.17976e-16 7.78591e-18
4045.18 1.26666e-16 7.83699e-18
4048.54 1.22197e-16 7.67348e-18
4051.91 1.11186e-16 7.67407e-18
4055.27 9.61545e-17 7.50483e-18
4058.63 1.26119e-16 7.69051e-18
4062 1.31073e-16 7.74996e-18
4065.36 1.1669e-16 7.68942e-18
4068.72 9.83793e-17 7.41031e-18
4072.09 9.95027e-17 7.37475e-18
4075.45 9.72911e-17 7.27923e-18
4078.81 7.77734e-17 7.04178e-18
4082.18 9.06755e-17 7.04938e-18
4085.54 6.94518e-17 6.73915e-18
4088.9 7.37073e-17 6.76322e-18
4092.27 8.72591e-17 6.71745e-18
4095.63 7.55533e-17 6.5388e-18
4098.99 8.28087e-17 6.45308e-18
4102.36 8.43493e-17 6.56916e-18
4105.72 7.02746e-17 6.52808e-18
4109.08 6.88087e-17 6.43203e-18
4112.45 7.4985e-17 6.45463e-18
4115.81 6.82089e-17 6.35554e-18
4119.17 6.52724e-17 6.16728e-18
4122.54 5.7666e-17 6.15034e-18
4125.9 7.96913e-17 6.36135e-18
4129.26 8.7624e-17 6.3457e-18
4132.63 7.37887e-17 6.24215e-18
4135.99 6.56722e-17 6.19874e-18
4139.35 6.53483e-17 6.0186e-18
4142.72 8.99295e-17 6.21098e-18
4146.08 8.23549e-17 6.14945e-18
4149.44 7.23287e-17 6.16906e-18
4152.81 6.55767e-17 6.01208e-18
4156.17 9.94624e-17 6.31656e-18
4159.53 8.88531e-17 6.28862e-18
4162.9 7.51017e-17 6.17783e-18
4166.26 7.8349e-17 6.17541e-18
4169.62 5.28706e-17 5.89449e-18
4172.99 6.90912e-17 6.06558e-18
4176.35 9.48052e-17 6.2305e-18
4179.72 8.15568e-17 6.06801e-18
4183.08 8.40101e-17 5.99629e-18
4186.44 8.60091e-17 5.93717e-18
4189.81 7.84215e-17 5.81006e-18
4193.17 8.43018e-17 5.7831e-18
4196.53 7.80896e-17 5.70148e-18
4199.9 8.7545e-17 5.77135e-18
4203.26 8.32046e-17 5.72173e-18
4206.62 7.5868e-17 5.52827e-18
4209.99 7.65643e-17 5.55431e-18
4213.35 7.77317e-17 5.62293e-18
4216.71 7.13165e-17 5.51697e-18
4220.08 8.68821e-17 5.54478e-18
4223.44 8.84405e-17 5.56902e-18
4226.8 7.49929e-17 5.40234e-18
4230.17 6.85299e-17 5.38282e-18
4233.53 6.29598e-17 5.23253e-18
4236.89 6.28527e-17 5.17684e-18
4240.26 7.72587e-17 5.25226e-18
4243.62 8.03552e-17 5.19392e-18
4246.98 7.4402e-17 5.29091e-18
4250.35 7.41713e-17 5.28503e-18
4253.71 6.8806e-17 5.17458e-18
4257.07 7.48148e-17 5.23379e-18
4260.44 9.03093e-17 5.35918e-18
4263.8 9.4892e-17 5.29756e-18
4267.16 8.51788e-17 5.21182e-18
4270.53 8.02034e-17 5.14629e-18
4273.89 7.02307e-17 5.08321e-18
4277.25 9.03084e-17 5.35766e-18
4280.62 9.09606e-17 5.2992e-18
4283.98 8.90602e-17 5.23599e-18
4287.34 8.14235e-17 5.15135e-18
4290.71 9.0366e-17 5.08415e-18
4294.07 7.22826e-17 4.97794e-18
4297.43 7.3286e-17 4.98714e-18
4300.8 7.03688e-17 4.93924e-18
4304.16 7.8546e-17 4.98263e-18
4307.52 9.15525e-17 5.10789e-18
4310.89 8.50511e-17 5.12814e-18
4314.25 8.75798e-17 5.13518e-18
4317.61 7.55754e-17 4.99276e-18
4320.98 8.87356e-17 5.02855e-18
4324.34 8.12907e-17 5.00441e-18
4327.7 8.66908e-17 5.02914e-18
4331.07 7.69392e-17 4.92579e-18
4334.43 7.0723e-17 4.7721e-18
4337.79 8.70203e-17 4.88895e-18
4341.16 9.82433e-17 4.9954e-18
4344.52 1.06615e-16 5.05816e-18
4347.88 1.02715e-16 4.97762e-18
4351.25 1.04408e-16 5.02544e-18
4354.61 9.56248e-17 5.04728e-18
4357.97 8.43248e-17 4.96035e-18
4361.34 9.72212e-17 5.08332e-18
4364.7 1.09866e-16 5.10182e-18
4368.06 1.20919e-16 5.07721e-18
4371.43 1.24446e-16 5.12036e-18
4374.79 1.20255e-16 5.0088e-18
4378.15 1.12797e-16 5.01116e-18
4381.52 1.1769e-16 5.10484e-18
4384.88 1.29075e-16 5.10285e-18
4388.24 1.17395e-16 4.99903e-18
4391.61 1.39222e-16 5.24053e-18
4394.97 1.29983e-16 5.12889e-18
4398.33 1.49224e-16 5.2737e-18
4401.7 1.55492e-16 5.3438e-18
4405.06 1.52498e-16 5.34108e-18
4408.42 1.40684e-16 5.29726e-18
4411.79 1.40092e-16 5.32597e-18
4415.15 1.52861e-16 5.39181e-18
4418.51 1.68261e-16 5.47506e-18
4421.88 1.50666e-16 5.33501e-18
4425.24 1.54364e-16 5.31886e-18
4428.6 1.71545e-16 5.42851e-18
4431.97 1.48171e-16 5.27305e-18
4435.33 1.52573e-16 5.28408e-18
4438.69 1.71363e-16 5.40379e-18
4442.06 1.8827e-16 5.53137e-18
4445.42 1.87604e-16 5.498e-18
4448.78 1.5744e-16 5.23379e-18
4452.15 1.65904e-16 5.21024e-18
4455.51 1.8603e-16 5.37647e-18
4458.87 1.88344e-16 5.39879e-18
4462.24 1.8012e-16 5.33956e-18
4465.6 1.86613e-16 5.36188e-18
4468.96 1.96489e-16 5.41779e-18
4472.33 1.9375e-16 5.34919e-18
4475.69 1.83895e-16 5.28806e-18
4479.06 1.83085e-16 5.29076e-18
4482.42 2.08295e-16 5.38143e-18
4485.78 2.08837e-16 5.42093e-18
4489.15 2.01013e-16 5.37895e-18
4492.51 2.07795e-16 5.40305e-18
4495.87 2.0213e-16 5.33716e-18
4499.24 2.01452e-16 5.31043e-18
4502.6 2.07525e-16 5.39361e-18
4505.96 2.11407e-16 5.40579e-18
4509.33 2.07975e-16 5.31475e-18
4512.69 2.05616e-16 5.29952e-18
4516.05 2.00536e-16 5.25783e-18
4519.42 1.97568e-16 5.23532e-18
4522.78 1.90357e-16 5.21458e-18
4526.14 1.95402e-16 5.22236e-18
4529.51 1.9636e-16 5.19636e-18
4532.87 2.04461e-16 5.22573e-18
4536.23 1.91818e-16 5.165e-18
4539.6 1.91759e-16 5.16222e-18
4542.96 1.85033e-16 5.08798e-18
4546.32 1.68834e-16 5.01136e-18
4549.69 1.77408e-16 5.02003e-18
4553.05 1.71221e-16 4.97488e-18
4556.41 1.67308e-16 4.89376e-18
4559.78 1.79028e-16 4.94885e-18
4563.14 1.81664e-16 4.93328e-18
4566.5 1.77064e-16 4.9405e-18
4569.87 1.7854e-16 4.9544e-18
4573.23 1.7213e-16 4.87834e-18
4576.59 1.79662e-16 4.90121e-18
4579.96 1.85796e-16 4.94162e-18
4583.32 1.75136e-16 4.86639e-18
4586.68 1.87925e-16 4.9099e-18
4590.05 1.94818e-16 4.99441e-18
4593.41 1.83126e-16 4.8817e-18
4596.77 1.8184e-16 4.84084e-18
4600.14 1.94242e-16 4.94352e-18
4603.5 2.0258e-16 4.9388e-18
4606.86 2.03241e-16 4.9312e-18
4610.23 2.12485e-16 4.99862e-18
4613.59 2.02554e-16 4.93078e-18
4616.95 2.01464e-16 4.91578e-18
4620.32 1.90182e-16 4.83895e-18
4623.68 1.93833e-16 4.84263e-18
4627.04 2.01135e-16 4.89109e-18
4630.41 1.92181e-16 4.85135e-18
4633.77 1.94849e-16 4.80108e-18
4637.13 2.01304e-16 4.84616e-18
4640.5 1.94904e-16 4.80302e-18
4643.86 2.04842e-16 4.86764e-18
4647.22 2.27507e-16 4.99816e-18
4650.59 2.06176e-16 4.85433e-18
4653.95 2.25393e-16 4.95846e-18
4657.31 2.34444e-16 5.05378e-18
4660.68 2.49016e-16 5.11647e-18
4664.04 2.60629e-16 5.1917e-18
4667.4 2.56446e-16 5.13969e-18
4670.77 2.52528e-16 5.09973e-18
4674.13 2.48537e-16 5.08288e-18
4677.49 2.57089e-16 5.18256e-18
4680.86 2.76917e-16 5.28855e-18
4684.22 2.61555e-16 5.19249e-18
4687.58 2.70135e-16 5.23852e-18
4690.95 2.84999e-16 5.31553e-18
4694.31 2.78691e-16 5.2831e-18
4697.67 2.93153e-16 5.34547e-18
4701.04 2.84775e-16 5.28631e-18
4704.4 2.806e-16 5.26998e-18
4707.76 2.90013e-16 5.30883e-18
4711.13 2.94311e-16 5.30614e-18
4714.49 2.84011e-16 5.21831e-18
4717.85 2.913e-16 5.24868e-18
4721.22 2.77493e-16 5.18114e-18
4724.58 2.83099e-16 5.19737e-18
4727.94 2.81646e-16 5.14412e-18
4731.31 2.62827e-16 5.03107e-18
4734.67 2.52868e-16 4.93353e-18
4738.03 2.56966e-16 4.95778e-18
4741.4 2.46378e-16 4.92303e-18
4744.76 2.31379e-16 4.80082e-18
4748.12 2.44707e-16 4.83089e-18
4751.49 2.34917e-16 4.76006e-18
4754.85 2.23895e-16 4.69636e-18
4758.21 2.17122e-16 4.66139e-18
4761.58 1.95288e-16 4.53591e-18
4764.94 1.89281e-16 4.48854e-18
4768.3 2.00124e-16 4.54184e-18
4771.67 2.02739e-16 4.51243e-18
4775.03 1.97317e-16 4.46449e-18
4778.4 1.82363e-16 4.40528e-18
4781.76 1.82347e-16 4.43358e-18
4785.12 1.83115e-16 4.41411e-18
4788.49 1.79271e-16 4.39489e-18
4791.85 1.84179e-16 4.40452e-18
4795.21 1.95688e-16 4.46751e-18
4798.58 2.01106e-16 4.52039e-18
4801.94 1.98773e-16 4.48757e-18
4805.3 2.12259e-16 4.56944e-18
4808.67 2.08184e-16 4.55392e-18
4812.03 2.06862e-16 4.55759e-18
4815.39 2.10267e-16 4.60112e-18
4818.76 2.10745e-16 4.57699e-18
4822.12 2.11611e-16 4.60201e-18
4825.48 2.1427e-16 4.60827e-18
4828.85 2.10824e-16 4.57274e-18
4832.21 2.02948e-16 4.53744e-18
4835.57 1.95802e-16 4.48678e-18
4838.94 2.11063e-16 4.57557e-18
4842.3 2.19695e-16 4.60978e-18
4845.66 2.13779e-16 4.5347e-18
4849.03 2.16188e-16 4.5156e-18
4852.39 2.1137e-16 4.4853e-18
4855.75 2.06715e-16 4.46362e-18
4859.12 2.12143e-16 4.44299e-18
4862.48 2.04391e-16 4.40764e-18
4865.84 1.94532e-16 4.35147e-18
4869.21 1.99361e-16 4.34666e-18
4872.57 2.00805e-16 4.33699e-18
4875.93 1.92526e-16 4.33277e-18
4879.3 1.92118e-16 4.30375e-18
4882.66 1.86393e-16 4.26794e-18
4886.02 1.7526e-16 4.2066e-18
4889.39 1.6945e-16 4.18965e-18
4892.75 1.64204e-16 4.13288e-18
4896.11 1.7611e-16 4.14272e-18
4899.48 1.74086e-16 4.1353e-18
4902.84 1.57599e-16 4.03541e-18
4906.2 1.57785e-16 4.02628e-18
4909.57 1.60888e-16 4.03746e-18
4912.93 1.44852e-16 3.8804e-18
4916.29 1.52829e-16 3.91355e-18
4919.66 1.52739e-16 3.96327e-18
4923.02 1.35773e-16 3.86678e-18
4926.38 1.43574e-16 3.87784e-18
4929.75 1.40117e-16 3.82417e-18
4933.11 1.36969e-16 3.79514e-18
4936.47 1.37578e-16 3.76521e-18
4939.84 1.38286e-16 3.80532e-18
4943.2 1.46087e-16 3.84736e-18
4946.56 1.3363e-16 3.77772e-18
4949.93 1.29744e-16 3.76699e-18
4953.29 1.23694e-16 3.67319e-18
4956.65 1.22861e-16 3.66666e-18
4960.02 1.31805e-16 3.72242e-18
4963.38 1.33662e-16 3.76899e-18
4966.74 1.35186e-16 3.76422e-18
4970.11 1.26765e-16 3.73688e-18
4973.47 1.26869e-16 3.77569e-18
4976.83 1.31168e-16 3.75972e-18
4980.2 1.21152e-16 3.64838e-18
4983.56 1.43389e-16 3.7856e-18
4986.92 1.43393e-16 3.77184e-18
4990.29 1.40851e-16 3.72955e-18
4993.65 1.47694e-16 3.81937e-18
4997.01 1.36078e-16 3.75747e-18
5000.38 1.44701e-16 3.79292e-18
5003.74 1.57854e-16 3.87633e-18
5007.1 1.43226e-16 3.77948e-18
5010.47 1.4618e-16 3.77081e-18
5013.83 1.41432e-16 3.74106e-18
5017.19 1.51134e-16 3.80065e-18
5020.56 1.5376e-16 3.82873e-18
5023.92 1.46079e-16 3.78202e-18
5027.28 1.56727e-16 3.85559e-18
5030.65 1.56198e-16 3.86019e-18
5034.01 1.54404e-16 3.83252e-18
5037.37 1.60894e-16 3.85991e-18
5040.74 1.61223e-16 3.85003e-18
5044.1 1.50086e-16 3.78677e-18
5047.46 1.57875e-16 3.81259e-18
5050.83 1.56546e-16 3.78608e-18
5054.19 1.60405e-16 3.83976e-18
5057.55 1.56082e-16 3.79087e-18
5060.92 1.57519e-16 3.77471e-18
5064.28 1.51404e-16 3.72977e-18
5067.64 1.49192e-16 3.71498e-18
5071.01 1.49612e-16 3.67981e-18
5074.37 1.51674e-16 3.70459e-18
5077.73 1.51002e-16 3.71708e-18
5081.1 1.50224e-16 3.72712e-18
5084.46 1.50551e-16 3.69807e-18
5087.83 1.34076e-16 3.55428e-18
5091.19 1.35141e-16 3.56596e-18
5094.55 1.50316e-16 3.70288e-18
5097.92 1.48649e-16 3.68742e-18
5101.28 1.49714e-16 3.65942e-18
5104.64 1.52336e-16 3.67161e-18
5108.01 1.48881e-16 3.67057e-18
5111.37 1.55902e-16 3.6801e-18
5114.73 1.59079e-16 3.71146e-18
5118.1 1.64545e-16 3.73849e-18
5121.46 1.55614e-16 3.66851e-18
5124.82 1.56423e-16 3.68826e-18
5128.19 1.66899e-16 3.76911e-18
5131.55 1.61983e-16 3.74842e-18
5134.91 1.61139e-16 3.72061e-18
5138.28 1.6886e-16 3.77489e-18
5141.64 1.71569e-16 3.82863e-18
5145 1.69361e-16 3.81412e-18
5148.37 1.6872e-16 3.77567e-18
5151.73 1.7208e-16 3.80306e-18
5155.09 1.83807e-16 3.87298e-18
5158.46 1.86234e-16 3.87637e-18
5161.82 1.86083e-16 3.8695e-18
5165.18 1.96804e-16 3.8888e-18
5168.55 2.02614e-16 3.94084e-18
5171.91 2.10218e-16 4.00718e-18
5175.27 2.10544e-16 3.97482e-18
5178.64 2.15299e-16 4.01186e-18
5182 2.32438e-16 4.1364e-18
5185.36 2.3751e-16 4.16673e-18
5188.73 2.50674e-16 4.2214e-18
5192.09 2.58162e-16 4.28508e-18
5195.45 2.59004e-16 4.30441e-18
5198.82 2.67369e-16 4.29758e-18
5202.18 2.60388e-16 4.25987e-18
5205.54 2.66016e-16 4.29172e-18
5208.91 2.74991e-16 4.34177e-18
5212.27 2.69729e-16 4.3184e-18
5215.63 2.80307e-16 4.36015e-18
5219 2.83294e-16 4.38356e-18
5222.36 2.77525e-16 4.37217e-18
5225.72 2.7435e-16 4.36298e-18
5229.09 2.81644e-16 4.36962e-18
5232.45 2.82047e-16 4.38026e-18
5235.81 2.84916e-16 4.38465e-18
5239.18 3.00484e-16 4.4781e-18
5242.54 3.01666e-16 4.47548e-18
5245.9 3.11579e-16 4.49019e-18
5249.27 3.03261e-16 4.43506e-18
5252.63 3.15869e-16 4.51746e-18
5255.99 3.21314e-16 4.5322e-18
5259.36 3.25072e-16 4.55405e-18
5262.72 3.46608e-16 4.6097e-18
5266.08 3.43445e-16 4.60518e-18
5269.45 3.31854e-16 4.55236e-18
5272.81 3.50814e-16 4.65849e-18
5276.17 3.55958e-16 4.69456e-18
5279.54 3.6191e-16 4.74805e-18
5282.9 3.72132e-16 4.78369e-18
5286.26 3.71913e-16 4.76772e-18
5289.63 3.78616e-16 4.80673e-18
5292.99 3.9025e-16 4.86905e-18
5296.35 4.06318e-16 4.93583e-18
5299.72 4.192e-16 5.01278e-18
5303.08 4.276e-16 5.04911e-18
5306.44 4.36422e-16 5.0677e-18
5309.81 4.37197e-16 5.06659e-18
5313.17 4.54214e-16 5.16011e-18
5316.53 4.58055e-16 5.18678e-18
5319.9 4.60835e-16 5.18644e-18
5323.26 4.75731e-16 5.22971e-18
5326.62 4.74781e-16 5.23239e-18
5329.99 4.88791e-16 5.2942e-18
5333.35 4.90383e-16 5.30443e-18
5336.71 4.81975e-16 5.27384e-18
5340.08 4.9064e-16 5.28784e-18
5343.44 4.93671e-16 5.28466e-18
5346.8 4.9783e-16 5.31092e-18
5350.17 5.14392e-16 5.36211e-18
5353.53 5.14159e-16 5.36278e-18
5356.89 5.07043e-16 5.3389e-18
5360.26 5.11241e-16 5.33373e-18
5363.62 5.04001e-16 5.31717e-18
5366.98 5.16899e-16 5.37146e-18
5370.35 5.22172e-16 5.38445e-18
5373.71 5.01833e-16 5.29153e-18
5377.07 5.17329e-16 5.36458e-18
5380.44 5.0485e-16 5.3107e-18
5383.8 5.09809e-16 5.30771e-18
5387.17 5.13927e-16 5.31664e-18
5390.53 4.99148e-16 5.24921e-18
5393.89 5.01435e-16 5.25442e-18
5397.26 4.79897e-16 5.14941e-18
5400.62 4.85304e-16 5.16781e-18
5403.98 4.88335e-16 5.19976e-18
5407.35 4.70662e-16 5.12571e-18
5410.71 4.58602e-16 5.03147e-18
5414.07 4.68007e-16 5.07333e-18
5417.44 4.58453e-16 5.03247e-18
5420.8 4.46618e-16 4.97279e-18
5424.16 4.3969e-16 4.94488e-18
5427.53 4.45556e-16 4.97014e-18
5430.89 4.35913e-16 4.93363e-18
5434.25 4.33489e-16 4.93008e-18
5437.62 4.27047e-16 4.90499e-18
5440.98 4.23009e-16 4.9011e-18
5444.34 4.30084e-16 4.8989e-18
5447.71 4.40606e-16 4.93838e-18
5451.07 4.36946e-16 4.93318e-18
5454.43 4.42732e-16 4.95106e-18
5457.8 4.36717e-16 4.93355e-18
5461.16 4.46868e-16 4.98606e-18
5464.52 4.50549e-16 5.00671e-18
5467.89 4.40412e-16 4.94813e-18
5471.25 4.60358e-16 5.02357e-18
5474.61 4.83666e-16 5.10831e-18
5477.98 4.88203e-16 5.11896e-18
5481.34 4.83634e-16 5.12863e-18
5484.7 4.82153e-16 5.11721e-18
5488.07 5.09938e-16 5.20345e-18
5491.43 5.34443e-16 5.30865e-18
5494.79 5.28933e-16 5.29766e-18
5498.16 5.30141e-16 5.3017e-18
5501.52 5.35463e-16 5.32839e-18
5504.88 5.4137e-16 5.35377e-18
5508.25 5.37502e-16 5.34319e-18
5511.61 5.46861e-16 5.37021e-18
5514.97 5.47692e-16 5.36193e-18
5518.34 5.51202e-16 5.38227e-18
5521.7 5.51788e-16 5.39021e-18
5525.06 5.6618e-16 5.43768e-18
5528.43 5.69793e-16 5.44355e-18
5531.79 5.4626e-16 5.3448e-18
5535.15 5.42484e-16 5.3342e-18
5538.52 5.35525e-16 5.30576e-18
5541.88 5.12095e-16 5.21267e-18
5545.24 5.0849e-16 5.18599e-18
5548.61 5.17813e-16 5.23482e-18
5551.97 4.98626e-16 5.16135e-18
5555.33 4.89265e-16 5.10544e-18
5558.7 4.69576e-16 5.04978e-18
5562.06 4.80081e-16 5.06245e-18
5565.42 4.8511e-16 5.4859e-18
5568.79 4.64248e-16 7.12755e-18
5572.15 4.87153e-16 8.30416e-18
5575.51 4.91137e-16 8.31173e-18
5578.88 4.66948e-16 8.3096e-18
5582.24 4.58911e-16 7.82959e-18
5585.6 4.56746e-16 6.11359e-18
5588.97 4.49145e-16 4.83508e-18
5592.33 4.4003e-16 4.88584e-18
5595.69 4.49485e-16 4.91779e-18
5599.06 4.53613e-16 4.92852e-18
5602.42 4.52745e-16 4.91005e-18
5605.78 4.35708e-16 4.8591e-18
5609.15 4.37417e-16 4.85213e-18
5612.51 4.40904e-16 4.84168e-18
5615.87 4.15849e-16 4.75254e-18
5619.24 3.99502e-16 4.71232e-18
5622.6 3.95158e-16 4.66233e-18
5625.96 3.96796e-16 4.65658e-18
5629.33 3.9362e-16 4.6405e-18
5632.69 3.95042e-16 4.64376e-18
5636.05 4.11738e-16 4.70557e-18
5639.42 3.9087e-16 4.64215e-18
5642.78 4.13744e-16 4.74154e-18
5646.14 4.08435e-16 4.71171e-18
5649.51 3.98611e-16 4.658e-18
5652.87 3.97819e-16 4.66602e-18
5656.23 4.16971e-16 4.7458e-18
5659.6 4.25786e-16 4.7885e-18
5662.96 4.23678e-16 4.79368e-18
5666.32 4.52816e-16 4.90894e-18
5669.69 4.6881e-16 4.96762e-18
5673.05 4.55049e-16 4.92996e-18
5676.41 4.77812e-16 5.02684e-18
5679.78 5.07305e-16 5.13778e-18
5683.14 5.05718e-16 5.14824e-18
5686.51 5.21038e-16 5.20971e-18
5689.87 5.36412e-16 5.26257e-18
5693.23 5.3597e-16 5.26586e-18
5696.6 5.46713e-16 5.30668e-18
5699.96 5.46887e-16 5.30377e-18
5703.32 5.3808e-16 5.26709e-18
5706.69 5.44698e-16 5.27379e-18
5710.05 5.37534e-16 5.26691e-18
5713.41 5.37733e-16 5.24942e-18
5716.78 5.22086e-16 5.19829e-18
5720.14 5.15343e-16 5.16109e-18
5723.5 5.03672e-16 5.11986e-18
5726.87 4.81743e-16 5.015e-18
5730.23 4.7571e-16 4.98504e-18
5733.59 4.63155e-16 4.96054e-18
5736.96 4.46902e-16 4.86548e-18
5740.32 4.39868e-16 4.82738e-18
5743.68 4.37674e-16 4.80773e-18
5747.05 4.33125e-16 4.79057e-18
5750.41 4.30887e-16 4.77795e-18
5753.77 4.27297e-16 4.75044e-18
5757.14 4.1737e-16 4.72535e-18
5760.5 4.13473e-16 4.71691e-18
5763.86 4.21616e-16 4.7363e-18
5767.23 4.26431e-16 4.74609e-18
5770.59 4.26162e-16 4.74947e-18
5773.95 4.28609e-16 4.76804e-18
5777.32 4.27366e-16 4.74552e-18
5780.68 4.29145e-16 4.73975e-18
5784.04 4.1911e-16 4.69767e-18
5787.41 3.99203e-16 4.61721e-18
5790.77 4.02118e-16 4.63258e-18
5794.13 4.07406e-16 4.65043e-18
5797.5 4.13174e-16 4.67136e-18
5800.86 4.05207e-16 4.66094e-18
5804.22 4.02662e-16 4.64221e-18
5807.59 4.02986e-16 4.65076e-18
5810.95 3.93009e-16 4.60679e-18
5814.31 3.93284e-16 4.6104e-18
5817.68 3.97997e-16 4.63617e-18
5821.04 3.95957e-16 4.62645e-18
5824.4 4.08509e-16 4.65046e-18
5827.77 4.15091e-16 4.67979e-18
5831.13 4.11043e-16 4.68138e-18
5834.49 4.14243e-16 4.70098e-18
5837.86 4.21902e-16 4.71808e-18
5841.22 4.23409e-16 4.71521e-18
5844.58 4.15077e-16 4.69056e-18
5847.95 4.16599e-16 4.69285e-18
5851.31 4.30668e-16 4.75016e-18
5854.67 4.38945e-16 4.78226e-18
5858.04 4.45407e-16 4.83994e-18
5861.4 4.38949e-16 4.84473e-18
5864.76 4.33275e-16 4.85118e-18
5868.13 4.39037e-16 4.88302e-18
5871.49 4.45021e-16 4.88274e-18
5874.85 4.27396e-16 4.78127e-18
5878.22 4.3151e-16 4.95994e-18
5881.58 4.30223e-16 5.70311e-18
5884.94 3.99316e-16 6.1734e-18
5888.31 3.96185e-16 6.60278e-18
5891.67 3.86367e-16 6.7839e-18
5895.03 3.79843e-16 6.54279e-18
5898.4 3.71248e-16 5.90587e-18
5901.76 3.59197e-16 5.21689e-18
5905.12 3.46991e-16 4.64037e-18
5908.49 3.27686e-16 4.35451e-18
5911.85 3.11237e-16 4.31271e-18
5915.21 3.12387e-16 4.30795e-18
5918.58 3.24257e-16 4.3489e-18
5921.94 3.29107e-16 4.34378e-18
5925.3 3.18854e-16 4.31374e-18
5928.67 3.04325e-16 4.26491e-18
5932.03 3.14088e-16 4.29087e-18
5935.39 3.17168e-16 4.30405e-18
5938.76 3.33909e-16 4.37415e-18
5942.12 3.37384e-16 4.36378e-18
5945.48 3.27756e-16 4.34048e-18
5948.85 3.34094e-16 4.38714e-18
5952.21 3.48723e-16 4.43316e-18
5955.57 3.52253e-16 4.42922e-18
5958.94 3.5958e-16 4.47258e-18
5962.3 3.64732e-16 4.49138e-18
5965.66 3.61315e-16 4.47687e-18
5969.03 3.75358e-16 4.55753e-18
5972.39 3.83299e-16 4.59905e-18
5975.76 3.86425e-16 4.59236e-18
5979.12 3.92578e-16 4.6218e-18
5982.48 3.97445e-16 4.6326e-18
5985.85 4.07248e-16 4.64158e-18
5989.21 4.05749e-16 4.64207e-18
5992.57 4.04382e-16 4.65211e-18
5995.94 4.15843e-16 4.72151e-18
5999.3 4.11964e-16 4.7019e-18
6002.66 4.15549e-16 4.70682e-18
6006.03 4.48524e-16 4.82642e-18
6009.39 4.36744e-16 4.76774e-18
6012.75 4.40583e-16 4.77045e-18
6016.12 4.44396e-16 4.78317e-18
6019.48 4.37739e-16 4.74681e-18
6022.84 4.40366e-16 4.76467e-18
6026.21 4.45401e-16 4.7792e-18
6029.57 4.48256e-16 4.79597e-18
6032.93 4.53483e-16 4.81354e-18
6036.3 4.53441e-16 4.81635e-18
6039.66 4.49772e-16 4.80857e-18
6043.02 4.29678e-16 4.71206e-18
6046.39 4.22985e-16 4.67265e-18
6049.75 4.31853e-16 4.70966e-18
6053.11 4.24783e-16 4.69319e-18
6056.48 4.25077e-16 4.69594e-18
6059.84 4.30668e-16 4.68418e-18
6063.2 4.2168e-16 4.63379e-18
6066.57 4.02498e-16 4.5768e-18
6069.93 4.14892e-16 4.63336e-18
6073.29 4.09037e-16 4.60339e-18
6076.66 4.06231e-16 4.59032e-18
6080.02 4.10976e-16 4.59485e-18
6083.38 4.09738e-16 4.57393e-18
6086.75 4.0226e-16 4.55657e-18
6090.11 3.95367e-16 4.5455e-18
6093.47 3.94008e-16 4.53279e-18
6096.84 4.12233e-16 4.60566e-18
6100.2 4.18925e-16 4.64332e-18
6103.56 4.24223e-16 4.66039e-18
6106.93 4.30931e-16 4.68261e-18
6110.29 4.19142e-16 4.6489e-18
6113.65 4.08981e-16 4.60203e-18
6117.02 4.11562e-16 4.58207e-18
6120.38 4.16108e-16 4.59204e-18
6123.74 4.15246e-16 4.59091e-18
6127.11 4.01987e-16 4.53565e-18
6130.47 3.95003e-16 4.50792e-18
6133.83 3.90408e-16 4.50232e-18
6137.2 3.88987e-16 4.499e-18
6140.56 3.69941e-16 4.42173e-18
6143.92 3.5214e-16 4.32131e-18
6147.29 3.43143e-16 4.25728e-18
6150.65 3.33522e-16 4.2143e-18
6154.01 3.22235e-16 4.15909e-18
6157.38 3.18944e-16 4.1349e-18
6160.74 3.06757e-16 4.08031e-18
6164.1 2.93466e-16 4.01236e-18
6167.47 2.76517e-16 3.92457e-18
6170.83 2.64118e-16 3.87302e-18
6174.19 2.6692e-16 3.87325e-18
6177.56 2.61872e-16 3.81938e-18
6180.92 2.45593e-16 3.73605e-18
6184.28 2.29041e-16 3.64677e-18
6187.65 2.17122e-16 3.58504e-18
6191.01 2.14216e-16 3.57918e-18
6194.37 2.04028e-16 3.51281e-18
6197.74 2.03693e-16 3.51346e-18
6201.1 2.00895e-16 3.50617e-18
6204.46 1.92201e-16 3.46814e-18
6207.83 1.79547e-16 3.38675e-18
6211.19 1.75973e-16 3.34323e-18
6214.55 1.68221e-16 3.29785e-18
6217.92 1.60652e-16 3.26706e-18
6221.28 1.6139e-16 3.26974e-18
6224.64 1.62253e-16 3.299e-18
6228.01 1.53968e-16 3.31225e-18
6231.37 1.53076e-16 3.34114e-18
6234.73 1.55763e-16 3.35361e-18
6238.1 1.50796e-16 3.33521e-18
6241.46 1.48e-16 3.30429e-18
6244.82 1.39451e-16 3.18734e-18
6248.19 1.37788e-16 3.1645e-18
6251.55 1.4579e-16 3.24197e-18
6254.91 1.55945e-16 3.28215e-18
6258.28 1.52008e-16 3.28738e-18
6261.64 1.5214e-16 3.30509e-18
6265 1.65379e-16 3.362e-18
6268.37 1.66192e-16 3.31355e-18
6271.73 1.66305e-16 3.26911e-18
6275.1 1.54235e-16 3.20713e-18
6278.46 1.61496e-16 3.28059e-18
6281.82 1.78543e-16 3.40075e-18
6285.19 1.84998e-16 3.44424e-18
6288.55 1.90145e-16 3.50976e-18
6291.91 1.94589e-16 3.63457e-18
6295.28 1.9931e-16 3.70956e-18
6298.64 2.04963e-16 3.74396e-18
6302 2.03265e-16 3.80825e-18
6305.37 2.0972e-16 3.79507e-18
6308.73 2.34067e-16 3.77336e-18
6312.09 2.43666e-16 3.78502e-18
6315.46 2.49879e-16 3.77848e-18
6318.82 2.48365e-16 3.77213e-18
6322.18 2.60678e-16 3.87165e-18
6325.55 2.63005e-16 3.89034e-18
6328.91 2.62122e-16 3.87206e-18
6332.27 2.69218e-16 3.90334e-18
6335.64 2.76193e-16 3.92145e-18
6339 2.77093e-16 3.91541e-18
6342.36 2.80774e-16 3.90784e-18
6345.73 2.93288e-16 3.97425e-18
6349.09 2.93397e-16 4.0092e-18
6352.45 2.90721e-16 4.0054e-18
6355.82 3.01032e-16 4.07872e-18
6359.18 2.94614e-16 4.04888e-18
6362.54 3.01188e-16 4.07457e-18
6365.91 3.12924e-16 4.10092e-18
6369.27 3.08095e-16 4.05402e-18
6372.63 3.11744e-16 4.04402e-18
6376 3.20358e-16 4.08096e-18
6379.36 3.21837e-16 4.12326e-18
6382.72 3.21073e-16 4.11934e-18
6386.09 3.22013e-16 4.11326e-18
6389.45 3.29197e-16 4.15126e-18
6392.81 3.30623e-16 4.13798e-18
6396.18 3.36442e-16 4.14563e-18
6399.54 3.45978e-16 4.19647e-18
6402.9 3.55947e-16 4.24413e-18
6406.27 3.6458e-16 4.26177e-18
6409.63 3.60959e-16 4.24274e-18
6412.99 3.63976e-16 4.28085e-18
6416.36 3.70792e-16 4.29907e-18
6419.72 3.65107e-16 4.28535e-18
6423.08 3.71491e-16 4.30256e-18
6426.45 3.91444e-16 4.37221e-18
6429.81 3.83438e-16 4.32137e-18
6433.17 3.79729e-16 4.32477e-18
6436.54 3.87067e-16 4.3628e-18
6439.9 3.9116e-16 4.3678e-18
6443.26 3.95568e-16 4.40212e-18
6446.63 4.12756e-16 4.47777e-18
6449.99 4.13126e-16 4.47082e-18
6453.35 4.10807e-16 4.47737e-18
6456.72 4.15824e-16 4.52353e-18
6460.08 4.22816e-16 4.57558e-18
6463.44 4.37469e-16 4.65992e-18
6466.81 4.41529e-16 4.6986e-18
6470.17 4.62658e-16 4.79306e-18
6473.53 4.66881e-16 4.76223e-18
6476.9 4.66277e-16 4.73323e-18
6480.26 4.82344e-16 4.79403e-18
6483.62 4.81542e-16 4.75838e-18
6486.99 4.88115e-16 4.78219e-18
6490.35 4.91874e-16 4.82053e-18
6493.71 4.93474e-16 4.86232e-18
6497.08 4.93945e-16 4.87633e-18
6500.44 5.02235e-16 4.91926e-18
6503.8 4.98741e-16 4.89773e-18
6507.17 4.83916e-16 4.79946e-18
6510.53 4.85573e-16 4.77841e-18
6513.89 4.98188e-16 4.83162e-18
6517.26 5.03339e-16 4.84605e-18
6520.62 4.91964e-16 4.78296e-18
6523.98 4.76958e-16 4.75344e-18
6527.35 4.90735e-16 4.84077e-18
6530.71 4.88041e-16 4.83304e-18
6534.07 4.76078e-16 4.78662e-18
6537.44 4.89485e-16 4.84682e-18
6540.8 4.93569e-16 4.82147e-18
6544.16 4.83009e-16 4.78677e-18
6547.53 4.75577e-16 4.79932e-18
6550.89 4.78916e-16 4.79949e-18
6554.25 4.83383e-16 4.81031e-18
6557.62 4.79952e-16 4.79417e-18
6560.98 4.84288e-16 4.78168e-18
6564.34 4.98426e-16 4.82729e-18
6567.71 4.96945e-16 4.83637e-18
6571.07 4.92378e-16 4.83681e-18
6574.44 5.03151e-16 4.88316e-18
6577.8 4.98979e-16 4.86443e-18
6581.16 5.09239e-16 4.89833e-18
6584.53 5.15008e-16 4.89894e-18
6587.89 4.96548e-16 4.80507e-18
6591.25 4.99734e-16 4.81731e-18
6594.62 5.04508e-16 4.84279e-18
6597.98 5.1044e-16 4.88142e-18
6601.34 5.07765e-16 4.86416e-18
6604.71 5.08629e-16 4.84674e-18
6608.07 5.03728e-16 4.81713e-18
6611.43 5.00245e-16 4.7951e-18
6614.8 5.05283e-16 4.80388e-18
6618.16 4.94738e-16 4.76419e-18
6621.52 4.88447e-16 4.75222e-18
6624.89 4.81186e-16 4.72872e-18
6628.25 4.65874e-16 4.67725e-18
6631.61 4.60698e-16 4.66665e-18
6634.98 4.52185e-16 4.61746e-18
6638.34 4.38917e-16 4.55716e-18
6641.7 4.24649e-16 4.468e-18
6645.07 4.25572e-16 4.46728e-18
6648.43 4.12816e-16 4.40931e-18
6651.79 4.00633e-16 4.35343e-18
6655.16 3.87784e-16 4.29852e-18
6658.52 3.69976e-16 4.2206e-18
6661.88 3.63499e-16 4.19577e-18
6665.25 3.5099e-16 4.14865e-18
6668.61 3.3669e-16 4.08818e-18
6671.97 3.42206e-16 4.10705e-18
6675.34 3.29906e-16 4.05038e-18
6678.7 3.29438e-16 4.03218e-18
6682.06 3.36512e-16 4.02229e-18
6685.43 3.40811e-16 4.0518e-18
6688.79 3.4287e-16 4.08269e-18
6692.15 3.54007e-16 4.13536e-18
6695.52 3.49479e-16 4.13989e-18
6698.88 3.48701e-16 4.12344e-18
6702.24 3.66239e-16 4.18021e-18
6705.61 3.68816e-16 4.18829e-18
6708.97 3.55826e-16 4.12754e-18
6712.33 3.5307e-16 4.11997e-18
6715.7 3.58661e-16 4.14451e-18
6719.06 3.55146e-16 4.12193e-18
6722.42 3.48239e-16 4.09425e-18
6725.79 3.6367e-16 4.16183e-18
6729.15 3.52806e-16 4.10338e-18
6732.51 3.60074e-16 4.13452e-18
6735.88 3.60121e-16 4.1412e-18
6739.24 3.56819e-16 4.13478e-18
6742.6 3.64716e-16 4.14832e-18
6745.97 3.63907e-16 4.14688e-18
6749.33 3.77635e-16 4.20033e-18
6752.69 3.81946e-16 4.2131e-18
6756.06 3.69425e-16 4.16763e-18
6759.42 3.72898e-16 4.18053e-18
6762.78 3.79715e-16 4.21355e-18
6766.15 3.78038e-16 4.20964e-18
6769.51 3.89137e-16 4.24169e-18
6772.87 4.05453e-16 4.31749e-18
6776.24 4.0583e-16 4.3248e-18
6779.6 4.0356e-16 4.32497e-18
6782.96 4.09835e-16 4.36147e-18
6786.33 4.17897e-16 4.36282e-18
6789.69 4.19422e-16 4.38644e-18
6793.05 4.25167e-16 4.41787e-18
6796.42 4.29916e-16 4.42356e-18
6799.78 4.35825e-16 4.44745e-18
6803.14 4.34078e-16 4.4406e-18
6806.51 4.28895e-16 4.42094e-18
6809.87 4.33798e-16 4.44399e-18
6813.23 4.36598e-16 4.45219e-18
6816.6 4.33273e-16 4.45353e-18
6819.96 4.31304e-16 4.49278e-18
6823.32 4.34756e-16 4.60056e-18
6826.69 4.25434e-16 4.6289e-18
6830.05 4.19538e-16 4.64017e-18
6833.41 3.97854e-16 4.58827e-18
6836.78 3.90281e-16 4.48037e-18
6840.14 4.03275e-16 4.45048e-18
6843.5 3.97366e-16 4.35495e-18
6846.87 3.80116e-16 4.24505e-18
6850.23 3.7974e-16 4.20979e-18
6853.59 3.78331e-16 4.22187e-18
6856.96 3.63103e-16 4.26092e-18
6860.32 3.48938e-16 4.2446e-18
6863.68 3.30539e-16 4.14675e-18
6867.05 3.03337e-16 4.00282e-18
6870.41 2.73548e-16 3.80648e-18
6873.77 2.52061e-16 3.58044e-18
6877.14 2.46871e-16 3.54474e-18
6880.5 2.74556e-16 3.70322e-18
6883.87 2.86228e-16 3.76798e-18
6887.23 2.8428e-16 3.77505e-18
6890.59 2.81493e-16 3.73043e-18
6893.96 2.79004e-16 3.72073e-18
6897.32 2.78099e-16 3.73901e-18
6900.68 2.81417e-16 3.73225e-18
6904.05 2.90574e-16 3.79802e-18
6907.41 2.97031e-16 3.87062e-18
6910.77 2.94449e-16 3.83648e-18
6914.14 2.92596e-16 3.87229e-18
6917.5 2.95083e-16 3.95567e-18
6920.86 3.01377e-16 3.95408e-18
6924.23 3.15002e-16 3.99e-18
6927.59 3.14861e-16 3.97854e-18
6930.95 3.1661e-16 3.97721e-18
6934.32 3.21229e-16 3.98793e-18
6937.68 3.18001e-16 3.97433e-18
6941.04 3.19208e-16 4.04087e-18
6944.41 3.21048e-16 4.10439e-18
6947.77 3.13343e-16 4.04827e-18
6951.13 3.13604e-16 4.02942e-18
6954.5 3.19754e-16 4.0418e-18
6957.86 3.18278e-16 3.95619e-18
6961.22 3.26611e-16 3.96168e-18
6964.59 3.12635e-16 3.91465e-18
6967.95 3.09388e-16 3.91737e-18
6971.31 3.10082e-16 3.98199e-18
6974.68 3.09441e-16 4.00746e-18
6978.04 3.04837e-16 3.94716e-18
6981.4 2.99244e-16 3.91789e-18
6984.77 3.05919e-16 3.92349e-18
6988.13 3.05427e-16 3.86336e-18
6991.49 3.03636e-16 3.84073e-18
6994.86 3.15414e-16 3.90534e-18
6998.22 3.16476e-16 3.91434e-18
7001.58 3.14905e-16 3.91124e-18
7004.95 3.16462e-16 3.94776e-18
7008.31 3.09057e-16 3.93402e-18
7011.67 3.1222e-16 3.91455e-18
7015.04 3.1428e-16 3.89845e-18
7018.4 3.04911e-16 3.85145e-18
7021.76 3.12979e-16 3.87816e-18
7025.13 3.22929e-16 3.9071e-18
7028.49 3.21934e-16 3.91308e-18
7031.85 3.16114e-16 3.90884e-18
7035.22 3.2488e-16 3.95449e-18
7038.58 3.40973e-16 4.04073e-18
7041.94 3.44169e-16 4.07889e-18
7045.31 3.48308e-16 4.11165e-18
7048.67 3.42544e-16 4.10096e-18
7052.03 3.32884e-16 4.06058e-18
7055.4 3.4201e-16 4.08505e-18
7058.76 3.42896e-16 4.06504e-18
7062.12 3.32294e-16 4.00428e-18
7065.49 3.32488e-16 4.01381e-18
7068.85 3.27351e-16 4.01303e-18
7072.21 3.37977e-16 4.04549e-18
7075.58 3.40962e-16 4.04998e-18
7078.94 3.21193e-16 3.98406e-18
7082.3 3.18808e-16 3.9789e-18
7085.67 3.29452e-16 4.01568e-18
7089.03 3.25549e-16 3.99339e-18
7092.39 3.19907e-16 3.95722e-18
7095.76 3.16733e-16 3.91909e-18
7099.12 3.21893e-16 3.92414e-18
7102.48 3.17246e-16 3.90993e-18
7105.85 3.16647e-16 3.91851e-18
7109.21 3.09022e-16 3.882e-18
7112.57 3.23603e-16 3.93488e-18
7115.94 3.16621e-16 3.90197e-18
7119.3 3.16968e-16 3.91474e-18
7122.66 3.22513e-16 3.94765e-18
7126.03 3.08261e-16 3.88114e-18
7129.39 3.11838e-16 3.89627e-18
7132.75 3.17691e-16 3.93156e-18
7136.12 3.16045e-16 3.93576e-18
7139.48 3.12422e-16 3.93672e-18
7142.84 3.07928e-16 3.90314e-18
7146.21 3.10968e-16 3.92347e-18
7149.57 3.02775e-16 3.89865e-18
7152.93 2.9475e-16 3.86215e-18
7156.3 2.95019e-16 3.83693e-18
7159.66 3.01697e-16 3.86864e-18
7163.02 3.09874e-16 3.91383e-18
7166.39 3.04503e-16 3.89068e-18
7169.75 2.94292e-16 3.83688e-18
7173.11 3.01238e-16 3.84712e-18
7176.48 3.03969e-16 3.87184e-18
7179.84 2.90951e-16 3.81124e-18
7183.2 2.93554e-16 3.80113e-18
7186.57 2.89863e-16 3.77911e-18
7189.93 2.89935e-16 3.78304e-18
7193.3 2.79333e-16 3.71462e-18
7196.66 2.72721e-16 3.65926e-18
7200.02 2.69012e-16 3.64448e-18
7203.39 2.62702e-16 3.62068e-18
7206.75 2.65479e-16 3.62374e-18
7210.11 2.68214e-16 3.64044e-18
7213.48 2.61923e-16 3.62938e-18
7216.84 2.6145e-16 3.62945e-18
7220.2 2.58997e-16 3.61771e-18
7223.57 2.47907e-16 3.57037e-18
7226.93 2.51593e-16 3.59282e-18
7230.29 2.54557e-16 3.73264e-18
7233.66 2.51174e-16 3.97327e-18
7237.02 2.59139e-16 4.25453e-18
7240.38 2.5335e-16 4.33663e-18
7243.75 2.44906e-16 4.31079e-18
7247.11 2.44679e-16 4.21347e-18
7250.47 2.50284e-16 4.04693e-18
7253.84 2.6208e-16 3.88581e-18
7257.2 2.68799e-16 3.78916e-18
7260.56 2.64509e-16 3.75363e-18
7263.93 2.63593e-16 3.7546e-18
7267.29 2.71377e-16 3.96894e-18
7270.65 2.8169e-16 4.21614e-18
7274.02 2.86499e-16 4.28744e-18
7277.38 2.70614e-16 4.31407e-18
7280.74 2.70273e-16 4.36817e-18
7284.11 2.89863e-16 4.21198e-18
7287.47 2.90134e-16 4.06138e-18
7290.83 2.9133e-16 4.0153e-18
7294.2 3.00667e-16 4.01357e-18
7297.56 2.96389e-16 4.0202e-18
7300.92 3.00271e-16 4.01043e-18
7304.29 3.12734e-16 4.07361e-18
7307.65 3.06951e-16 4.16751e-18
7311.01 3.11586e-16 4.2971e-18
7314.38 3.11577e-16 4.24721e-18
7317.74 3.00412e-16 4.19716e-18
7321.1 3.005e-16 4.29968e-18
7324.47 3.09455e-16 4.17903e-18
7327.83 3.19814e-16 4.09191e-18
7331.19 3.10711e-16 4.2256e-18
7334.56 3.00461e-16 4.35911e-18
7337.92 3.12739e-16 4.3831e-18
7341.28 3.15272e-16 4.3471e-18
7344.65 3.06493e-16 4.32305e-18
7348.01 3.17396e-16 4.26882e-18
7351.37 3.08596e-16 4.08129e-18
7354.74 3.05713e-16 4.06359e-18
7358.1 3.04038e-16 4.07544e-18
7361.46 2.95792e-16 4.25744e-18
7364.83 2.93089e-16 4.29927e-18
7368.19 3.09569e-16 4.28248e-18
7371.55 3.04941e-16 4.23869e-18
7374.92 2.94253e-16 4.1389e-18
7378.28 3.05568e-16 4.00021e-18
7381.64 3.06746e-16 3.90858e-18
7385.01 2.94544e-16 3.93961e-18
7388.37 2.98262e-16 3.96411e-18
7391.73 3.00947e-16 4.02358e-18
7395.1 2.99508e-16 4.19221e-18
7398.46 3.10785e-16 4.23591e-18
7401.82 3.26307e-16 4.18851e-18
7405.19 3.0822e-16 4.12851e-18
7408.55 3.07328e-16 4.05318e-18
7411.91 3.11559e-16 3.94148e-18
7415.28 3.0143e-16 3.86796e-18
7418.64 2.95935e-16 3.87013e-18
7422 3.0368e-16 3.93309e-18
7425.37 3.08787e-16 3.9868e-18
7428.73 2.99998e-16 3.98403e-18
7432.09 2.98638e-16 4.04611e-18
7435.46 2.99931e-16 4.04975e-18
7438.82 3.11177e-16 4.04859e-18
7442.18 3.07805e-16 4.02291e-18
7445.55 2.94546e-16 3.89317e-18
7448.91 2.91096e-16 3.82732e-18
7452.27 2.94998e-16 3.84218e-18
7455.64 2.96758e-16 3.87043e-18
7459 2.94262e-16 3.89647e-18
7462.36 2.86859e-16 3.91545e-18
7465.73 2.78987e-16 3.92551e-18
7469.09 2.78567e-16 3.94354e-18
7472.45 2.81537e-16 3.99568e-18
7475.82 2.77423e-16 4.00156e-18
7479.18 2.62586e-16 3.9079e-18
7482.55 2.57049e-16 3.82341e-18
7485.91 2.39142e-16 3.71465e-18
7489.27 2.28968e-16 3.5781e-18
7492.64 2.21063e-16 3.48256e-18
7496 2.19835e-16 3.44861e-18
7499.36 2.10336e-16 3.37706e-18
7502.73 1.90204e-16 3.25511e-18
7506.09 1.8271e-16 3.19166e-18
7509.45 1.77094e-16 3.18551e-18
7512.82 1.723e-16 3.19048e-18
7516.18 1.57716e-16 3.24535e-18
7519.54 1.5582e-16 3.30705e-18
7522.91 1.45228e-16 3.31081e-18
7526.27 1.31435e-16 3.23767e-18
7529.63 1.36045e-16 3.18376e-18
7533 1.34909e-16 3.03024e-18
7536.36 1.29799e-16 2.90716e-18
7539.72 1.22204e-16 2.81444e-18
7543.09 1.08458e-16 2.69278e-18
7546.45 1.03553e-16 2.67486e-18
7549.81 1.03481e-16 2.69233e-18
7553.18 1.03923e-16 2.71323e-18
7556.54 1.02149e-16 2.69718e-18
7559.9 1.04126e-16 2.72008e-18
7563.27 9.74817e-17 2.80255e-18
7566.63 9.67519e-17 2.803e-18
7569.99 9.04694e-17 2.77976e-18
7573.36 9.17337e-17 2.76827e-18
7576.72 9.57266e-17 2.77733e-18
7580.08 8.58055e-17 2.63945e-18
7583.45 7.91871e-17 2.48424e-18
7586.81 8.22351e-17 2.53261e-18
7590.17 7.52928e-17 2.46558e-18
7593.54 6.71235e-17 2.30838e-18
7596.9 5.69205e-17 2.08674e-18
7600.26 3.63923e-17 1.85022e-18
7603.63 2.70075e-17 1.6989e-18
7606.99 2.44191e-17 1.65997e-18
7610.35 2.62922e-17 1.75525e-18
7613.72 3.80493e-17 1.97045e-18
7617.08 4.6872e-17 2.13519e-18
7620.44 5.4828e-17 2.2582e-18
7623.81 5.92082e-17 2.30504e-18
7627.17 5.06766e-17 2.17933e-18
7630.53 5.15265e-17 2.13535e-18
7633.9 4.72323e-17 2.09714e-18
7637.26 4.53226e-17 2.03661e-18
7640.62 4.99352e-17 2.07297e-18
7643.99 6.4422e-17 2.25455e-18
7647.35 7.18744e-17 2.34922e-18
7650.71 8.11792e-17 2.41691e-18
7654.08 9.35874e-17 2.57187e-18
7657.44 9.72906e-17 2.65749e-18
7660.8 1.03257e-16 2.69101e-18
7664.17 1.15953e-16 2.7764e-18
7667.53 1.25255e-16 2.8185e-18
7670.89 1.40562e-16 2.89012e-18
7674.26 1.48896e-16 2.95777e-18
7677.62 1.68961e-16 3.11664e-18
7680.98 1.74784e-16 3.18126e-18
7684.35 1.88877e-16 3.27979e-18
7687.71 1.94441e-16 3.34071e-18
7691.07 1.99417e-16 3.39813e-18
7694.44 2.13973e-16 3.49187e-18
7697.8 2.26936e-16 3.54273e-18
7701.16 2.28953e-16 3.6143e-18
7704.53 2.28165e-16 3.87144e-18
7707.89 2.36736e-16 4.22508e-18
7711.25 2.41535e-16 4.426e-18
7714.62 2.5602e-16 4.5475e-18
7717.98 2.70609e-16 4.61198e-18
7721.34 2.63191e-16 4.39045e-18
7724.71 2.65595e-16 4.06149e-18
7728.07 2.68526e-16 3.91487e-18
7731.43 2.73458e-16 3.89825e-18
7734.8 2.75778e-16 3.85178e-18
7738.16 2.70618e-16 3.86227e-18
7741.52 2.74624e-16 4.08936e-18
7744.89 2.87383e-16 4.36629e-18
7748.25 2.97839e-16 4.45195e-18
7751.61 2.95659e-16 4.55811e-18
7754.98 2.89122e-16 4.58334e-18
7758.34 2.99028e-16 4.3e-18
7761.7 3.01169e-16 4.10686e-18
7765.07 2.96722e-16 4.0972e-18
7768.43 2.99519e-16 4.05534e-18
7771.79 3.08779e-16 4.09487e-18
7775.16 3.15215e-16 4.19665e-18
7778.52 3.07734e-16 4.13685e-18
7781.89 2.96143e-16 4.10519e-18
7785.25 2.96344e-16 4.26924e-18
7788.61 2.91952e-16 4.33913e-18
7791.98 3.04568e-16 4.35763e-18
7795.34 3.01535e-16 4.32654e-18
7798.7 2.96773e-16 4.33739e-18
7802.07 3.08411e-16 4.26793e-18
7805.43 3.22078e-16 4.23435e-18
7808.79 3.11943e-16 4.20973e-18
7812.16 3.0762e-16 4.39836e-18
7815.52 3.12042e-16 4.60052e-18
7818.88 3.11068e-16 4.51638e-18
7822.25 3.251e-16 4.56576e-18
7825.61 3.11093e-16 4.45649e-18
7828.97 3.21428e-16 4.30293e-18
7832.34 3.31352e-16 4.23075e-18
7835.7 3.297e-16 4.23459e-18
7839.06 3.15587e-16 4.22026e-18
7842.43 3.19e-16 4.39931e-18
7845.79 3.28772e-16 4.69665e-18
7849.15 3.21805e-16 4.7718e-18
7852.52 3.26553e-16 4.79001e-18
7855.88 3.37211e-16 4.90068e-18
7859.24 3.28851e-16 4.81528e-18
7862.61 3.43076e-16 4.68467e-18
7865.97 3.32927e-16 4.56935e-18
7869.33 3.4226e-16 4.53774e-18
7872.7 3.41082e-16 4.61826e-18
7876.06 3.42694e-16 4.58366e-18
7879.42 3.37081e-16 4.55852e-18
7882.79 3.24982e-16 4.60778e-18
7886.15 3.24664e-16 4.59953e-18
7889.51 3.2922e-16 4.53113e-18
7892.88 3.33029e-16 4.50147e-18
7896.24 3.41286e-16 4.42767e-18
7899.6 3.33666e-16 4.21929e-18
7902.97 3.15393e-16 4.2278e-18
7906.33 3.03987e-16 4.53123e-18
7909.69 2.98804e-16 4.62595e-18
7913.06 3.01597e-16 4.75088e-18
7916.42 3.07949e-16 4.84975e-18
7919.78 2.96006e-16 4.64432e-18
7923.15 2.75109e-16 4.40179e-18
7926.51 2.67348e-16 4.27306e-18
7929.87 2.68795e-16 4.13873e-18
7933.24 2.65498e-16 4.07966e-18
7936.6 2.53682e-16 3.98975e-18
7939.96 2.46709e-16 3.86268e-18
7943.33 2.42851e-16 3.8503e-18
7946.69 2.43812e-16 3.84925e-18
7950.05 2.43934e-16 3.83401e-18
7953.42 2.39466e-16 3.88625e-18
7956.78 2.3686e-16 4.02949e-18
7960.14 2.31561e-16 4.08337e-18
7963.51 2.15207e-16 4.0077e-18
7966.87 2.04665e-16 4.0261e-18
7970.23 2.09285e-16 4.0754e-18
7973.6 2.06883e-16 3.89414e-18
7976.96 2.04838e-16 3.76817e-18
7980.32 1.94238e-16 3.75098e-18
7983.69 1.88661e-16 3.91417e-18
7987.05 1.93949e-16 4.0162e-18
7990.41 1.97477e-16 3.99671e-18
7993.78 1.84517e-16 3.92971e-18
7997.14 1.71297e-16 3.84708e-18
8000.5 1.67362e-16 3.58152e-18
8003.87 1.64225e-16 3.31942e-18
8007.23 1.66512e-16 3.41547e-18
8010.59 1.6331e-16 3.43428e-18
8013.96 1.45744e-16 3.40913e-18
8017.32 1.51844e-16 3.69873e-18
8020.68 1.41497e-16 3.70871e-18
8024.05 1.33407e-16 3.5903e-18
8027.41 1.21699e-16 3.47511e-18
8030.77 1.20833e-16 3.39026e-18
8034.14 1.14854e-16 3.09349e-18
8037.5 9.85746e-17 2.77409e-18
8040.86 9.94587e-17 2.81621e-18
8044.23 9.81886e-17 2.85828e-18
8047.59 8.60053e-17 2.76382e-18
8050.95 8.08504e-17 2.79015e-18
8054.32 8.32641e-17 2.98612e-18
8057.68 6.73861e-17 2.90358e-18
8061.04 6.46483e-17 2.79138e-18
8064.41 6.77244e-17 2.78324e-18
8067.77 6.29099e-17 2.66647e-18
8071.13 5.60639e-17 2.44558e-18
8074.5 5.23105e-17 2.33839e-18
8077.86 5.29016e-17 2.37074e-18
8081.23 5.2863e-17 2.38422e-18
8084.59 4.87389e-17 2.36627e-18
8087.95 4.87054e-17 2.41059e-18
8091.32 4.50311e-17 2.40208e-18
8094.68 3.72155e-17 2.42737e-18
8098.04 3.47306e-17 2.43531e-18
8101.41 3.92833e-17 2.42022e-18
8104.77 3.83283e-17 2.36818e-18
8108.13 3.39543e-17 2.27597e-18
8111.5 3.46749e-17 2.20586e-18
8114.86 3.85534e-17 2.20915e-18
8118.22 3.99162e-17 2.2175e-18
8121.59 2.97473e-17 2.11741e-18
8124.95 3.71216e-17 2.17025e-18
8128.31 3.80296e-17 2.21277e-18
8131.68 3.36345e-17 2.23909e-18
8135.04 3.46788e-17 2.27822e-18
8138.4 3.17695e-17 2.27345e-18
8141.77 2.94952e-17 2.25867e-18
8145.13 3.25315e-17 2.26472e-18
8148.49 3.24539e-17 2.22754e-18
8151.86 3.37345e-17 2.1862e-18
8155.22 3.7922e-17 2.20276e-18
8158.58 3.38696e-17 2.13462e-18
8161.95 3.08849e-17 2.08693e-18
8165.31 2.85055e-17 2.08226e-18
8168.67 2.67413e-17 2.0594e-18
8172.04 3.5497e-17 2.1536e-18
8175.4 3.74523e-17 2.22874e-18
8178.76 3.08978e-17 2.21357e-18
8182.13 3.41042e-17 2.26903e-18
8185.49 3.76258e-17 2.36159e-18
8188.85 3.16077e-17 2.36644e-18
8192.22 3.18954e-17 2.33722e-18
8195.58 3.10446e-17 2.32317e-18
8198.94 3.3561e-17 2.33449e-18
8202.31 3.40635e-17 2.25407e-18
8205.67 3.34124e-17 2.21112e-18
8209.03 3.19949e-17 2.17294e-18
8212.4 3.33782e-17 2.15333e-18
8215.76 3.22913e-17 2.12823e-18
8219.12 3.01967e-17 2.10308e-18
8222.49 3.63721e-17 2.18136e-18
8225.85 3.53887e-17 2.1874e-18
8229.21 3.21344e-17 2.14829e-18
8232.58 3.57376e-17 2.17702e-18
8235.94 2.81086e-17 2.13983e-18
8239.3 3.20293e-17 2.22284e-18
8242.67 3.08143e-17 2.19783e-18
8246.03 3.24831e-17 2.20878e-18
8249.39 3.83112e-17 2.28561e-18
8252.76 3.67465e-17 2.25374e-18
8256.12 3.84135e-17 2.24656e-18
8259.48 4.08457e-17 2.27625e-18
8262.85 4.38838e-17 2.29892e-18
8266.21 4.40865e-17 2.33923e-18
8269.57 4.21784e-17 2.52818e-18
8272.94 3.83144e-17 2.93225e-18
8276.3 3.18806e-17 3.19216e-18
8279.66 3.58814e-17 3.50171e-18
8283.03 4.53742e-17 3.73452e-18
8286.39 4.43642e-17 3.74163e-18
8289.75 3.69177e-17 3.78805e-18
8293.12 3.57483e-17 3.71972e-18
8296.48 3.63043e-17 3.43133e-18
8299.84 2.67603e-17 3.25942e-18
8303.21 3.84484e-17 3.26626e-18
8306.57 4.73175e-17 2.94661e-18
8309.93 4.42876e-17 2.69506e-18
8313.3 3.59623e-17 2.569e-18
8316.66 3.82695e-17 2.47218e-18
8320.02 4.2324e-17 2.37486e-18
8323.39 3.70224e-17 2.2728e-18
8326.75 3.84563e-17 2.28073e-18
8330.11 4.39386e-17 2.42729e-18
8333.48 4.61735e-17 2.95246e-18
8336.84 4.46074e-17 3.76526e-18
8340.2 4.63658e-17 4.01293e-18
8343.57 4.9135e-17 4.25181e-18
8346.93 4.21706e-17 4.33268e-18
8350.29 4.20345e-17 3.89903e-18
8353.66 5.22072e-17 3.41538e-18
8357.02 5.05857e-17 3.17172e-18
8360.38 4.54032e-17 2.94931e-18
8363.75 5.37626e-17 2.80715e-18
8367.11 5.01481e-17 2.73117e-18
8370.47 5.20355e-17 2.76022e-18
8373.84 6.0504e-17 2.92917e-18
8377.2 6.09367e-17 3.00315e-18
8380.57 5.37138e-17 2.93801e-18
8383.93 4.81484e-17 2.903e-18
8387.29 5.04868e-17 3.10775e-18
8390.66 5.46276e-17 3.46858e-18
8394.02 4.88111e-17 3.63407e-18
8397.38 4.62466e-17 3.621e-18
8400.75 6.36098e-17 3.71892e-18
8404.11 6.14379e-17 3.62032e-18
8407.47 6.43332e-17 3.3117e-18
8410.84 6.27006e-17 3.10765e-18
8414.2 6.28781e-17 3.13685e-18
8417.56 7.44181e-17 3.38523e-18
8420.93 6.89154e-17 3.76126e-18
8424.29 6.0784e-17 4.02267e-18
8427.65 6.79875e-17 4.014e-18
8431.02 5.68154e-17 3.93003e-18
8434.38 6.78267e-17 3.81316e-18
8437.74 7.63061e-17 3.26322e-18
8441.11 7.88394e-17 2.94432e-18
8444.47 7.67231e-17 3.1212e-18
8447.83 8.03467e-17 3.28553e-18
8451.2 8.16547e-17 3.30698e-18
8454.56 8.70348e-17 3.64977e-18
8457.92 9.07406e-17 3.99914e-18
8461.29 8.63971e-17 3.8925e-18
8464.65 9.51387e-17 3.88612e-18
8468.01 9.38149e-17 3.8727e-18
8471.38 9.3873e-17 3.53488e-18
8474.74 9.54386e-17 3.04314e-18
8478.1 9.66291e-17 2.90653e-18
8481.47 9.81653e-17 3.00197e-18
8484.83 1.01926e-16 3.21227e-18
8488.19 1.09312e-16 3.38727e-18
8491.56 1.11792e-16 3.46578e-18
8494.92 1.12426e-16 3.70214e-18
8498.28 1.22931e-16 3.9618e-18
8501.65 1.22207e-16 3.83213e-18
8505.01 1.20501e-16 3.77084e-18
8508.37 1.23495e-16 3.73531e-18
8511.74 1.29526e-16 3.50278e-18
8515.1 1.31919e-16 3.29496e-18
8518.46 1.36063e-16 3.28915e-18
8521.83 1.29974e-16 3.25185e-18
8525.19 1.30526e-16 3.25221e-18
8528.55 1.50341e-16 3.45423e-18
8531.92 1.44628e-16 3.49792e-18
8535.28 1.43767e-16 3.52703e-18
8538.64 1.59317e-16 3.76399e-18
8542.01 1.53592e-16 3.84131e-18
8545.37 1.54051e-16 3.78931e-18
8548.73 1.52659e-16 3.74502e-18
8552.1 1.54673e-16 3.73269e-18
8555.46 1.57586e-16 3.62031e-18
8558.82 1.56233e-16 3.47653e-18
8562.19 1.65495e-16 3.50719e-18
8565.55 1.73438e-16 3.58724e-18
8568.91 1.77754e-16 3.65366e-18
8572.28 1.80301e-16 3.68798e-18
8575.64 1.80799e-16 3.69541e-18
8579 1.77879e-16 3.71795e-18
8582.37 1.82062e-16 3.76138e-18
8585.73 1.97632e-16 3.87971e-18
8589.09 2.1243e-16 4.03641e-18
8592.46 2.13687e-16 4.094e-18
8595.82 2.11159e-16 4.07272e-18
8599.18 2.18747e-16 4.09027e-18
8602.55 2.20573e-16 4.1419e-18
8605.91 2.33301e-16 4.27768e-18
8609.27 2.36694e-16 4.53264e-18
8612.64 2.34086e-16 4.84674e-18
8616 2.36722e-16 5.1637e-18
8619.36 2.56147e-16 5.55625e-18
8622.73 2.62392e-16 5.83918e-18
8626.09 2.52033e-16 5.88319e-18
8629.45 2.70009e-16 5.90159e-18
8632.82 2.72988e-16 5.72956e-18
8636.18 2.58311e-16 5.38277e-18
8639.54 2.63774e-16 5.25749e-18
8642.91 2.78824e-16 5.30297e-18
8646.27 2.90176e-16 5.45436e-18
8649.63 2.94854e-16 5.67522e-18
8653 2.93855e-16 5.90979e-18
8656.36 2.914e-16 6.03635e-18
8659.72 2.85867e-16 5.99466e-18
8663.09 2.84002e-16 5.96919e-18
8666.45 2.98822e-16 5.95535e-18
8669.81 2.89262e-16 5.7052e-18
8673.18 3.10038e-16 5.63526e-18
8676.54 3.14488e-16 5.4514e-18
8679.91 3.11875e-16 5.23923e-18
8683.27 3.12625e-16 5.10493e-18
8686.63 3.163e-16 5.02366e-18
8690 3.21863e-16 4.98112e-18
8693.36 3.2099e-16 4.90733e-18
8696.72 3.33379e-16 4.88917e-18
8700.09 3.30178e-16 4.88977e-18
8703.45 3.32282e-16 4.88786e-18
8706.81 3.29013e-16 4.81554e-18
8710.18 3.33451e-16 4.78626e-18
8713.54 3.38125e-16 4.79217e-18
8716.9 3.31003e-16 4.74338e-18
8720.27 3.22534e-16 4.68644e-18
8723.63 3.25703e-16 4.71063e-18
8726.99 3.32886e-16 4.74361e-18
8730.36 3.28976e-16 4.7087e-18
8733.72 3.32013e-16 4.72741e-18
8737.08 3.16397e-16 4.66898e-18
8740.45 3.04867e-16 4.62426e-18
8743.81 3.11232e-16 4.66911e-18
8747.17 2.99396e-16 4.6851e-18
8750.54 2.86996e-16 4.93534e-18
8753.9 2.89896e-16 5.40001e-18
8757.26 2.87737e-16 5.76518e-18
8760.63 3.08509e-16 6.29293e-18
8763.99 2.82355e-16 6.2858e-18
8767.35 2.66154e-16 6.18208e-18
8770.72 2.9336e-16 6.27739e-18
8774.08 2.84206e-16 5.99351e-18
8777.44 2.5564e-16 5.53437e-18
8780.81 2.59215e-16 5.42056e-18
8784.17 2.63903e-16 5.25068e-18
8787.53 2.52292e-16 4.81263e-18
8790.9 2.56827e-16 4.71554e-18
8794.26 2.52444e-16 4.63354e-18
8797.62 2.4967e-16 4.50048e-18
8800.99 2.59564e-16 4.38106e-18
8804.35 2.48034e-16 4.26615e-18
8807.71 2.29794e-16 4.15315e-18
8811.08 2.23967e-16 4.14076e-18
8814.44 2.31092e-16 4.46258e-18
8817.8 2.32203e-16 5.19139e-18
8821.17 2.11632e-16 5.83712e-18
8824.53 2.09336e-16 5.9933e-18
8827.89 2.09086e-16 6.26894e-18
8831.26 2.01665e-16 6.19546e-18
8834.62 2.19474e-16 5.62578e-18
8837.98 2.20748e-16 5.07547e-18
8841.35 2.16035e-16 4.82942e-18
8844.71 2.24062e-16 4.62062e-18
8848.07 2.22709e-16 4.38642e-18
8851.44 2.15214e-16 4.34996e-18
8854.8 2.11358e-16 4.37123e-18
8858.16 2.18532e-16 4.50982e-18
8861.53 2.29967e-16 4.71856e-18
8864.89 2.30279e-16 4.77637e-18
8868.25 2.22824e-16 4.72152e-18
8871.62 2.16007e-16 4.61098e-18
8874.98 2.3154e-16 4.8235e-18
8878.34 2.47019e-16 5.29796e-18
8881.71 2.27896e-16 5.43046e-18
8885.07 2.22835e-16 5.41345e-18
8888.43 2.37658e-16 5.4697e-18
8891.8 2.36707e-16 5.27665e-18
8895.16 2.31645e-16 4.99674e-18
8898.52 2.36606e-16 4.91655e-18
8901.89 2.46331e-16 4.96961e-18
8905.25 2.387e-16 4.95055e-18
8908.61 2.30821e-16 5.11946e-18
8911.98 2.41704e-16 5.57294e-18
8915.34 2.42442e-16 5.77644e-18
8918.7 2.55136e-16 5.87088e-18
8922.07 2.58452e-16 5.7899e-18
8925.43 2.50695e-16 5.45491e-18
8928.79 2.40377e-16 4.77342e-18
8932.16 2.38695e-16 4.50084e-18
8935.52 2.43244e-16 4.73523e-18
8938.88 2.41903e-16 4.85633e-18
8942.25 2.40125e-16 4.83634e-18
8945.61 2.43488e-16 4.98065e-18
8948.97 2.31318e-16 5.22335e-18
8952.34 2.30536e-16 5.42431e-18
8955.7 2.35386e-16 5.41833e-18
8959.06 2.31024e-16 5.35204e-18
8962.43 2.18775e-16 5.17732e-18
8965.79 2.10194e-16 4.67889e-18
8969.15 2.03102e-16 4.16929e-18
8972.52 1.99747e-16 4.0814e-18
8975.88 2.08358e-16 4.17433e-18
8979.25 2.01663e-16 4.25578e-18
8982.61 1.8964e-16 4.35622e-18
8985.97 1.79438e-16 4.33628e-18
8989.34 1.72702e-16 4.36632e-18
8992.7 1.59926e-16 4.58427e-18
8996.06 1.5512e-16 4.70327e-18
8999.43 1.67961e-16 4.63478e-18
9002.79 1.76575e-16 4.57915e-18
9006.15 1.66205e-16 4.39188e-18
9009.52 1.48564e-16 3.96598e-18
9012.88 1.48829e-16 3.61422e-18
9016.24 1.44262e-16 3.50326e-18
9019.61 1.47729e-16 3.55325e-18
9022.97 1.42037e-16 3.52899e-18
9026.33 1.38278e-16 3.56945e-18
9029.7 1.39662e-16 3.70116e-18
9033.06 1.27759e-16 3.70288e-18
9036.42 1.25546e-16 3.71171e-18
9039.79 1.20359e-16 3.79087e-18
9043.15 1.19173e-16 3.96991e-18
9046.51 1.1582e-16 3.92231e-18
9049.88 1.1494e-16 3.909e-18
9053.24 1.22087e-16 3.87918e-18
9056.6 1.18289e-16 3.65142e-18
9059.97 1.03123e-16 3.34867e-18
9063.33 9.71214e-17 3.1591e-18
9066.69 9.58749e-17 3.14778e-18
9070.06 1.04864e-16 3.23026e-18
9073.42 1.07751e-16 3.23747e-18
9076.78 1.00594e-16 3.18059e-18
9080.15 1.002e-16 3.16956e-18
9083.51 1.05641e-16 3.24694e-18
9086.87 9.6151e-17 3.23617e-18
9090.24 8.9234e-17 3.22623e-18
9093.6 9.74199e-17 3.38096e-18
9096.96 8.45034e-17 3.38391e-18
9100.33 9.82159e-17 3.44618e-18
9103.69 1.07291e-16 3.48595e-18
9107.05 9.70384e-17 3.37602e-18
9110.42 9.43538e-17 3.25758e-18
9113.78 9.53735e-17 3.15475e-18
9117.14 9.60186e-17 3.11283e-18
9120.51 9.97172e-17 3.14576e-18
9123.87 9.82268e-17 3.13959e-18
9127.23 1.05693e-16 3.19892e-18
9130.6 1.11218e-16 3.26287e-18
9133.96 1.09711e-16 3.25067e-18
9137.32 1.15032e-16 3.28186e-18
9140.69 1.10447e-16 3.29171e-18
9144.05 1.08477e-16 3.35105e-18
9147.41 1.22611e-16 3.51057e-18
9150.78 1.22521e-16 3.5583e-18
9154.14 1.10087e-16 3.53208e-18
9157.5 1.26805e-16 3.69563e-18
9160.87 1.20622e-16 3.57403e-18
9164.23 1.23231e-16 3.5557e-18
9167.59 1.36402e-16 3.64753e-18
9170.96 1.36975e-16 3.55692e-18
9174.32 1.34338e-16 3.47389e-18
9177.68 1.35712e-16 3.496e-18
9181.05 1.34845e-16 3.46729e-18
9184.41 1.44681e-16 3.58455e-18
9187.77 1.50181e-16 3.65902e-18
9191.14 1.51065e-16 3.69647e-18
9194.5 1.42868e-16 3.63874e-18
9197.86 1.46333e-16 3.60509e-18
9201.23 1.51491e-16 3.64499e-18
9204.59 1.53505e-16 3.72362e-18
9207.95 1.55152e-16 3.75983e-18
9211.32 1.4943e-16 3.74466e-18
9214.68 1.6056e-16 3.86374e-18
9218.04 1.61816e-16 3.90858e-18
9221.41 1.62201e-16 3.95815e-18
9224.77 1.58594e-16 3.92642e-18
9228.13 1.6001e-16 3.85908e-18
9231.5 1.54447e-16 3.7894e-18
9234.86 1.4722e-16 3.73502e-18
9238.22 1.58573e-16 3.7656e-18
9241.59 1.63227e-16 3.82811e-18
9244.95 1.63184e-16 3.87208e-18
9248.31 1.61605e-16 3.86885e-18
9251.68 1.63693e-16 3.86187e-18
9255.04 1.50126e-16 3.76076e-18
9258.4 1.45202e-16 3.73019e-18
9261.77 1.57768e-16 3.80736e-18
9265.13 1.55459e-16 3.78061e-18
9268.49 1.4462e-16 3.69278e-18
9271.86 1.53096e-16 3.71944e-18
9275.22 1.53156e-16 3.75105e-18
9278.58 1.4395e-16 3.73291e-18
9281.95 1.4541e-16 3.75156e-18
9285.31 1.51095e-16 3.82518e-18
9288.68 1.52369e-16 3.88148e-18
9292.04 1.51606e-16 3.88883e-18
9295.4 1.49963e-16 3.99833e-18
9298.77 1.50974e-16 4.44958e-18
9302.13 1.49173e-16 5.14146e-18
9305.49 1.26994e-16 5.67629e-18
9308.86 1.45831e-16 6.24588e-18
9312.22 1.32106e-16 6.31272e-18
9315.58 1.17401e-16 6.26123e-18
9318.95 1.28507e-16 6.24995e-18
9322.31 1.16096e-16 5.77476e-18
9325.67 1.19359e-16 5.29729e-18
9329.04 1.29991e-16 5.10632e-18
9332.4 1.24123e-16 4.82187e-18
9335.76 1.28445e-16 4.42344e-18
9339.13 1.29989e-16 4.15605e-18
9342.49 1.11303e-16 3.94042e-18
9345.85 1.00542e-16 3.75292e-18
9349.22 1.12586e-16 3.65342e-18
9352.58 1.17752e-16 3.58733e-18
9355.94 1.15725e-16 3.64514e-18
9359.31 1.2285e-16 3.67407e-18
9362.67 1.11164e-16 3.63245e-18
9366.03 1.08884e-16 4.07544e-18
9369.4 1.17308e-16 5.14907e-18
9372.76 1.15589e-16 5.90529e-18
9376.12 1.15913e-16 6.03257e-18
9379.49 1.278e-16 6.14277e-18
9382.85 1.22751e-16 5.88711e-18
9386.21 1.13119e-16 5.06066e-18
9389.58 1.33186e-16 4.4003e-18
9392.94 1.38798e-16 4.23284e-18
9396.3 1.43471e-16 4.28757e-18
9399.67 1.36628e-16 4.19681e-18
9403.03 1.19523e-16 4.07488e-18
9406.39 1.23794e-16 4.09565e-18
9409.76 1.2627e-16 4.08217e-18
9413.12 1.34108e-16 4.25747e-18
9416.48 1.32606e-16 4.38501e-18
9419.85 1.2974e-16 4.36109e-18
9423.21 1.30729e-16 4.37445e-18
9426.57 1.20456e-16 4.24809e-18
9429.94 1.10709e-16 4.16117e-18
9433.3 1.24523e-16 4.63841e-18
9436.66 1.34502e-16 5.26574e-18
9440.03 1.17653e-16 5.30739e-18
9443.39 1.18689e-16 5.29375e-18
9446.75 1.20866e-16 5.08954e-18
9450.12 1.20209e-16 4.74393e-18
9453.48 1.23507e-16 4.61034e-18
9456.84 1.2364e-16 4.61903e-18
9460.21 1.13068e-16 4.49887e-18
9463.57 1.02186e-16 4.37849e-18
9466.93 1.07568e-16 4.42303e-18
9470.3 1.2367e-16 4.8209e-18
9473.66 1.415e-16 5.45011e-18
9477.02 1.40233e-16 5.6194e-18
9480.39 1.28796e-16 5.48622e-18
9483.75 1.27465e-16 5.34299e-18
9487.11 1.26006e-16 4.77743e-18
9490.48 1.11993e-16 3.90478e-18
9493.84 1.11418e-16 3.78609e-18
9497.2 1.24249e-16 4.17658e-18
9500.57 1.16528e-16 4.39536e-18
9503.93 1.17641e-16 4.47662e-18
9507.29 1.12994e-16 4.4684e-18
9510.66 1.11441e-16 4.53569e-18
9514.02 1.33854e-16 4.8758e-18
9517.38 1.35878e-16 5.1418e-18
9520.75 1.21899e-16 5.01761e-18
9524.11 1.02179e-16 4.86593e-18
9527.47 1.21862e-16 4.86184e-18
9530.84 1.40387e-16 4.54232e-18
9534.2 1.31636e-16 4.03463e-18
9537.56 1.17958e-16 3.77022e-18
9540.93 1.1289e-16 3.72724e-18
9544.29 1.15373e-16 3.81256e-18
9547.65 1.24771e-16 4.07976e-18
9551.02 1.15791e-16 4.16259e-18
9554.38 1.07149e-16 4.17636e-18
9557.74 1.17626e-16 4.36633e-18
9561.11 1.25264e-16 4.70307e-18
9564.47 1.23432e-16 4.89638e-18
9567.83 1.19417e-16 4.81807e-18
9571.2 1.07698e-16 4.72334e-18
9574.56 1.18145e-16 4.71654e-18
9577.92 1.19436e-16 4.36173e-18
9581.29 1.19224e-16 3.91608e-18
9584.65 1.09991e-16 3.60443e-18
9588.02 1.02592e-16 3.51478e-18
9591.38 1.0967e-16 3.60546e-18
9594.74 1.11171e-16 3.63168e-18
9598.11 1.02202e-16 3.54835e-18
9601.47 1.11559e-16 3.71712e-18
9604.83 1.12433e-16 3.89926e-18
9608.2 1.11433e-16 3.96005e-18
9611.56 1.07719e-16 3.96191e-18
9614.92 1.02635e-16 4.07769e-18
9618.29 1.05375e-16 4.26099e-18
9621.65 1.10944e-16 4.26823e-18
9625.01 1.09218e-16 4.17265e-18
9628.38 1.06166e-16 4.18319e-18
9631.74 9.9901e-17 3.96937e-18
9635.1 9.65199e-17 3.69317e-18
9638.47 9.63176e-17 3.55902e-18
9641.83 9.76148e-17 3.48774e-18
9645.19 9.97941e-17 3.44792e-18
9648.56 1.02613e-16 3.54042e-18
9651.92 1.06543e-16 3.65549e-18
9655.28 1.00003e-16 3.61399e-18
9658.65 1.05264e-16 3.69958e-18
9662.01 1.02761e-16 3.72665e-18
9665.37 1.02978e-16 3.83659e-18
9668.74 1.05902e-16 3.977e-18
9672.1 9.49915e-17 3.91338e-18
9675.46 9.27338e-17 3.97336e-18
9678.83 1.00088e-16 4.19564e-18
9682.19 9.14635e-17 4.15732e-18
9685.55 8.55608e-17 4.05878e-18
9688.92 9.44621e-17 4.14332e-18
9692.28 1.01283e-16 4.22759e-18
9695.64 9.77046e-17 4.26545e-18
9699.01 9.19762e-17 4.34815e-18
9702.37 8.49099e-17 4.28222e-18
