3634.64 8.34629e-18 1.80542e-17
3640.15 3.58848e-17 1.81365e-17
3645.67 3.45711e-17 1.78131e-17
3651.19 4.28869e-17 1.79699e-17
3656.7 5.9918e-17 1.76943e-17
3662.22 -2.48341e-18 1.65087e-17
3667.73 2.39321e-17 1.64697e-17
3673.25 6.34501e-17 1.66735e-17
3678.77 3.07271e-17 1.63129e-17
3684.28 4.64429e-17 1.62401e-17
3689.8 2.59631e-17 1.58488e-17
3695.32 2.8432e-17 1.52908e-17
3700.83 3.5623e-17 1.56591e-17
3706.35 7.25594e-18 1.49819e-17
3711.86 2.46579e-17 1.46908e-17
3717.38 4.42309e-17 1.48653e-17
3722.9 -1.4441e-17 1.43769e-17
3728.41 2.9281e-17 1.4685e-17
3733.93 1.27751e-17 1.43683e-17
3739.45 1.43794e-17 1.41256e-17
3744.96 6.05088e-18 1.3791e-17
3750.48 1.74081e-17 1.33798e-17
3755.99 2.16065e-17 1.33229e-17
3761.51 2.39774e-17 1.3377e-17
3767.03 1.86543e-17 1.30275e-17
3772.54 1.95279e-17 1.30312e-17
3778.06 3.09119e-17 1.29082e-17
3783.58 2.22e-17 1.27199e-17
3789.09 1.11242e-17 1.25202e-17
3794.61 5.52091e-17 1.25776e-17
3800.12 -7.20425e-18 1.19292e-17
3805.64 2.45081e-17 1.19451e-17
3811.16 3.61258e-17 1.22745e-17
3816.67 6.71357e-18 1.17978e-17
3822.19 3.5634e-17 1.21524e-17
3827.71 4.76067e-17 1.21424e-17
3833.22 6.72834e-17 1.21117e-17
3838.74 4.15325e-17 1.18266e-17
3844.25 4.3629e-17 1.17343e-17
3849.77 4.6544e-17 1.16257e-17
3855.29 2.15537e-17 1.11134e-17
3860.8 6.75317e-17 1.14633e-17
3866.32 4.94541e-17 1.13411e-17
3871.84 3.69281e-17 1.10165e-17
3877.35 6.89179e-17 1.11514e-17
3882.87 8.72174e-17 1.1302e-17
3888.39 9.42139e-17 1.14191e-17
3893.9 7.59654e-17 1.10734e-17
3899.42 7.79496e-17 1.12382e-17
3904.93 1.13812e-16 1.16811e-17
3910.45 1.06466e-16 1.1428e-17
3915.97 9.57274e-17 1.14296e-17
3921.48 1.24476e-16 1.1301e-17
3927 1.20451e-16 1.11927e-17
3932.52 1.10401e-16 1.10607e-17
3938.03 1.06433e-16 1.10593e-17
3943.55 1.29911e-16 1.11892e-17
3949.06 1.17537e-16 1.11006e-17
3954.58 1.0493e-16 1.08616e-17
3960.1 7.9183e-17 1.05047e-17
3965.61 1.09247e-16 1.07182e-17
3971.13 1.22511e-16 1.08014e-17
3976.65 1.27872e-16 1.07312e-17
3982.16 1.04828e-16 1.06467e-17
3987.68 9.10896e-17 1.05163e-17
3993.19 6.61078e-17 1.0076e-17
3998.71 7.39119e-17 1.01025e-17
4004.23 9.27218e-17 1.03442e-17
4009.74 9.68129e-17 1.02347e-17
4015.26 8.75645e-17 1.02273e-17
4020.78 1.12291e-16 1.03723e-17
4026.29 8.64511e-17 1.01761e-17
4031.81 8.24852e-17 9.86848e-18
4037.32 8.37268e-17 9.95061e-18
4042.84 1.05107e-16 1.02404e-17
4048.36 1.05999e-16 1.00735e-17
4053.87 1.04897e-16 1.01331e-17
4059.39 1.11438e-16 1.0143e-17
4064.91 1.07265e-16 1.0081e-17
4070.42 9.20495e-17 9.88074e-18
4075.94 8.21937e-17 9.74839e-18
4081.45 8.02297e-17 9.80751e-18
4086.97 6.30659e-17 9.37284e-18
4092.49 6.20576e-17 9.45262e-18
4098 5.95749e-17 9.38647e-18
4103.52 7.33872e-17 9.3297e-18
4109.04 8.79197e-17 9.27734e-18
4114.55 7.7894e-17 9.2049e-18
4120.07 7.44624e-17 9.27588e-18
4125.58 8.24527e-17 9.27709e-18
4131.1 7.49384e-17 9.25487e-18
4136.62 8.04414e-17 9.29696e-18
4142.13 8.5742e-17 9.27111e-18
4147.65 8.47514e-17 9.3277e-18
4153.17 5.89797e-17 8.98918e-18
4158.68 6.93335e-17 9.15446e-18
4164.2 6.58564e-17 9.14053e-18
4169.72 7.71193e-17 9.03912e-18
4175.23 8.35181e-17 9.159e-18
4180.75 5.6492e-17 8.78713e-18
4186.26 6.79643e-17 8.95391e-18
4191.78 6.9075e-17 8.78556e-18
4197.3 7.76176e-17 9.00707e-18
4202.81 6.232e-17 8.59774e-18
4208.33 6.85025e-17 8.7925e-18
4213.85 7.24828e-17 8.85353e-18
4219.36 6.35511e-17 8.68317e-18
4224.88 6.03332e-17 8.60208e-18
4230.39 6.70761e-17 8.6038e-18
4235.91 7.17545e-17 8.62198e-18
4241.43 6.71805e-17 8.55732e-18
4246.94 6.30529e-17 8.56033e-18
4252.46 7.00544e-17 8.65133e-18
4257.98 7.05367e-17 8.69793e-18
4263.49 4.49863e-17 8.34987e-18
4269.01 6.65448e-17 8.51292e-18
4274.52 6.76317e-17 8.5693e-18
4280.04 7.38048e-17 8.67865e-18
4285.56 6.58662e-17 8.5434e-18
4291.07 6.08941e-17 8.38163e-18
4296.59 6.34073e-17 8.37384e-18
4302.11 8.90885e-17 8.54702e-18
4307.62 9.94253e-17 8.67443e-18
4313.14 8.26745e-17 8.54516e-18
4318.65 6.10224e-17 8.26945e-18
4324.17 6.2544e-17 8.31673e-18
4329.69 8.46948e-17 8.48966e-18
4335.2 6.83469e-17 8.29512e-18
4340.72 6.6119e-17 8.36619e-18
4346.24 7.53373e-17 8.4366e-18
4351.75 9.55038e-17 8.55155e-18
4357.27 7.19538e-17 8.31598e-18
4362.78 1.15379e-16 8.74782e-18
4368.3 9.79249e-17 8.62231e-18
4373.82 1.10191e-16 8.62257e-18
4379.33 1.26069e-16 8.80464e-18
4384.85 1.03366e-16 8.54692e-18
4390.37 1.04625e-16 8.7039e-18
4395.88 1.11135e-16 8.76754e-18
4401.4 1.20627e-16 8.78284e-18
4406.91 1.29176e-16 8.96875e-18
4412.43 1.45081e-16 9.15058e-18
4417.95 1.3371e-16 9.11164e-18
4423.46 1.32142e-16 9.12677e-18
4428.98 1.47097e-16 9.18828e-18
4434.5 1.15495e-16 8.85622e-18
4440.01 1.8408e-16 9.4403e-18
4445.53 1.64745e-16 9.36032e-18
4451.05 1.65858e-16 9.32584e-18
4456.56 1.46032e-16 9.1173e-18
4462.08 1.68543e-16 9.30814e-18
4467.59 1.77976e-16 9.4003e-18
4473.11 1.64157e-16 9.17575e-18
4478.63 1.68705e-16 9.2918e-18
4484.14 1.81013e-16 9.42123e-18
4489.66 1.94188e-16 9.49353e-18
4495.18 1.87368e-16 9.40235e-18
4500.69 1.91877e-16 9.53301e-18
4506.21 2.12304e-16 9.6949e-18
4511.72 1.93685e-16 9.58749e-18
4517.24 1.7411e-16 9.31487e-18
4522.76 1.59604e-16 9.3183e-18
4528.27 2.0062e-16 9.49618e-18
4533.79 1.86491e-16 9.48523e-18
4539.31 1.68138e-16 9.18648e-18
4544.82 1.78655e-16 9.33559e-18
4550.34 1.65086e-16 9.16598e-18
4555.85 1.55759e-16 9.10167e-18
4561.37 1.52441e-16 9.08576e-18
4566.89 1.78014e-16 9.28492e-18
4572.4 1.74018e-16 9.15045e-18
4577.92 1.48375e-16 8.99016e-18
4583.44 1.61045e-16 9.07968e-18
4588.95 1.65592e-16 9.14492e-18
4594.47 1.64381e-16 9.1324e-18
4599.98 1.94103e-16 9.40041e-18
4605.5 2.0201e-16 9.49919e-18
4611.02 1.81685e-16 9.27177e-18
4616.53 1.68595e-16 9.2705e-18
4622.05 1.93011e-16 9.32204e-18
4627.57 1.80945e-16 9.2129e-18
4633.08 1.88139e-16 9.29727e-18
4638.6 1.90334e-16 9.32945e-18
4644.11 2.14341e-16 9.50738e-18
4649.63 2.12235e-16 9.51417e-18
4655.15 2.19734e-16 9.56924e-18
4660.66 2.27676e-16 9.67505e-18
4666.18 2.50378e-16 9.78475e-18
4671.7 2.56023e-16 9.93495e-18
4677.21 2.72032e-16 1.00924e-17
4682.73 2.4764e-16 9.8706e-18
4688.24 2.65278e-16 9.97144e-18
4693.76 2.76992e-16 1.00242e-17
4699.28 2.61689e-16 9.94525e-18
4704.79 2.84694e-16 1.00155e-17
4710.31 2.94131e-16 1.01813e-17
4715.83 2.5467e-16 9.87079e-18
4721.34 2.464e-16 9.72542e-18
4726.86 2.44782e-16 9.74785e-18
4732.38 2.34535e-16 9.66876e-18
4737.89 2.19916e-16 9.4553e-18
4743.41 2.1433e-16 9.45919e-18
4748.92 2.17044e-16 9.43218e-18
4754.44 2.03102e-16 9.27645e-18
4759.96 2.041e-16 9.34576e-18
4765.47 1.82081e-16 9.08479e-18
4770.99 1.99091e-16 9.23818e-18
4776.51 1.81136e-16 8.94612e-18
4782.02 1.96475e-16 9.16158e-18
4787.54 1.6246e-16 8.93621e-18
4793.05 1.58256e-16 8.86509e-18
4798.57 1.70091e-16 8.93341e-18
4804.09 1.7396e-16 8.96055e-18
4809.6 1.80079e-16 9.00387e-18
4815.12 1.98791e-16 9.26453e-18
4820.64 1.96242e-16 9.1745e-18
4826.15 2.0005e-16 9.3006e-18
4831.67 2.16619e-16 9.42916e-18
4837.18 1.95767e-16 9.29125e-18
4842.7 2.08987e-16 9.27117e-18
4848.22 2.08038e-16 9.28084e-18
4853.73 2.11315e-16 9.29339e-18
4859.25 1.96523e-16 9.17211e-18
4864.77 2.04964e-16 9.20959e-18
4870.28 1.91803e-16 9.11429e-18
4875.8 1.79156e-16 9.07493e-18
4881.31 1.87463e-16 9.04265e-18
4886.83 1.8292e-16 8.9308e-18
4892.35 1.56458e-16 8.794e-18
4897.86 1.47764e-16 8.77093e-18
4903.38 1.62571e-16 8.81027e-18
4908.9 1.59123e-16 8.79299e-18
4914.41 1.34591e-16 8.46844e-18
4919.93 1.46639e-16 8.61299e-18
4925.44 1.14546e-16 8.30396e-18
4930.96 1.33308e-16 8.50217e-18
4936.48 1.18786e-16 8.4079e-18
4941.99 1.35079e-16 8.4926e-18
4947.51 1.27997e-16 8.38714e-18
4953.03 1.24369e-16 8.23994e-18
4958.54 1.15216e-16 8.20599e-18
4964.06 1.23738e-16 8.30743e-18
4969.57 1.19195e-16 8.27482e-18
4975.09 1.14595e-16 8.33018e-18
4980.61 1.40514e-16 8.4702e-18
4986.12 1.06942e-16 8.21606e-18
4991.64 1.2882e-16 8.46444e-18
4997.16 1.28202e-16 8.49456e-18
5002.67 1.40065e-16 8.54546e-18
5008.19 1.50028e-16 8.53987e-18
5013.71 1.34867e-16 8.45637e-18
5019.22 1.35658e-16 8.48126e-18
5024.74 1.29439e-16 8.45699e-18
5030.25 1.53877e-16 8.62271e-18
5035.77 1.45983e-16 8.60309e-18
5041.29 1.54069e-16 8.71206e-18
5046.8 1.48175e-16 8.5422e-18
5052.32 1.5058e-16 8.63431e-18
5057.84 1.53943e-16 8.56182e-18
5063.35 1.35093e-16 8.41484e-18
5068.87 1.36528e-16 8.42133e-18
5074.38 1.44813e-16 8.55996e-18
5079.9 1.40243e-16 8.49968e-18
5085.42 1.27668e-16 8.30814e-18
5090.93 1.36569e-16 8.43065e-18
5096.45 1.28113e-16 8.37462e-18
5101.97 1.41533e-16 8.42776e-18
5107.48 1.45434e-16 8.5326e-18
5113 1.25323e-16 8.33882e-18
5118.51 1.59379e-16 8.57531e-18
5124.03 1.44151e-16 8.60591e-18
5129.55 1.33203e-16 8.44633e-18
5135.06 1.39882e-16 8.46686e-18
5140.58 1.33856e-16 8.52925e-18
5146.1 1.55059e-16 8.65995e-18
5151.61 1.74985e-16 8.82704e-18
5157.13 1.92406e-16 8.87744e-18
5162.64 1.86235e-16 8.9711e-18
5168.16 1.79608e-16 8.8852e-18
5173.68 2.06119e-16 9.08318e-18
5179.19 2.13035e-16 9.17396e-18
5184.71 2.2282e-16 9.29851e-18
5190.23 2.36799e-16 9.48819e-18
5195.74 2.37459e-16 9.54304e-18
5201.26 2.50075e-16 9.57196e-18
5206.77 2.61829e-16 9.93907e-18
5212.29 2.65692e-16 9.80382e-18
5217.81 2.63688e-16 1.02486e-17
5223.32 2.64621e-16 1.0174e-17
5228.84 2.71021e-16 9.85451e-18
5234.36 2.64179e-16 9.7014e-18
5239.87 2.73889e-16 9.84318e-18
5245.39 2.83852e-16 9.89897e-18
5250.9 3.05784e-16 1.00052e-17
5256.42 3.0712e-16 1.00607e-17
5261.94 3.28932e-16 1.03153e-17
5267.45 3.29218e-16 1.02249e-17
5272.97 3.19279e-16 1.02261e-17
5278.49 3.59887e-16 1.05263e-17
5284 3.56844e-16 1.05625e-17
5289.52 3.84561e-16 1.07367e-17
5295.04 3.8086e-16 1.07255e-17
5300.55 3.98723e-16 1.08932e-17
5306.07 3.85539e-16 1.09002e-17
5311.58 4.14938e-16 1.10308e-17
5317.1 4.3842e-16 1.11172e-17
5322.62 4.04748e-16 1.1027e-17
5328.13 4.53669e-16 1.13785e-17
5333.65 4.53472e-16 1.13452e-17
5339.17 4.43055e-16 1.12516e-17
5344.68 4.46072e-16 1.12938e-17
5350.2 4.44916e-16 1.12663e-17
5355.71 4.46835e-16 1.13591e-17
5361.23 4.47125e-16 1.13064e-17
5366.75 4.51403e-16 1.13193e-17
5372.26 4.4672e-16 1.13265e-17
5377.78 4.65287e-16 1.14043e-17
5383.3 4.74239e-16 1.15193e-17
5388.81 4.6894e-16 1.14606e-17
5394.33 4.68937e-16 1.14894e-17
5399.84 4.70605e-16 1.14449e-17
5405.36 4.06653e-16 1.09512e-17
5410.88 4.18243e-16 1.10833e-17
5416.39 4.13767e-16 1.10434e-17
5421.91 4.13816e-16 1.10187e-17
5427.43 4.04819e-16 1.09342e-17
5432.94 3.9884e-16 1.09648e-17
5438.46 4.06031e-16 1.10429e-17
5443.97 3.75584e-16 1.08498e-17
5449.49 3.8674e-16 1.08839e-17
5455.01 3.98173e-16 1.09985e-17
5460.52 4.2817e-16 1.118e-17
5466.04 4.13775e-16 1.10179e-17
5471.56 4.32454e-16 1.12125e-17
5477.07 4.49435e-16 1.14129e-17
5482.59 4.65946e-16 1.15049e-17
5488.1 4.71312e-16 1.15541e-17
5493.62 4.79609e-16 1.16505e-17
5499.14 4.67297e-16 1.15991e-17
5504.65 4.8959e-16 1.1807e-17
5510.17 5.07295e-16 1.18924e-17
5515.69 5.38228e-16 1.21196e-17
5521.2 5.38373e-16 1.21094e-17
5526.72 5.25775e-16 1.19926e-17
5532.24 5.21638e-16 1.20462e-17
5537.75 5.1352e-16 1.19692e-17
5543.27 4.90171e-16 1.18489e-17
5548.78 5.01092e-16 1.18522e-17
5554.3 4.83527e-16 1.17402e-17
5559.82 4.7187e-16 1.17133e-17
5565.33 4.80783e-16 1.26079e-17
5570.85 4.86359e-16 1.41151e-17
5576.37 4.45419e-16 1.40239e-17
5581.88 4.70844e-16 1.4117e-17
5587.4 4.53981e-16 1.27813e-17
5592.91 4.28975e-16 1.1441e-17
5598.43 4.63197e-16 1.16568e-17
5603.95 4.38653e-16 1.14894e-17
5609.46 4.26256e-16 1.13417e-17
5614.98 4.27091e-16 1.14595e-17
5620.5 4.06661e-16 1.12868e-17
5626.01 4.12859e-16 1.12445e-17
5631.53 3.93963e-16 1.10992e-17
5637.04 4.11262e-16 1.12882e-17
5642.56 4.2853e-16 1.14323e-17
5648.08 4.13321e-16 1.13538e-17
5653.59 4.12555e-16 1.13386e-17
5659.11 4.46391e-16 1.15152e-17
5664.63 4.67683e-16 1.16697e-17
5670.14 4.61913e-16 1.16987e-17
5675.66 4.54071e-16 1.16606e-17
5681.17 4.97661e-16 1.19392e-17
5686.69 4.93455e-16 1.19973e-17
5692.21 5.10451e-16 1.21672e-17
5697.72 5.30794e-16 1.21655e-17
5703.24 5.6264e-16 1.24523e-17
5708.76 5.22619e-16 1.22186e-17
5714.27 5.24594e-16 1.21658e-17
5719.79 4.91271e-16 1.19163e-17
5725.3 4.91425e-16 1.19035e-17
5730.82 4.56547e-16 1.16551e-17
5736.34 4.57414e-16 1.16981e-17
5741.85 4.55918e-16 1.1635e-17
5747.37 4.18672e-16 1.13314e-17
5752.89 4.28522e-16 1.13981e-17
5758.4 4.35069e-16 1.14494e-17
5763.92 4.1961e-16 1.14273e-17
5769.43 4.14214e-16 1.13866e-17
5774.95 4.10808e-16 1.13875e-17
5780.47 4.1921e-16 1.13758e-17
5785.98 3.98269e-16 1.11782e-17
5791.5 4.01022e-16 1.12305e-17
5797.02 3.94643e-16 1.11942e-17
5802.53 3.90851e-16 1.12168e-17
5808.05 3.94572e-16 1.12123e-17
5813.57 3.82193e-16 1.11615e-17
5819.08 3.90652e-16 1.12052e-17
5824.6 4.17163e-16 1.1318e-17
5830.11 4.26692e-16 1.14945e-17
5835.63 4.12521e-16 1.14058e-17
5841.15 4.07164e-16 1.13414e-17
5846.66 3.91902e-16 1.12503e-17
5852.18 4.11023e-16 1.13485e-17
5857.7 4.21812e-16 1.16156e-17
5863.21 4.3437e-16 1.16514e-17
5868.73 4.3702e-16 1.17467e-17
5874.24 4.00609e-16 1.15494e-17
5879.76 4.21139e-16 1.19753e-17
5885.28 4.15031e-16 1.22676e-17
5890.79 3.99797e-16 1.23143e-17
5896.31 3.74271e-16 1.19555e-17
5901.83 3.51371e-16 1.14106e-17
5907.34 3.3644e-16 1.09666e-17
5912.86 3.3975e-16 1.09762e-17
5918.37 3.04963e-16 1.06888e-17
5923.89 3.21259e-16 1.08281e-17
5929.41 3.17288e-16 1.07833e-17
5934.92 3.31298e-16 1.0842e-17
5940.44 3.23011e-16 1.07585e-17
5945.96 3.16306e-16 1.0703e-17
5951.47 3.12841e-16 1.06855e-17
5956.99 3.35381e-16 1.0834e-17
5962.5 3.31922e-16 1.08723e-17
5968.02 3.50591e-16 1.09943e-17
5973.54 3.45033e-16 1.09533e-17
5979.05 3.65094e-16 1.10973e-17
5984.57 3.76596e-16 1.11174e-17
5990.09 3.74411e-16 1.10726e-17
5995.6 3.899e-16 1.12596e-17
6001.12 3.76755e-16 1.12426e-17
6006.63 3.76119e-16 1.12209e-17
6012.15 3.98244e-16 1.13018e-17
6017.67 4.03923e-16 1.136e-17
6023.18 4.12121e-16 1.14146e-17
6028.7 4.23644e-16 1.14605e-17
6034.22 3.98527e-16 1.1318e-17
6039.73 3.8902e-16 1.12024e-17
6045.25 3.92971e-16 1.11226e-17
6050.76 3.77273e-16 1.10565e-17
6056.28 3.98014e-16 1.12324e-17
6061.8 3.78288e-16 1.10954e-17
6067.31 3.64068e-16 1.09789e-17
6072.83 3.93594e-16 1.11397e-17
6078.35 3.82604e-16 1.11035e-17
6083.86 3.73685e-16 1.10538e-17
6089.38 3.67448e-16 1.09149e-17
6094.9 3.8809e-16 1.10998e-17
6100.41 3.75751e-16 1.10863e-17
6105.93 3.85007e-16 1.1168e-17
6111.44 3.52488e-16 1.09325e-17
6116.96 3.61924e-16 1.10153e-17
6122.48 3.72845e-16 1.09848e-17
6127.99 3.6671e-16 1.09583e-17
6133.51 3.54846e-16 1.09589e-17
6139.03 3.25824e-16 1.08306e-17
6144.54 3.30433e-16 1.07703e-17
6150.06 3.05119e-16 1.05147e-17
6155.57 2.91041e-16 1.03104e-17
6161.09 2.81311e-16 1.03294e-17
6166.61 2.59596e-16 1.01679e-17
6172.12 2.34294e-16 9.89716e-18
6177.64 2.25414e-16 9.78877e-18
6183.16 2.20515e-16 9.65948e-18
6188.67 1.91625e-16 9.43898e-18
6194.19 1.76907e-16 9.3844e-18
6199.7 1.79628e-16 9.38049e-18
6205.22 1.78665e-16 9.41672e-18
6210.74 1.69117e-16 9.30382e-18
6216.25 1.49021e-16 9.03066e-18
6221.77 1.66971e-16 9.35498e-18
6227.29 1.535e-16 9.40802e-18
6232.8 1.38416e-16 9.36119e-18
6238.32 1.35933e-16 9.37461e-18
6243.83 1.21453e-16 9.11189e-18
6249.35 1.32484e-16 9.22241e-18
6254.87 1.522e-16 9.39466e-18
6260.38 1.43173e-16 9.27814e-18
6265.9 1.47594e-16 9.21159e-18
6271.42 1.38636e-16 9.07859e-18
6276.93 1.53161e-16 9.28393e-18
6282.45 1.73146e-16 9.47784e-18
6287.96 1.67119e-16 9.65424e-18
6293.48 1.74458e-16 9.94843e-18
6299 1.97524e-16 1.00999e-17
6304.51 2.12019e-16 1.01818e-17
6310.03 2.09251e-16 1.00057e-17
6315.55 2.24763e-16 1.00172e-17
6321.06 2.40752e-16 1.01111e-17
6326.58 2.4187e-16 1.01346e-17
6332.09 2.63356e-16 1.02773e-17
6337.61 2.58911e-16 1.0231e-17
6343.13 2.53867e-16 1.01621e-17
6348.64 2.56939e-16 1.02512e-17
6354.16 2.67986e-16 1.04169e-17
6359.68 2.7304e-16 1.0427e-17
6365.19 2.71736e-16 1.04426e-17
6370.71 2.71267e-16 1.03194e-17
6376.23 2.89971e-16 1.04734e-17
6381.74 2.94614e-16 1.05e-17
6387.26 2.92237e-16 1.04476e-17
6392.77 2.89179e-16 1.04179e-17
6398.29 3.07752e-16 1.05686e-17
6403.81 2.98892e-16 1.04731e-17
6409.32 3.21489e-16 1.06373e-17
6414.84 3.26887e-16 1.06534e-17
6420.36 3.46413e-16 1.09298e-17
6425.87 3.45185e-16 1.0904e-17
6431.39 3.27671e-16 1.07328e-17
6436.9 3.45476e-16 1.08697e-17
6442.42 3.57644e-16 1.09345e-17
6447.94 3.75202e-16 1.11123e-17
6453.45 4.16293e-16 1.15529e-17
6458.97 3.73882e-16 1.14824e-17
6464.49 3.98791e-16 1.15654e-17
6470 4.07574e-16 1.16125e-17
6475.52 4.28747e-16 1.17236e-17
6481.03 4.26262e-16 1.15534e-17
6486.55 4.19125e-16 1.15909e-17
6492.07 4.50085e-16 1.19127e-17
6497.58 4.66029e-16 1.21957e-17
6503.1 4.82417e-16 1.22042e-17
6508.62 4.71128e-16 1.20037e-17
6514.13 4.51744e-16 1.17662e-17
6519.65 4.62462e-16 1.19679e-17
6525.16 4.59595e-16 1.20349e-17
6530.68 4.37844e-16 1.19154e-17
6536.2 4.45963e-16 1.19867e-17
6541.71 4.70882e-16 1.21093e-17
6547.23 4.67242e-16 1.21095e-17
6552.75 4.65289e-16 1.2055e-17
6558.26 4.62071e-16 1.20309e-17
6563.78 4.40625e-16 1.18536e-17
6569.29 4.56585e-16 1.20218e-17
6574.81 4.7717e-16 1.2142e-17
6580.33 4.73242e-16 1.2141e-17
6585.84 4.51388e-16 1.19297e-17
6591.36 4.74673e-16 1.20235e-17
6596.88 4.77166e-16 1.21333e-17
6602.39 4.52046e-16 1.19185e-17
6607.91 4.18504e-16 1.16445e-17
6613.42 4.58133e-16 1.18655e-17
6618.94 4.65468e-16 1.18934e-17
6624.46 4.55042e-16 1.18831e-17
6629.97 4.40173e-16 1.1685e-17
6635.49 4.12341e-16 1.15504e-17
6641.01 3.94257e-16 1.14342e-17
6646.52 3.96335e-16 1.13344e-17
6652.04 3.63775e-16 1.1083e-17
6657.56 3.62757e-16 1.11395e-17
6663.07 3.48638e-16 1.10305e-17
6668.59 3.47859e-16 1.09966e-17
6674.1 3.43159e-16 1.08645e-17
6679.62 3.40986e-16 1.09387e-17
6685.14 3.74486e-16 1.12565e-17
6690.65 3.66816e-16 1.12201e-17
6696.17 3.52916e-16 1.11096e-17
6701.69 3.45746e-16 1.096e-17
6707.2 3.65103e-16 1.11053e-17
6712.72 3.52774e-16 1.11009e-17
6718.23 3.39576e-16 1.09461e-17
6723.75 3.54474e-16 1.10697e-17
6729.27 3.58001e-16 1.10652e-17
6734.78 3.45669e-16 1.09989e-17
6740.3 3.44272e-16 1.10158e-17
6745.82 3.52839e-16 1.10251e-17
6751.33 3.54395e-16 1.11277e-17
6756.85 3.69939e-16 1.12347e-17
6762.36 3.73963e-16 1.12188e-17
6767.88 3.64435e-16 1.12038e-17
6773.4 3.9416e-16 1.13964e-17
6778.91 3.88235e-16 1.13173e-17
6784.43 3.84124e-16 1.14066e-17
6789.95 3.78057e-16 1.14342e-17
6795.46 3.92017e-16 1.1513e-17
6800.98 3.66506e-16 1.13154e-17
6806.49 3.90415e-16 1.14452e-17
6812.01 3.81832e-16 1.14081e-17
6817.53 3.91884e-16 1.16796e-17
6823.04 3.88598e-16 1.20077e-17
6828.56 3.88203e-16 1.2253e-17
6834.08 3.82396e-16 1.21802e-17
6839.59 3.64813e-16 1.18314e-17
6845.11 3.71044e-16 1.14898e-17
6850.62 3.6754e-16 1.14673e-17
6856.14 3.56977e-16 1.15834e-17
6861.66 3.50351e-16 1.1515e-17
6867.17 3.26963e-16 1.11278e-17
6872.69 2.85088e-16 1.05567e-17
6878.21 3.11176e-16 1.05942e-17
6883.72 2.99568e-16 1.05551e-17
6889.24 2.84663e-16 1.04333e-17
6894.76 2.91273e-16 1.05779e-17
6900.27 3.01212e-16 1.07379e-17
6905.79 3.01038e-16 1.07907e-17
6911.3 2.95109e-16 1.09552e-17
6916.82 3.18024e-16 1.11657e-17
6922.34 2.98877e-16 1.09463e-17
6927.85 2.83054e-16 1.09061e-17
6933.37 3.14019e-16 1.11443e-17
6938.89 3.08398e-16 1.11242e-17
6944.4 3.05214e-16 1.11754e-17
6949.92 3.02455e-16 1.11237e-17
6955.43 2.83431e-16 1.08739e-17
6960.95 3.32338e-16 1.10789e-17
6966.47 2.8382e-16 1.0799e-17
6971.98 2.77698e-16 1.08191e-17
6977.5 2.8947e-16 1.10323e-17
6983.02 2.69409e-16 1.07259e-17
6988.53 2.84768e-16 1.07184e-17
6994.05 2.8704e-16 1.07236e-17
6999.56 2.93826e-16 1.08795e-17
7005.08 2.96361e-16 1.08838e-17
7010.6 2.70543e-16 1.06698e-17
7016.11 3.00175e-16 1.08657e-17
7021.63 2.90197e-16 1.07546e-17
7027.15 3.1758e-16 1.09061e-17
7032.66 3.20894e-16 1.0971e-17
7038.18 2.96109e-16 1.08798e-17
7043.69 3.25229e-16 1.10906e-17
7049.21 3.23452e-16 1.10461e-17
7054.73 3.03691e-16 1.0962e-17
7060.24 2.97475e-16 1.09501e-17
7065.76 2.93831e-16 1.08582e-17
7071.28 3.14337e-16 1.09851e-17
7076.79 3.09459e-16 1.10014e-17
7082.31 3.20159e-16 1.11092e-17
7087.82 3.25211e-16 1.11129e-17
7093.34 3.0606e-16 1.09329e-17
7098.86 3.00825e-16 1.08545e-17
7104.37 2.85809e-16 1.07076e-17
7109.89 2.75249e-16 1.07135e-17
7115.41 3.06134e-16 1.0858e-17
7120.92 2.84498e-16 1.07069e-17
7126.44 2.86884e-16 1.08213e-17
7131.95 2.66994e-16 1.0718e-17
7137.47 2.67339e-16 1.07534e-17
7142.99 2.74945e-16 1.07228e-17
7148.5 2.76331e-16 1.07876e-17
7154.02 2.63015e-16 1.07044e-17
7159.54 2.5911e-16 1.05729e-17
7165.05 2.60803e-16 1.05821e-17
7170.57 2.59728e-16 1.05209e-17
7176.09 2.5291e-16 1.04287e-17
7181.6 2.46011e-16 1.03795e-17
7187.12 2.57335e-16 1.0361e-17
7192.63 2.79585e-16 1.04406e-17
7198.15 2.54604e-16 1.02973e-17
7203.67 2.57321e-16 1.03408e-17
7209.18 2.5281e-16 1.04034e-17
7214.7 2.19683e-16 1.02047e-17
7220.22 2.26206e-16 1.02344e-17
7225.73 2.30626e-16 1.05272e-17
7231.25 2.22212e-16 1.1127e-17
7236.76 2.23608e-16 1.18221e-17
7242.28 2.35722e-16 1.21742e-17
7247.8 2.32346e-16 1.21345e-17
7253.31 2.49209e-16 1.1438e-17
7258.83 2.25569e-16 1.06851e-17
7264.35 2.50205e-16 1.10634e-17
7269.86 2.68017e-16 1.19246e-17
7275.38 2.67621e-16 1.23069e-17
7280.89 2.66573e-16 1.2404e-17
7286.41 2.59409e-16 1.18417e-17
7291.93 2.66047e-16 1.14265e-17
7297.44 2.67433e-16 1.13963e-17
7302.96 2.80619e-16 1.15829e-17
7308.48 2.75277e-16 1.20041e-17
7313.99 2.51432e-16 1.17965e-17
7319.51 2.90126e-16 1.2267e-17
7325.02 2.93816e-16 1.21336e-17
7330.54 2.97015e-16 1.23567e-17
7336.06 2.89219e-16 1.25779e-17
7341.57 2.76291e-16 1.22909e-17
7347.09 2.82835e-16 1.23016e-17
7352.61 2.78604e-16 1.20111e-17
7358.12 2.84566e-16 1.19394e-17
7363.64 2.84354e-16 1.23113e-17
7369.15 2.6075e-16 1.20534e-17
7374.67 2.48524e-16 1.17228e-17
7380.19 2.44266e-16 1.14407e-17
7385.7 2.47061e-16 1.1214e-17
7391.22 2.55382e-16 1.15553e-17
7396.74 2.57018e-16 1.18655e-17
7402.25 2.49441e-16 1.16559e-17
7407.77 2.49914e-16 1.15662e-17
7413.28 2.60757e-16 1.12884e-17
7418.8 2.7564e-16 1.1291e-17
7424.32 2.57633e-16 1.12777e-17
7429.83 2.60835e-16 1.15105e-17
7435.35 2.39405e-16 1.13601e-17
7440.87 2.70002e-16 1.1489e-17
7446.38 2.9059e-16 1.16737e-17
7451.9 2.71676e-16 1.13601e-17
7457.41 2.45939e-16 1.12693e-17
7462.93 2.46969e-16 1.14132e-17
7468.45 2.38054e-16 1.14954e-17
7473.96 2.38544e-16 1.17556e-17
7479.48 2.57025e-16 1.19018e-17
7485 2.42778e-16 1.16435e-17
7490.51 2.18205e-16 1.12399e-17
7496.03 2.07889e-16 1.0915e-17
7501.55 1.80192e-16 1.06698e-17
7507.06 1.68061e-16 1.0449e-17
7512.58 1.69515e-16 1.07061e-17
7518.09 1.49725e-16 1.11516e-17
7523.61 1.3448e-16 1.12246e-17
7529.13 1.31796e-16 1.12384e-17
7534.64 1.12441e-16 1.06279e-17
7540.16 1.07138e-16 9.98388e-18
7545.68 1.107e-16 9.98898e-18
7551.19 9.69452e-17 9.99294e-18
7556.71 8.67215e-17 9.98645e-18
7562.22 7.66281e-17 1.00778e-17
7567.74 7.39467e-17 1.02314e-17
7573.26 6.46757e-17 1.0113e-17
7578.77 9.03178e-17 1.05374e-17
7584.29 9.48272e-17 1.00664e-17
7589.81 7.49522e-17 9.67407e-18
7595.32 3.6956e-17 9.21129e-18
7600.84 5.06419e-17 8.9587e-18
7606.35 5.31617e-17 8.83322e-18
7611.87 6.70638e-17 8.91615e-18
7617.39 4.78269e-17 9.13026e-18
7622.9 9.61367e-17 9.70373e-18
7628.42 1.1909e-16 9.75379e-18
7633.94 7.85024e-17 9.497e-18
7639.45 7.56613e-17 9.379e-18
7644.97 7.87397e-17 9.29224e-18
7650.48 1.06912e-16 9.75344e-18
7656 1.31749e-16 1.03626e-17
7661.52 1.12942e-16 1.04281e-17
7667.03 1.0852e-16 1.03767e-17
7672.55 1.19384e-16 1.03934e-17
7678.07 1.53198e-16 1.05053e-17
7683.58 1.92501e-16 1.12016e-17
7689.1 1.97621e-16 1.12955e-17
7694.61 1.82694e-16 1.14513e-17
7700.13 1.98059e-16 1.18149e-17
7705.65 1.95709e-16 1.29298e-17
7711.16 2.08829e-16 1.39074e-17
7716.68 2.52557e-16 1.46093e-17
7722.2 2.76091e-16 1.45129e-17
7727.71 2.47392e-16 1.33477e-17
7733.23 2.5197e-16 1.26416e-17
7738.74 2.45255e-16 1.2844e-17
7744.26 2.8137e-16 1.39423e-17
7749.78 2.82358e-16 1.45845e-17
7755.29 2.95011e-16 1.48992e-17
7760.81 2.82351e-16 1.41821e-17
7766.33 2.60281e-16 1.34037e-17
7771.84 2.87456e-16 1.33704e-17
7777.36 2.97403e-16 1.34327e-17
7782.88 3.0616e-16 1.3958e-17
7788.39 3.20499e-16 1.45339e-17
7793.91 3.21397e-16 1.46293e-17
7799.42 3.11981e-16 1.45214e-17
7804.94 2.93263e-16 1.40909e-17
7810.46 2.97602e-16 1.39673e-17
7815.97 2.7396e-16 1.46641e-17
7821.49 2.90319e-16 1.45923e-17
7827.01 3.64292e-16 1.50534e-17
7832.52 3.02498e-16 1.43751e-17
7838.04 3.16621e-16 1.39976e-17
7843.55 3.16454e-16 1.45925e-17
7849.07 3.0224e-16 1.54634e-17
7854.59 2.96046e-16 1.59195e-17
7860.1 3.56144e-16 1.65417e-17
7865.62 3.3182e-16 1.58433e-17
7871.14 3.323e-16 1.54324e-17
7876.65 3.35882e-16 1.53653e-17
7882.17 3.01077e-16 1.50863e-17
7887.68 3.37563e-16 1.52112e-17
7893.2 3.27894e-16 1.48395e-17
7898.72 3.18619e-16 1.44581e-17
7904.23 2.81356e-16 1.4744e-17
7909.75 2.67545e-16 1.55594e-17
7915.27 2.42957e-16 1.59265e-17
7920.78 2.48744e-16 1.6143e-17
7926.3 2.99496e-16 1.59745e-17
7931.81 2.65259e-16 1.47046e-17
7937.33 2.47842e-16 1.40954e-17
7942.85 2.42741e-16 1.39622e-17
7948.36 2.22971e-16 1.34756e-17
7953.88 2.38366e-16 1.41136e-17
7959.4 2.37746e-16 1.49176e-17
7964.91 2.14108e-16 1.47942e-17
7970.43 2.0631e-16 1.51079e-17
7975.94 1.88347e-16 1.44712e-17
7981.46 1.63653e-16 1.38381e-17
7986.98 1.59858e-16 1.46592e-17
7992.49 1.87202e-16 1.46875e-17
7998.01 1.42929e-16 1.4471e-17
8003.53 1.75908e-16 1.42013e-17
8009.04 1.62061e-16 1.33835e-17
8014.56 1.33829e-16 1.3358e-17
8020.07 1.0581e-16 1.37722e-17
8025.59 1.29854e-16 1.39395e-17
8031.11 1.25219e-16 1.39276e-17
8036.62 1.04381e-16 1.31789e-17
8042.14 8.88289e-17 1.23979e-17
8047.66 7.15735e-17 1.21229e-17
8053.17 7.51248e-17 1.25346e-17
8058.69 8.95355e-17 1.30503e-17
8064.21 5.62272e-17 1.26555e-17
8069.72 4.93121e-17 1.21838e-17
8075.24 4.78123e-17 1.1927e-17
8080.75 3.9607e-17 1.14804e-17
8086.27 3.04549e-17 1.15466e-17
8091.79 3.59069e-17 1.17266e-17
8097.3 1.45455e-17 1.17288e-17
8102.82 5.47436e-17 1.21048e-17
8108.34 3.80462e-17 1.20171e-17
8113.85 1.79249e-17 1.18335e-17
8119.37 5.35513e-18 1.14753e-17
8124.88 8.03563e-18 1.13379e-17
8130.4 4.82863e-17 1.17424e-17
8135.92 1.28641e-17 1.1779e-17
8141.43 1.76258e-17 1.18889e-17
8146.95 3.45889e-17 1.20148e-17
8152.47 3.23012e-17 1.18883e-17
8157.98 1.29263e-17 1.1599e-17
8163.5 2.9913e-17 1.1832e-17
8169.01 5.2098e-17 1.20765e-17
8174.53 2.79333e-17 1.16363e-17
8180.05 1.43555e-17 1.1698e-17
8185.56 2.3071e-17 1.21676e-17
8191.08 1.38401e-17 1.20259e-17
8196.6 -7.97578e-19 1.18252e-17
8202.11 1.52512e-17 1.19995e-17
8207.63 1.65141e-17 1.20925e-17
8213.14 3.40635e-17 1.22875e-17
8218.66 4.93495e-17 1.24789e-17
8224.18 5.22104e-18 1.2026e-17
8229.69 9.81726e-19 1.20064e-17
8235.21 1.18153e-17 1.2013e-17
8240.73 4.94338e-17 1.24468e-17
8246.24 2.42201e-18 1.23287e-17
8251.76 1.88957e-17 1.29015e-17
8257.27 3.02641e-17 1.46509e-17
8262.79 5.99987e-17 1.67355e-17
8268.31 3.56159e-17 1.31165e-17
8273.82 9.27403e-18 1.38279e-17
8279.34 1.23253e-17 1.54624e-17
8284.86 6.24577e-17 1.68433e-17
8290.37 2.48277e-17 1.76773e-17
8295.89 1.12951e-17 1.74583e-17
8301.41 4.05887e-17 1.68519e-17
8306.92 2.22299e-17 1.58179e-17
8312.44 2.64026e-18 1.44223e-17
8317.95 3.76677e-17 1.39803e-17
8323.47 4.95459e-17 1.38326e-17
8328.99 2.47948e-17 1.35172e-17
8334.5 6.43692e-17 1.57268e-17
8340.02 5.13492e-17 1.79652e-17
8345.54 -6.86561e-18 1.86697e-17
8351.05 1.62324e-17 1.90008e-17
8356.57 5.47926e-17 1.80597e-17
8362.08 4.49932e-17 1.59121e-17
8367.6 3.48669e-17 1.50793e-17
8373.12 2.50354e-17 1.51294e-17
8378.63 4.11858e-17 1.50706e-17
8384.15 6.88492e-17 1.53985e-17
8389.67 4.59053e-17 1.66158e-17
8395.18 9.02918e-17 1.81338e-17
8400.7 8.56927e-17 1.83082e-17
8406.21 7.87478e-17 1.84727e-17
8411.73 1.52765e-17 1.68356e-17
8417.25 6.07395e-17 1.63802e-17
8422.76 2.50159e-17 1.80628e-17
8428.28 4.54132e-17 1.85605e-17
8433.8 8.99711e-17 1.9053e-17
8439.31 5.72165e-17 1.79008e-17
8444.83 8.75099e-17 1.67645e-17
8450.34 5.71229e-17 1.60305e-17
8455.86 5.51138e-17 1.70556e-17
8461.38 6.59701e-17 1.78979e-17
8466.89 7.41237e-17 1.82017e-17
8472.41 8.69539e-17 1.79149e-17
8477.93 7.96695e-17 1.6183e-17
8483.44 6.99808e-17 1.54328e-17
8488.96 9.49735e-17 1.60882e-17
8494.47 7.22554e-17 1.6415e-17
8499.99 1.00924e-16 1.74815e-17
8505.51 1.42331e-16 1.80393e-17
8511.02 1.09789e-16 1.72985e-17
8516.54 1.29795e-16 1.68051e-17
8522.06 1.19725e-16 1.59461e-17
8527.57 1.08155e-16 1.58056e-17
8533.09 1.01896e-16 1.59889e-17
8538.6 1.29354e-16 1.66139e-17
8544.12 1.32702e-16 1.7025e-17
8549.64 1.87735e-16 1.7724e-17
8555.15 1.559e-16 1.73032e-17
8560.67 1.50333e-16 1.697e-17
8566.19 1.48503e-16 1.65121e-17
8571.7 1.38726e-16 1.60671e-17
8577.22 1.97956e-16 1.69182e-17
8582.74 1.55011e-16 1.68613e-17
8588.25 2.0736e-16 1.74893e-17
8593.77 2.11989e-16 1.77935e-17
8599.28 2.14833e-16 1.78239e-17
8604.8 1.8736e-16 1.75342e-17
8610.32 1.80298e-16 1.74e-17
8615.83 1.88509e-16 1.80908e-17
8621.35 2.23144e-16 1.93471e-17
8626.87 2.6353e-16 2.04134e-17
8632.38 2.6888e-16 2.0473e-17
8637.9 2.45151e-16 1.99902e-17
8643.41 2.54629e-16 1.96988e-17
8648.93 2.49361e-16 1.96076e-17
8654.45 2.59855e-16 2.0346e-17
8659.96 2.97517e-16 2.11354e-17
8665.48 3.26448e-16 2.12115e-17
8671 2.89833e-16 2.05491e-17
8676.51 2.55523e-16 2.22016e-17
8682.03 2.70063e-16 1.82126e-17
8687.54 2.80632e-16 2.78444e-17
8693.06 3.28572e-16 4.55987e-17
8698.58 3.10965e-16 1.77657e-17
8704.09 3.5335e-16 2.19675e-17
8709.61 3.22632e-16 1.96239e-17
8715.13 3.58741e-16 1.9876e-17
8720.64 3.04916e-16 2.20625e-17
8726.16 3.28677e-16 2.27464e-17
8731.67 3.0624e-16 2.2333e-17
8737.19 3.49987e-16 2.00125e-17
8742.71 3.42695e-16 1.99813e-17
8748.22 3.40699e-16 2.07616e-17
8753.74 3.20159e-16 2.20171e-17
8759.26 2.52489e-16 2.33554e-17
8764.77 1.75263e-16 2.47486e-17
8770.29 2.6416e-16 2.61189e-17
8775.8 3.00835e-16 2.56034e-17
8781.32 2.60195e-16 2.43427e-17
8786.84 2.58775e-16 2.28625e-17
8792.35 2.24514e-16 2.0828e-17
8797.87 2.35037e-16 2.02527e-17
8803.39 2.51914e-16 2.00813e-17
8808.9 2.39449e-16 1.99891e-17
8814.42 2.6974e-16 2.24052e-17
8819.93 2.85392e-16 2.5399e-17
8825.45 2.86071e-16 2.71275e-17
8830.97 2.5401e-16 2.73053e-17
8836.48 2.44579e-16 2.56862e-17
8842 2.03995e-16 2.31038e-17
8847.52 2.31884e-16 2.19096e-17
8853.03 2.53609e-16 2.16777e-17
8858.55 1.9471e-16 2.1284e-17
8864.07 2.38296e-16 2.14649e-17
8869.58 2.40055e-16 2.21281e-17
8875.1 1.74111e-16 2.31747e-17
8880.61 2.70904e-16 2.52649e-17
8886.13 2.76573e-16 2.58559e-17
8891.65 2.97725e-16 2.57541e-17
8897.16 2.84463e-16 2.432e-17
8902.68 2.53098e-16 2.31918e-17
8908.2 1.9683e-16 2.4405e-17
8913.71 2.84579e-16 2.66358e-17
8919.23 2.78844e-16 2.68379e-17
8924.74 2.57009e-16 2.57132e-17
8930.26 2.39892e-16 2.37376e-17
8935.78 2.50192e-16 2.2707e-17
8941.29 2.1999e-16 2.27646e-17
8946.81 2.4275e-16 2.46781e-17
8952.33 3.01525e-16 2.59992e-17
8957.84 3.13126e-16 2.60618e-17
8963.36 2.62196e-16 2.45737e-17
8968.87 1.92324e-16 2.22919e-17
8974.39 2.09717e-16 2.13259e-17
8979.91 1.79965e-16 2.1412e-17
8985.42 1.74867e-16 2.22225e-17
8990.94 2.31312e-16 2.35016e-17
8996.46 2.07892e-16 2.34673e-17
9001.97 1.59524e-16 2.25509e-17
9007.49 1.87783e-16 2.21778e-17
9013 1.50943e-16 2.10711e-17
9018.52 1.94092e-16 2.04223e-17
9024.04 1.6635e-16 2.04518e-17
9029.55 1.81167e-16 2.09768e-17
9035.07 1.59762e-16 2.13954e-17
9040.59 1.33591e-16 2.14845e-17
9046.1 1.50508e-16 2.1703e-17
9051.62 1.15952e-16 2.15935e-17
9057.13 1.08659e-16 2.11144e-17
9062.65 1.53952e-16 2.10148e-17
9068.17 8.65229e-17 1.97744e-17
9073.68 1.46534e-16 2.02798e-17
9079.2 1.23261e-16 2.03364e-17
9084.72 9.74935e-17 2.05643e-17
9090.23 1.33282e-16 2.1423e-17
9095.75 7.85832e-17 2.08232e-17
9101.26 1.00746e-16 2.12869e-17
9106.78 1.31929e-16 2.12255e-17
9112.3 1.04295e-16 2.08743e-17
9117.81 1.12633e-16 2.10267e-17
9123.33 1.35681e-16 2.13096e-17
9128.85 1.20637e-16 2.09327e-17
9134.36 7.5193e-17 2.08798e-17
9139.88 9.97887e-17 2.14113e-17
9145.4 1.84591e-16 2.23928e-17
9150.91 1.90569e-16 2.27089e-17
9156.43 1.38028e-16 2.25354e-17
9161.94 1.65118e-16 2.28006e-17
9167.46 1.47817e-16 2.25746e-17
9172.98 1.43784e-16 2.26771e-17
9178.49 1.47027e-16 2.27926e-17
9184.01 1.52487e-16 2.31658e-17
9189.53 1.63112e-16 2.36611e-17
9195.04 1.25501e-16 2.33231e-17
9200.56 2.09112e-16 2.42817e-17
9206.07 2.0277e-16 2.49436e-17
9211.59 2.08379e-16 2.53117e-17
9217.11 2.51687e-16 2.58173e-17
9222.62 2.28794e-16 2.55057e-17
9228.14 2.16323e-16 2.55938e-17
