3338.71 3.3324e-17 1.39609e-17
3342.79 2.81185e-17 1.39556e-17
3346.86 2.85662e-18 1.39611e-17
3350.94 -1.10398e-17 1.39631e-17
3355.01 -7.54936e-18 1.39026e-17
3359.09 9.35918e-18 1.39849e-17
3363.17 -9.65895e-18 1.13854e-17
3367.24 -9.3984e-18 1.40347e-17
3371.32 2.66953e-17 1.43176e-17
3375.39 -4.50726e-18 1.3893e-17
3379.47 2.1076e-18 1.38861e-17
3383.55 -2.4266e-19 1.39146e-17
3387.62 2.08248e-19 1.39376e-17
3391.7 2.56565e-18 1.42259e-17
3395.77 1.80628e-17 1.46319e-17
3399.85 -6.72237e-18 1.43745e-17
3403.93 1.54746e-17 1.4735e-17
3408 2.87821e-17 1.52078e-17
3412.08 1.50217e-17 1.49879e-17
3416.15 -6.46343e-18 1.49987e-17
3420.23 9.92828e-18 1.46713e-17
3424.31 2.5962e-18 1.47714e-17
3428.38 8.79545e-18 1.48804e-17
3432.46 1.80085e-17 1.4879e-17
3436.53 8.04056e-19 1.45887e-17
3440.61 1.04492e-17 1.46973e-17
3444.69 6.95508e-18 1.44685e-17
3448.76 5.43193e-18 1.43195e-17
3452.84 3.79999e-18 1.38913e-17
3456.91 5.17557e-18 1.35431e-17
3460.99 1.35097e-17 1.36586e-17
3465.07 -1.20683e-17 1.31575e-17
3469.14 2.17564e-18 1.32771e-17
3473.22 8.67814e-18 1.29202e-17
3477.3 1.22494e-17 1.29942e-17
3481.37 1.17712e-17 1.23494e-17
3485.45 1.85814e-18 1.19318e-17
3489.52 1.63856e-17 1.22347e-17
3493.6 3.71509e-18 1.1449e-17
3497.68 6.9051e-18 1.14172e-17
3501.75 4.69543e-18 1.12785e-17
3505.83 1.44866e-17 1.136e-17
3509.9 6.31929e-18 1.07567e-17
3513.98 1.10749e-17 1.08064e-17
3518.06 1.4253e-18 1.02083e-17
3522.13 5.16443e-18 1.03562e-17
3526.21 9.14454e-18 1.03913e-17
3530.28 1.21465e-17 1.03829e-17
3534.36 4.09637e-18 9.93014e-18
3538.44 3.20188e-18 9.99009e-18
3542.51 9.973e-18 1.01812e-17
3546.59 8.52624e-17 1.53545e-17
3550.66 1.16053e-16 2.94654e-17
3554.74 2.12403e-17 1.02123e-17
3558.82 1.15993e-17 9.38169e-18
3562.89 4.21832e-18 8.78143e-18
3566.97 5.47254e-18 8.76576e-18
3571.04 7.92689e-18 8.66139e-18
3575.12 4.07942e-18 8.35305e-18
3579.2 6.47178e-18 8.16072e-18
3583.27 8.70523e-18 8.17639e-18
3587.35 3.26319e-19 7.86515e-18
3591.42 5.83428e-18 7.88751e-18
3595.5 8.40154e-18 8.00992e-18
3599.58 1.30514e-17 7.86571e-18
3603.65 6.57866e-18 7.51208e-18
3607.73 3.59209e-18 7.29703e-18
3611.8 4.22987e-18 7.28569e-18
3615.88 3.96707e-18 7.15881e-18
3619.96 4.85821e-18 7.01791e-18
3624.03 8.08659e-18 7.08162e-18
3628.11 1.1374e-17 7.03538e-18
3632.18 6.88117e-18 6.78894e-18
3636.26 6.40339e-18 6.58697e-18
3640.34 5.40432e-18 6.46462e-18
3644.41 5.18192e-18 6.29904e-18
3648.49 5.17862e-18 6.2352e-18
3652.56 7.54709e-18 6.26799e-18
3656.64 6.29896e-18 6.13804e-18
3660.72 7.41059e-18 6.04535e-18
3664.79 5.03294e-18 5.97542e-18
3668.87 7.02157e-18 5.87306e-18
3672.94 6.92416e-18 5.64043e-18
3677.02 5.88519e-20 5.37322e-18
3681.1 6.09431e-18 5.52529e-18
3685.17 4.74228e-18 5.38782e-18
3689.25 4.4577e-18 5.32754e-18
3693.32 5.51487e-18 5.3837e-18
3697.4 3.03068e-18 5.29649e-18
3701.48 2.31289e-18 5.11703e-18
3705.55 5.22506e-18 5.16862e-18
3709.63 6.15754e-18 5.13844e-18
3713.7 4.93811e-18 4.98169e-18
3717.78 2.54126e-18 4.84631e-18
3721.86 5.12527e-18 4.83089e-18
3725.93 3.21367e-18 4.77155e-18
3730.01 1.77559e-18 4.75491e-18
3734.08 2.89077e-18 4.75708e-18
3738.16 2.82134e-18 4.59954e-18
3742.24 4.36816e-18 4.63362e-18
3746.31 5.21446e-18 4.6114e-18
3750.39 4.16386e-18 4.58262e-18
3754.47 6.118e-18 4.57293e-18
3758.54 2.78534e-18 4.37114e-18
3762.62 4.16977e-19 4.30856e-18
3766.69 3.19032e-18 4.31318e-18
3770.77 3.76239e-18 4.31233e-18
3774.85 5.84986e-18 4.3601e-18
3778.92 3.09209e-18 4.32238e-18
3783 4.66381e-18 4.29591e-18
3787.07 2.02177e-18 4.19709e-18
3791.15 2.43383e-18 4.14101e-18
3795.23 5.37992e-18 4.10237e-18
3799.3 4.56455e-18 4.05615e-18
3803.38 5.82595e-18 4.08014e-18
3807.45 4.7263e-18 4.00548e-18
3811.53 6.54332e-18 4.01569e-18
3815.61 3.64532e-18 3.94655e-18
3819.68 2.22337e-19 3.84824e-18
3823.76 6.00954e-18 3.95004e-18
3827.83 2.29427e-18 3.86563e-18
3831.91 4.13446e-18 3.85273e-18
3835.99 9.17613e-18 3.94885e-18
3840.06 5.48826e-18 3.88732e-18
3844.14 4.81727e-18 3.82742e-18
3848.21 8.15897e-18 3.88488e-18
3852.29 8.85207e-18 3.90439e-18
3856.37 7.12455e-18 3.77226e-18
3860.44 7.79841e-18 3.75227e-18
3864.52 1.35764e-17 3.878e-18
3868.59 1.01341e-17 3.81746e-18
3872.67 1.48111e-17 3.93673e-18
3876.75 1.506e-17 3.90518e-18
3880.82 1.61943e-17 3.86758e-18
3884.9 1.60457e-17 3.88089e-18
3888.97 1.66917e-17 3.85583e-18
3893.05 2.06884e-17 3.95134e-18
3897.13 1.82092e-17 3.92175e-18
3901.2 2.05004e-17 3.92347e-18
3905.28 2.41911e-17 4.02595e-18
3909.35 2.41369e-17 4.10088e-18
3913.43 2.39877e-17 4.09855e-18
3917.51 2.67593e-17 4.11668e-18
3921.58 2.57412e-17 4.02214e-18
3925.66 2.60423e-17 4.0007e-18
3929.73 2.78261e-17 3.93209e-18
3933.81 3.12166e-17 3.98897e-18
3937.89 3.40464e-17 4.01342e-18
3941.96 3.19493e-17 4.00743e-18
3946.04 3.2347e-17 4.05473e-18
3950.11 3.78741e-17 4.16439e-18
3954.19 3.59261e-17 4.10931e-18
3958.27 3.55127e-17 4.08581e-18
3962.34 3.85468e-17 4.05471e-18
3966.42 4.01124e-17 4.03085e-18
3970.49 3.58385e-17 3.92074e-18
3974.57 3.23089e-17 3.882e-18
3978.65 3.6117e-17 3.99932e-18
3982.72 3.36256e-17 3.97434e-18
3986.8 3.01636e-17 3.91202e-18
3990.87 3.17978e-17 3.92377e-18
3994.95 3.46844e-17 3.93707e-18
3999.03 3.14323e-17 3.87737e-18
4003.1 3.41712e-17 3.91065e-18
4007.18 3.39335e-17 3.92956e-18
4011.25 2.70598e-17 3.83364e-18
4015.33 2.8518e-17 3.85714e-18
4019.41 2.82488e-17 3.84961e-18
4023.48 2.81693e-17 3.79334e-18
4027.56 2.77106e-17 3.7841e-18
4031.63 2.81375e-17 3.74554e-18
4035.71 3.07301e-17 3.76606e-18
4039.79 3.29989e-17 3.81372e-18
4043.86 2.81151e-17 3.76666e-18
4047.94 3.12032e-17 3.8191e-18
4052.02 3.04064e-17 3.83819e-18
4056.09 3.17597e-17 3.80876e-18
4060.17 3.11402e-17 3.79318e-18
4064.24 3.21146e-17 3.79137e-18
4068.32 3.26277e-17 3.78008e-18
4072.4 2.9486e-17 3.73635e-18
4076.47 2.63413e-17 3.69417e-18
4080.55 2.85471e-17 3.6735e-18
4084.62 2.59994e-17 3.64278e-18
4088.7 2.25446e-17 3.59439e-18
4092.78 2.66058e-17 3.61704e-18
4096.85 2.62213e-17 3.60303e-18
4100.93 2.45112e-17 3.53544e-18
4105 2.60921e-17 3.54022e-18
4109.08 2.20696e-17 3.47363e-18
4113.16 1.99026e-17 3.45925e-18
4117.23 2.29901e-17 3.51516e-18
4121.31 1.91134e-17 3.45043e-18
4125.38 1.68436e-17 3.41652e-18
4129.46 2.13948e-17 3.4683e-18
4133.54 2.16614e-17 3.45466e-18
4137.61 2.3738e-17 3.47177e-18
4141.69 2.43849e-17 3.46354e-18
4145.76 2.01273e-17 3.41125e-18
4149.84 2.20374e-17 3.41679e-18
4153.92 2.29362e-17 3.43694e-18
4157.99 2.22127e-17 3.43921e-18
4162.07 2.46319e-17 3.49602e-18
4166.14 2.23799e-17 3.43743e-18
4170.22 2.49469e-17 3.477e-18
4174.3 2.75925e-17 3.49363e-18
4178.37 2.11791e-17 3.39071e-18
4182.45 2.43403e-17 3.38297e-18
4186.52 2.70687e-17 3.43387e-18
4190.6 2.07562e-17 3.35364e-18
4194.68 2.61454e-17 3.38157e-18
4198.75 2.58996e-17 3.35894e-18
4202.83 2.06995e-17 3.27451e-18
4206.9 2.37789e-17 3.33803e-18
4210.98 1.92717e-17 3.2651e-18
4215.06 1.81405e-17 3.25602e-18
4219.13 2.15532e-17 3.26283e-18
4223.21 2.00288e-17 3.2456e-18
4227.28 1.96306e-17 3.23998e-18
4231.36 2.15981e-17 3.23537e-18
4235.44 2.30951e-17 3.27599e-18
4239.51 1.8197e-17 3.18984e-18
4243.59 1.55099e-17 3.15775e-18
4247.66 2.38252e-17 3.24264e-18
4251.74 1.95971e-17 3.18169e-18
4255.82 2.16314e-17 3.24761e-18
4259.89 2.14406e-17 3.21369e-18
4263.97 1.81702e-17 3.18959e-18
4268.04 1.99666e-17 3.19408e-18
4272.12 2.2231e-17 3.21719e-18
4276.2 1.8668e-17 3.16639e-18
4280.27 1.89159e-17 3.14055e-18
4284.35 2.67504e-17 3.24847e-18
4288.42 2.41679e-17 3.21828e-18
4292.5 2.45886e-17 3.20691e-18
4296.58 2.1365e-17 3.15365e-18
4300.65 1.84148e-17 3.09203e-18
4304.73 2.18918e-17 3.1168e-18
4308.8 2.24885e-17 3.09065e-18
4312.88 2.04057e-17 3.09065e-18
4316.96 2.10665e-17 3.13966e-18
4321.03 2.09164e-17 3.15552e-18
4325.11 2.10948e-17 3.14368e-18
4329.19 1.805e-17 3.11217e-18
4333.26 1.95091e-17 3.11095e-18
4337.34 1.76991e-17 3.16101e-18
4341.41 1.44897e-17 3.11563e-18
4345.49 2.45693e-17 3.20571e-18
4349.57 2.10391e-17 3.12239e-18
4353.64 2.24246e-17 3.1559e-18
4357.72 2.57427e-17 3.20448e-18
4361.79 2.44694e-17 3.18046e-18
4365.87 2.60475e-17 3.22407e-18
4369.95 2.5146e-17 3.2005e-18
4374.02 2.8659e-17 3.22143e-18
4378.1 2.64198e-17 3.17067e-18
4382.17 3.17739e-17 3.23277e-18
4386.25 3.14407e-17 3.2385e-18
4390.33 3.30686e-17 3.26185e-18
4394.4 4.13354e-17 3.37921e-18
4398.48 3.62291e-17 3.3452e-18
4402.55 3.78214e-17 3.35476e-18
4406.63 3.88534e-17 3.39699e-18
4410.71 4.36983e-17 3.43616e-18
4414.78 4.31029e-17 3.4641e-18
4418.86 4.86527e-17 3.52441e-18
4422.93 4.45345e-17 3.4958e-18
4427.01 4.69492e-17 3.50831e-18
4431.09 4.62088e-17 3.498e-18
4435.16 4.87493e-17 3.53031e-18
4439.24 5.11612e-17 3.54259e-18
4443.31 5.60231e-17 3.5838e-18
4447.39 5.14005e-17 3.55059e-18
4451.47 5.10935e-17 3.54217e-18
4455.54 5.36428e-17 3.53744e-18
4459.62 5.35494e-17 3.52635e-18
4463.69 5.135e-17 3.52298e-18
4467.77 4.99533e-17 3.50491e-18
4471.85 5.70945e-17 3.58621e-18
4475.92 5.76188e-17 3.60762e-18
4480 5.79406e-17 3.60104e-18
4484.07 5.66213e-17 3.58049e-18
4488.15 5.38218e-17 3.56729e-18
4492.23 5.59276e-17 3.60998e-18
4496.3 5.74637e-17 3.62081e-18
4500.38 6.01862e-17 3.6425e-18
4504.45 6.40893e-17 3.69766e-18
4508.53 6.12656e-17 3.67472e-18
4512.61 6.1534e-17 3.68097e-18
4516.68 6.77643e-17 3.74686e-18
4520.76 6.24611e-17 3.71391e-18
4524.83 6.14782e-17 3.70168e-18
4528.91 6.80977e-17 3.74386e-18
4532.99 6.57427e-17 3.71244e-18
4537.06 6.69184e-17 3.73448e-18
4541.14 6.52701e-17 3.76166e-18
4545.21 6.66931e-17 3.74922e-18
4549.29 6.91866e-17 3.79151e-18
4553.37 6.87586e-17 3.76552e-18
4557.44 6.45205e-17 3.73121e-18
4561.52 7.01303e-17 3.78974e-18
4565.59 6.83387e-17 3.7823e-18
4569.67 7.31117e-17 3.83024e-18
4573.75 7.36252e-17 3.80987e-18
4577.82 6.95074e-17 3.79465e-18
4581.9 7.2809e-17 3.82742e-18
4585.97 7.37958e-17 3.83259e-18
4590.05 7.30989e-17 3.8319e-18
4594.13 7.29995e-17 3.82359e-18
4598.2 7.64495e-17 3.87567e-18
4602.28 7.93793e-17 3.91874e-18
4606.35 8.40003e-17 3.94667e-18
4610.43 8.70631e-17 3.99244e-18
4614.51 8.72324e-17 4.01218e-18
4618.58 8.69706e-17 4.00187e-18
4622.66 8.71989e-17 4.02908e-18
4626.73 8.67136e-17 4.01708e-18
4630.81 8.53498e-17 4.02577e-18
4634.89 9.44517e-17 4.11517e-18
4638.96 1.01891e-16 4.31787e-18
4643.04 9.99062e-17 4.54945e-18
4647.12 1.02363e-16 4.4977e-18
4651.19 1.0328e-16 4.2848e-18
4655.27 1.06809e-16 4.29624e-18
4659.34 1.1511e-16 4.36417e-18
4663.42 1.21222e-16 4.43226e-18
4667.5 1.22516e-16 4.46014e-18
4671.57 1.24974e-16 4.4816e-18
4675.65 1.28827e-16 4.53839e-18
4679.72 1.30529e-16 4.55344e-18
4683.8 1.30095e-16 4.55756e-18
4687.88 1.28355e-16 4.56047e-18
4691.95 1.27945e-16 4.53303e-18
4696.03 1.2613e-16 4.5322e-18
4700.1 1.2445e-16 4.50695e-18
4704.18 1.22346e-16 4.47501e-18
4708.26 1.20674e-16 4.48345e-18
4712.33 1.20685e-16 4.47768e-18
4716.41 1.14815e-16 4.4318e-18
4720.48 1.05735e-16 4.34034e-18
4724.56 1.07313e-16 4.34966e-18
4728.64 1.0473e-16 4.31327e-18
4732.71 1.05337e-16 4.33081e-18
4736.79 9.86749e-17 4.24628e-18
4740.86 9.09013e-17 4.18182e-18
4744.94 8.95063e-17 4.14905e-18
4749.02 8.86198e-17 4.13861e-18
4753.09 8.49769e-17 4.12366e-18
4757.17 8.35656e-17 4.08559e-18
4761.24 8.19572e-17 4.06711e-18
4765.32 7.91854e-17 4.05862e-18
4769.4 7.40573e-17 3.96077e-18
4773.47 7.53018e-17 3.99731e-18
4777.55 7.3378e-17 3.97269e-18
4781.62 6.95386e-17 3.94916e-18
4785.7 6.95816e-17 3.93113e-18
4789.78 6.4714e-17 3.88846e-18
4793.85 6.4752e-17 3.90926e-18
4797.93 6.80031e-17 3.94285e-18
4802 6.85777e-17 3.96474e-18
4806.08 7.04055e-17 3.97177e-18
4810.16 7.23676e-17 3.9744e-18
4814.23 6.9495e-17 3.95864e-18
4818.31 7.46346e-17 4.05755e-18
4822.38 7.24842e-17 4.05102e-18
4826.46 7.29832e-17 4.04496e-18
4830.54 7.02598e-17 4.00775e-18
4834.61 6.81846e-17 3.98422e-18
4838.69 6.93568e-17 4.00348e-18
4842.76 6.60691e-17 3.96369e-18
4846.84 6.80421e-17 3.97885e-18
4850.92 6.64615e-17 3.95451e-18
4854.99 6.52705e-17 3.94231e-18
4859.07 6.62676e-17 3.93134e-18
4863.14 6.74287e-17 3.92467e-18
4867.22 6.558e-17 3.90864e-18
4871.3 6.47138e-17 3.91214e-18
4875.37 6.02067e-17 3.88191e-18
4879.45 6.5333e-17 3.95038e-18
4883.52 6.78802e-17 3.9714e-18
4887.6 6.71537e-17 3.98522e-18
4891.68 6.59089e-17 3.9735e-18
4895.75 6.44727e-17 3.94993e-18
4899.83 6.45737e-17 3.97315e-18
4903.9 6.73473e-17 4.00741e-18
4907.98 6.53327e-17 3.95425e-18
4912.06 6.49515e-17 3.95626e-18
4916.13 6.77391e-17 3.98482e-18
4920.21 6.06802e-17 3.88476e-18
4924.28 5.75201e-17 3.8424e-18
4928.36 5.75684e-17 3.84188e-18
4932.44 5.24589e-17 3.78199e-18
4936.51 5.11506e-17 3.76667e-18
4940.59 4.80652e-17 3.7076e-18
4944.67 4.39469e-17 3.64035e-18
4948.74 4.24094e-17 3.63432e-18
4952.82 4.07669e-17 3.61396e-18
4956.89 3.96086e-17 3.59674e-18
4960.97 4.16922e-17 3.62158e-18
4965.05 4.26505e-17 3.63584e-18
4969.12 4.25578e-17 3.64434e-18
4973.2 4.72541e-17 3.71232e-18
4977.27 4.8573e-17 3.74418e-18
4981.35 4.99354e-17 3.75424e-18
4985.43 5.03211e-17 3.75643e-18
4989.5 5.03152e-17 3.77814e-18
4993.58 5.82214e-17 3.90188e-18
4997.65 6.08616e-17 3.91968e-18
5001.73 6.49334e-17 3.94976e-18
5005.81 7.11801e-17 4.04379e-18
5009.88 7.21893e-17 4.07493e-18
5013.96 7.81126e-17 4.15008e-18
5018.03 7.68792e-17 4.1487e-18
5022.11 8.00063e-17 4.2016e-18
5026.19 8.51891e-17 4.23791e-18
5030.26 7.92022e-17 4.30966e-18
5034.34 5.79361e-17 4.38481e-18
5038.41 7.93137e-17 4.31424e-18
5042.49 8.82241e-17 4.32093e-18
5046.57 8.73274e-17 4.28845e-18
5050.64 8.69677e-17 4.29222e-18
5054.72 8.42904e-17 4.25033e-18
5058.79 7.75806e-17 4.18201e-18
5062.87 7.24428e-17 4.11922e-18
5066.95 7.00987e-17 4.0625e-18
5071.02 6.81821e-17 4.03578e-18
5075.1 6.24204e-17 3.93143e-18
5079.17 5.67186e-17 3.87622e-18
5083.25 5.76336e-17 3.87898e-18
5087.33 5.15784e-17 3.78224e-18
5091.4 4.31841e-17 3.67365e-18
5095.48 4.68433e-17 3.72035e-18
5099.55 4.66733e-17 3.71212e-18
5103.63 4.88177e-17 3.72608e-18
5107.71 4.63846e-17 3.7166e-18
5111.78 4.72292e-17 3.72433e-18
5115.86 4.96244e-17 3.76587e-18
5119.93 4.65317e-17 3.7046e-18
5124.01 4.61694e-17 3.72109e-18
5128.09 4.67841e-17 3.72584e-18
5132.16 4.62395e-17 3.71561e-18
5136.24 4.53898e-17 3.7157e-18
5140.31 5.5493e-17 3.87269e-18
5144.39 5.51213e-17 3.88425e-18
5148.47 5.2387e-17 3.85437e-18
5152.54 5.60176e-17 3.87287e-18
5156.62 5.38135e-17 3.83862e-18
5160.69 5.77694e-17 3.89764e-18
5164.77 5.9026e-17 3.9097e-18
5168.85 5.99381e-17 3.91765e-18
5172.92 6.2594e-17 3.9686e-18
5177 6.40789e-17 3.97825e-18
5181.07 6.42547e-17 3.97726e-18
5185.15 6.51075e-17 4.00211e-18
5189.23 7.14833e-17 4.08349e-18
5193.3 6.97717e-17 4.08783e-18
5197.38 7.36645e-17 4.14956e-18
5201.45 7.38048e-17 4.16346e-18
5205.53 7.68365e-17 4.20042e-18
5209.61 8.09806e-17 4.24105e-18
5213.68 7.52279e-17 4.15587e-18
5217.76 8.28669e-17 4.29016e-18
5221.84 7.91377e-17 4.24553e-18
5225.91 9.2761e-17 4.39924e-18
5229.99 8.55381e-17 4.30855e-18
5234.06 8.63316e-17 4.3253e-18
5238.14 8.92231e-17 4.36405e-18
5242.22 9.16865e-17 4.41678e-18
5246.29 8.90489e-17 4.37831e-18
5250.37 9.16203e-17 4.35469e-18
5254.44 9.22843e-17 4.39711e-18
5258.52 8.87916e-17 4.3533e-18
5262.6 9.31468e-17 4.38229e-18
5266.67 9.87241e-17 4.44449e-18
5270.75 9.56092e-17 4.41899e-18
5274.82 9.67455e-17 4.43948e-18
5278.9 9.6838e-17 4.48415e-18
5282.98 9.78876e-17 4.48297e-18
5287.05 1.00027e-16 4.50509e-18
5291.13 1.01842e-16 4.54036e-18
5295.2 1.00219e-16 4.52492e-18
5299.28 1.01762e-16 4.52585e-18
5303.36 1.01474e-16 4.55576e-18
5307.43 1.06062e-16 4.63069e-18
5311.51 1.08434e-16 4.62857e-18
5315.58 1.04728e-16 4.58403e-18
5319.66 1.1039e-16 4.65366e-18
5323.74 1.1095e-16 4.65415e-18
5327.81 1.10231e-16 4.67609e-18
5331.89 1.09924e-16 4.66491e-18
5335.96 1.10084e-16 4.66067e-18
5340.04 1.15305e-16 4.72764e-18
5344.12 1.16611e-16 4.72053e-18
5348.19 1.18091e-16 4.75239e-18
5352.27 1.1705e-16 4.75194e-18
5356.34 1.18975e-16 4.78626e-18
5360.42 1.20084e-16 4.75237e-18
5364.5 1.18733e-16 4.77748e-18
5368.57 1.185e-16 4.7838e-18
5372.65 1.1928e-16 4.79335e-18
5376.72 1.22966e-16 4.85364e-18
5380.8 1.21813e-16 4.84196e-18
5384.88 1.26718e-16 4.87612e-18
5388.95 1.31364e-16 4.90801e-18
5393.03 1.288e-16 4.90753e-18
5397.1 1.28333e-16 4.89152e-18
5401.18 1.31555e-16 4.92287e-18
5405.26 1.3132e-16 4.91811e-18
5409.33 1.34145e-16 4.94831e-18
5413.41 1.38272e-16 4.99237e-18
5417.48 1.3592e-16 4.96083e-18
5421.56 1.39456e-16 5.01279e-18
5425.64 1.44328e-16 5.06973e-18
5429.71 1.37391e-16 5.01382e-18
5433.79 1.35546e-16 4.97373e-18
5437.86 1.39672e-16 5.03849e-18
5441.94 1.42773e-16 5.07235e-18
5446.02 1.36179e-16 4.99797e-18
5450.09 1.4105e-16 5.04842e-18
5454.17 1.38169e-16 5.00375e-18
5458.24 1.37108e-16 4.99078e-18
5462.32 1.33569e-16 4.95792e-18
5466.4 1.32741e-16 4.96777e-18
5470.47 1.39173e-16 5.03335e-18
5474.55 1.35657e-16 4.97508e-18
5478.62 1.30891e-16 4.95087e-18
5482.7 1.35292e-16 5.015e-18
5486.78 1.3894e-16 5.00109e-18
5490.85 1.43115e-16 5.26407e-18
5494.93 1.40488e-16 5.22064e-18
5499.01 1.39031e-16 5.04754e-18
5503.08 1.37639e-16 5.03221e-18
5507.16 1.39251e-16 5.04585e-18
5511.23 1.46611e-16 5.14723e-18
5515.31 1.50097e-16 5.19308e-18
5519.39 1.59708e-16 5.25857e-18
5523.46 1.57901e-16 5.24947e-18
5527.54 1.60533e-16 5.28899e-18
5531.61 1.65583e-16 5.35672e-18
5535.69 1.71668e-16 5.41912e-18
5539.77 1.77341e-16 5.49852e-18
5543.84 1.87305e-16 5.60111e-18
5547.92 1.89801e-16 5.63476e-18
5551.99 1.92701e-16 5.64976e-18
5556.07 1.97358e-16 5.69499e-18
5560.15 2.08907e-16 5.80705e-18
5564.22 2.09673e-16 5.80751e-18
5568.3 2.16476e-16 6.39771e-18
5572.37 2.2695e-16 6.94747e-18
5576.45 2.21285e-16 7.01013e-18
5580.53 2.28909e-16 7.04572e-18
5584.6 2.36232e-16 6.6557e-18
5588.68 2.30841e-16 6.08193e-18
5592.75 2.36924e-16 6.08413e-18
5596.83 2.38096e-16 6.09818e-18
5600.91 2.35463e-16 6.063e-18
5604.98 2.4286e-16 6.14652e-18
5609.06 2.32853e-16 6.05941e-18
5613.13 2.35372e-16 6.10671e-18
5617.21 2.33487e-16 6.06029e-18
5621.29 2.27863e-16 6.0013e-18
5625.36 2.33125e-16 6.06811e-18
5629.44 2.33775e-16 6.06426e-18
5633.51 2.28519e-16 6.00586e-18
5637.59 2.23059e-16 5.93704e-18
5641.67 2.1939e-16 5.9131e-18
5645.74 2.23291e-16 5.97162e-18
5649.82 2.20372e-16 5.94718e-18
5653.89 2.1142e-16 5.85575e-18
5657.97 2.18437e-16 5.91359e-18
5662.05 2.21136e-16 5.9352e-18
5666.12 2.16073e-16 5.90017e-18
5670.2 2.15829e-16 5.90198e-18
5674.27 2.12727e-16 5.86153e-18
5678.35 2.13037e-16 5.86547e-18
5682.43 2.15458e-16 5.90668e-18
5686.5 2.15817e-16 5.89395e-18
5690.58 2.17712e-16 5.90984e-18
5694.65 2.18786e-16 5.93406e-18
5698.73 2.06952e-16 5.83838e-18
5702.81 2.21996e-16 5.97514e-18
5706.88 2.15741e-16 5.89753e-18
5710.96 2.12364e-16 5.87142e-18
5715.03 2.22427e-16 5.96766e-18
5719.11 2.1922e-16 5.94622e-18
5723.19 2.24727e-16 5.99018e-18
5727.26 2.31176e-16 6.04813e-18
5731.34 2.32527e-16 6.07446e-18
5735.41 2.34294e-16 6.09137e-18
5739.49 2.41715e-16 6.17079e-18
5743.57 2.4128e-16 6.16942e-18
5747.64 2.34532e-16 6.09337e-18
5751.72 2.37482e-16 6.1331e-18
5755.79 2.36413e-16 6.12475e-18
5759.87 2.33629e-16 6.09101e-18
5763.95 2.31818e-16 6.08173e-18
5768.02 2.31431e-16 6.07381e-18
5772.1 2.27765e-16 6.03898e-18
5776.17 2.32472e-16 6.08038e-18
5780.25 2.1857e-16 5.94556e-18
5784.33 2.17178e-16 5.93042e-18
5788.4 2.16462e-16 5.93098e-18
5792.48 2.08095e-16 5.8663e-18
5796.56 2.10172e-16 5.88333e-18
5800.63 2.0804e-16 5.85204e-18
5804.71 2.04e-16 5.828e-18
5808.78 2.09313e-16 5.87321e-18
5812.86 2.01274e-16 5.81433e-18
5816.94 1.91659e-16 5.73311e-18
5821.01 2.04318e-16 5.82663e-18
5825.09 2.08805e-16 5.88109e-18
5829.16 1.9662e-16 5.78396e-18
5833.24 1.96764e-16 5.76868e-18
5837.32 1.97256e-16 5.79108e-18
5841.39 1.94816e-16 5.77539e-18
5845.47 2.00828e-16 5.80713e-18
5849.54 1.86689e-16 5.77532e-18
5853.62 1.8913e-16 5.78661e-18
5857.7 1.97116e-16 5.80548e-18
5861.77 2.00186e-16 5.86255e-18
5865.85 1.95722e-16 5.82961e-18
5869.92 1.97213e-16 5.84323e-18
5874 1.99234e-16 5.84153e-18
5878.08 2.00804e-16 5.86575e-18
5882.15 2.0044e-16 5.91417e-18
5886.23 1.96023e-16 5.92756e-18
5890.3 1.96063e-16 5.98728e-18
5894.38 1.91001e-16 5.94288e-18
5898.46 1.90223e-16 5.83914e-18
5902.53 1.88303e-16 5.74508e-18
5906.61 1.90197e-16 5.75312e-18
5910.68 1.9172e-16 5.79164e-18
5914.76 1.94041e-16 5.79112e-18
5918.84 1.95424e-16 5.81403e-18
5922.91 1.87249e-16 5.75052e-18
5926.99 1.88805e-16 5.76755e-18
5931.06 1.94885e-16 5.82504e-18
5935.14 1.94476e-16 5.80644e-18
5939.22 1.93207e-16 5.80065e-18
5943.29 1.91381e-16 5.78515e-18
5947.37 1.61053e-16 5.80663e-18
5951.44 1.56712e-16 5.84609e-18
5955.52 2.00571e-16 5.85304e-18
5959.6 1.9884e-16 5.88431e-18
5963.67 2.04142e-16 5.89411e-18
5967.75 2.02848e-16 5.90545e-18
5971.82 2.01717e-16 5.88756e-18
5975.9 2.00026e-16 5.86776e-18
5979.98 2.0236e-16 5.9047e-18
5984.05 1.98448e-16 5.85033e-18
5988.13 1.93668e-16 5.78135e-18
5992.2 1.8879e-16 5.75774e-18
5996.28 1.92058e-16 5.79718e-18
6000.36 1.9055e-16 5.74279e-18
6004.43 1.86682e-16 5.71106e-18
6008.51 1.78943e-16 5.62248e-18
6012.58 1.70802e-16 5.53264e-18
6016.66 1.68129e-16 5.51579e-18
6020.74 1.6304e-16 5.43881e-18
6024.81 1.64047e-16 5.45177e-18
6028.89 1.61042e-16 5.43479e-18
6032.96 1.49905e-16 5.3169e-18
6037.04 1.50742e-16 5.34432e-18
6041.12 1.52791e-16 5.33073e-18
6045.19 1.33503e-16 5.37121e-18
6049.27 1.45537e-16 5.31113e-18
6053.34 1.51521e-16 5.31543e-18
6057.42 1.41366e-16 5.23559e-18
6061.5 1.36602e-16 5.16991e-18
6065.57 1.38297e-16 5.18922e-18
6069.65 1.36772e-16 5.16893e-18
6073.72 1.34948e-16 5.14433e-18
6077.8 1.39157e-16 5.17932e-18
6081.88 1.43271e-16 5.22595e-18
6085.95 1.43171e-16 5.23963e-18
6090.03 1.4123e-16 5.20585e-18
6094.1 1.42419e-16 5.21845e-18
6098.18 1.38375e-16 5.16897e-18
6102.26 1.41722e-16 5.2415e-18
6106.33 1.44424e-16 5.26032e-18
6110.41 1.4038e-16 5.20584e-18
6114.49 1.4056e-16 5.54786e-18
6118.56 1.38197e-16 5.52826e-18
6122.64 1.35322e-16 5.28866e-18
6126.71 1.32721e-16 5.15603e-18
6130.79 1.35698e-16 5.18484e-18
6134.87 1.33803e-16 5.16977e-18
6138.94 1.33528e-16 5.16819e-18
6143.02 1.33701e-16 5.15383e-18
6147.09 1.32369e-16 5.1671e-18
6151.17 1.37636e-16 5.20381e-18
6155.25 1.37196e-16 5.19457e-18
6159.32 1.39404e-16 5.24496e-18
6163.4 1.39957e-16 5.21883e-18
6167.47 1.37809e-16 5.21948e-18
6171.55 1.38039e-16 5.24947e-18
6175.63 1.35116e-16 5.20157e-18
6179.7 1.35994e-16 5.19064e-18
6183.78 1.36372e-16 5.6097e-18
6187.85 1.32597e-16 6.16472e-18
6191.93 1.29419e-16 6.3792e-18
6196.01 1.19694e-16 5.00273e-18
6200.08 1.15576e-16 4.97843e-18
6204.16 1.17327e-16 4.99779e-18
6208.23 1.1438e-16 4.93662e-18
6212.31 1.05539e-16 4.82569e-18
6216.39 1.09195e-16 4.88961e-18
6220.46 1.08707e-16 4.87167e-18
6224.54 9.99238e-17 4.75554e-18
6228.61 1.02606e-16 4.84003e-18
6232.69 9.5233e-17 4.76279e-18
6236.77 9.12703e-17 4.74355e-18
6240.84 9.24922e-17 4.77602e-18
6244.92 8.96626e-17 4.69304e-18
6248.99 9.05766e-17 4.68983e-18
6253.07 9.04484e-17 4.72409e-18
6257.15 8.91952e-17 4.69694e-18
6261.22 8.66789e-17 4.66751e-18
6265.3 8.11891e-17 4.5903e-18
6269.37 8.17105e-17 4.53189e-18
6273.45 7.36229e-17 4.40971e-18
6277.53 8.22535e-17 4.51279e-18
6281.6 7.65197e-17 4.45353e-18
6285.68 7.36778e-17 4.40777e-18
6289.75 7.104e-17 4.44493e-18
6293.83 7.27697e-17 4.59013e-18
6297.91 7.15294e-17 4.67196e-18
6301.98 6.91317e-17 4.695e-18
6306.06 6.77105e-17 4.62644e-18
6310.13 6.70483e-17 4.46541e-18
6314.21 7.3442e-17 4.43802e-18
6318.29 7.0707e-17 4.37993e-18
6322.36 6.78572e-17 4.37637e-18
6326.44 7.045e-17 4.43791e-18
6330.51 7.29688e-17 4.44028e-18
6334.59 7.5328e-17 4.48934e-18
6338.67 7.68062e-17 4.47007e-18
6342.74 8.20577e-17 4.51971e-18
6346.82 8.00406e-17 4.51722e-18
6350.89 8.36544e-17 4.5758e-18
6354.97 9.12704e-17 4.70768e-18
6359.05 9.00556e-17 4.75381e-18
6363.12 9.07734e-17 4.78202e-18
6367.2 9.72884e-17 4.83354e-18
6371.27 1.02542e-16 4.8786e-18
6375.35 1.10156e-16 4.93009e-18
6379.43 1.06463e-16 4.86942e-18
6383.5 1.13802e-16 4.97084e-18
6387.58 1.14976e-16 4.99125e-18
6391.66 1.08171e-16 4.91692e-18
6395.73 1.15604e-16 4.99044e-18
6399.81 1.18571e-16 5.013e-18
6403.88 1.18187e-16 5.01173e-18
6407.96 1.18916e-16 5.02471e-18
6412.04 1.17514e-16 5.02405e-18
6416.11 1.20926e-16 5.06838e-18
6420.19 1.2301e-16 5.09555e-18
6424.26 1.19269e-16 5.0539e-18
6428.34 1.20165e-16 5.05704e-18
6432.42 1.23716e-16 5.11077e-18
6436.49 1.26193e-16 5.10786e-18
6440.57 1.24057e-16 5.10911e-18
6444.64 1.22929e-16 5.11482e-18
6448.72 1.28863e-16 5.18245e-18
6452.8 1.3528e-16 5.25573e-18
6456.87 1.287e-16 5.1965e-18
6460.95 1.32756e-16 5.26324e-18
6465.02 1.34912e-16 5.32518e-18
6469.1 1.30357e-16 5.30139e-18
6473.18 1.36892e-16 5.35546e-18
6477.25 1.39914e-16 5.37049e-18
6481.33 1.36497e-16 5.30839e-18
6485.4 1.36999e-16 5.30811e-18
6489.48 1.46337e-16 5.42798e-18
6493.56 1.42317e-16 5.42346e-18
6497.63 1.44202e-16 5.48494e-18
6501.71 1.41102e-16 5.48408e-18
6505.78 1.47254e-16 5.50696e-18
6509.86 1.51436e-16 5.51929e-18
6513.94 1.52668e-16 5.52686e-18
6518.01 1.56309e-16 5.73817e-18
6522.09 1.52796e-16 5.72543e-18
6526.16 1.51426e-16 5.57528e-18
6530.24 1.56023e-16 5.6205e-18
6534.32 1.58744e-16 5.67637e-18
6538.39 1.67041e-16 5.78001e-18
6542.47 1.64918e-16 5.71603e-18
6546.54 1.71321e-16 5.80618e-18
6550.62 1.67619e-16 5.79367e-18
6554.7 1.72059e-16 5.82341e-18
6558.77 1.77735e-16 5.90107e-18
6562.85 1.77885e-16 5.90294e-18
6566.92 1.77477e-16 5.88653e-18
6571 1.76957e-16 5.89745e-18
6575.08 1.83019e-16 5.96062e-18
6579.15 1.85666e-16 5.97959e-18
6583.23 1.81086e-16 5.92848e-18
6587.3 1.81631e-16 5.93995e-18
6591.38 1.8709e-16 5.97757e-18
6595.46 1.88267e-16 6.00668e-18
6599.53 1.90253e-16 6.0414e-18
6603.61 1.84714e-16 5.99539e-18
6607.68 1.85685e-16 5.99593e-18
6611.76 1.90704e-16 6.04214e-18
6615.84 1.93305e-16 6.033e-18
6619.91 1.8303e-16 5.92955e-18
6623.99 1.84028e-16 5.96918e-18
6628.06 1.88786e-16 6.0077e-18
6632.14 1.85967e-16 5.98439e-18
6636.22 1.87657e-16 6.02015e-18
6640.29 1.84372e-16 5.97289e-18
6644.37 1.8535e-16 6.01048e-18
6648.44 1.85929e-16 5.99616e-18
6652.52 1.8591e-16 5.98899e-18
6656.6 1.816e-16 5.94976e-18
6660.67 1.89138e-16 6.00874e-18
6664.75 1.80126e-16 5.95101e-18
6668.82 1.79362e-16 5.95542e-18
6672.9 1.82751e-16 5.98471e-18
6676.98 1.78453e-16 5.92403e-18
6681.05 1.80049e-16 6.90793e-18
6685.13 1.7819e-16 7.63653e-18
6689.21 1.77376e-16 8.2559e-18
6693.28 1.73612e-16 8.55601e-18
6697.36 1.86454e-16 6.01936e-18
6701.43 1.70475e-16 5.83665e-18
6705.51 1.68093e-16 5.81209e-18
6709.59 1.69332e-16 5.84835e-18
6713.66 1.7117e-16 5.82015e-18
6717.74 1.76066e-16 5.88596e-18
6721.81 1.73089e-16 5.86836e-18
6722.24 1.7342e-16 3.95587e-18
6726.44 1.68515e-16 3.91132e-18
6730.65 1.66387e-16 3.89844e-18
6734.86 1.6815e-16 3.9001e-18
6739.07 1.66485e-16 3.88205e-18
6743.28 1.65811e-16 3.88015e-18
6747.49 1.65471e-16 3.8708e-18
6751.7 1.59716e-16 3.82682e-18
6755.91 1.61151e-16 3.83132e-18
6760.12 1.61767e-16 3.83437e-18
6764.33 1.58927e-16 3.80699e-18
6768.54 1.5531e-16 3.78388e-18
6772.75 1.59071e-16 3.80982e-18
6776.96 1.57105e-16 3.79632e-18
6781.17 1.55551e-16 3.77353e-18
6785.38 1.54954e-16 3.772e-18
6789.59 1.51853e-16 3.74107e-18
6793.8 1.52894e-16 3.74314e-18
6798.01 1.48305e-16 3.71592e-18
6802.22 1.45882e-16 3.68063e-18
6806.43 1.47021e-16 3.68146e-18
6810.64 1.45781e-16 3.67895e-18
6814.85 1.41602e-16 3.6493e-18
6819.06 1.39727e-16 3.69561e-18
6823.27 1.35446e-16 3.7364e-18
6827.48 1.33435e-16 3.77202e-18
6831.69 1.38976e-16 3.79126e-18
6835.9 1.32425e-16 3.67864e-18
6840.11 1.29559e-16 3.58796e-18
6844.32 1.28795e-16 3.54632e-18
6848.53 1.27789e-16 3.51396e-18
6852.74 1.3416e-16 3.60481e-18
6856.95 1.33409e-16 3.63736e-18
6861.16 1.36364e-16 3.59467e-18
6865.37 1.37195e-16 3.50556e-18
6869.58 1.22791e-16 3.24428e-18
6873.78 1.17682e-16 3.14377e-18
6877.99 1.30104e-16 3.28626e-18
6882.2 1.35055e-16 3.35995e-18
6886.41 1.37378e-16 3.39037e-18
6890.62 1.34394e-16 3.38188e-18
6894.83 1.34462e-16 3.3863e-18
6899.04 1.36236e-16 3.41686e-18
6903.25 1.34105e-16 3.44654e-18
6907.46 1.36215e-16 3.47014e-18
6911.67 1.37064e-16 3.53318e-18
6915.88 1.34709e-16 3.53923e-18
6920.09 1.16498e-16 3.55099e-18
6924.3 1.16753e-16 3.63676e-18
6928.51 1.14288e-16 3.46209e-18
6932.72 1.24319e-16 3.46664e-18
6936.93 1.25725e-16 3.46812e-18
6941.14 1.25895e-16 3.52463e-18
6945.35 1.20796e-16 3.46824e-18
6949.56 1.18061e-16 3.44354e-18
6953.77 1.18238e-16 3.40054e-18
6957.98 1.15549e-16 3.34827e-18
6962.19 1.10624e-16 3.31861e-18
6966.4 1.10284e-16 3.34504e-18
6970.61 1.11029e-16 3.37699e-18
6974.82 1.09665e-16 3.35163e-18
6979.03 1.0485e-16 3.30705e-18
6983.24 1.03479e-16 3.26075e-18
6987.45 1.04892e-16 3.24238e-18
6991.66 1.0248e-16 3.21892e-18
6995.87 1.0344e-16 3.23127e-18
7000.08 1.05894e-16 3.25623e-18
7004.29 1.03156e-16 3.261e-18
7008.5 1.01772e-16 3.23235e-18
7012.71 1.03521e-16 3.24149e-18
7016.91 1.02683e-16 3.22737e-18
7021.12 1.06105e-16 3.24766e-18
7025.33 1.06632e-16 3.24637e-18
7029.54 1.07365e-16 3.2609e-18
7033.75 1.0761e-16 3.2868e-18
7037.96 1.11466e-16 3.31911e-18
7042.17 1.07604e-16 3.30919e-18
7046.38 1.14891e-16 3.36677e-18
7050.59 1.19155e-16 3.39649e-18
7054.8 1.1715e-16 3.38508e-18
7059.01 1.18177e-16 3.3925e-18
7063.22 1.19215e-16 3.39921e-18
7067.43 1.18657e-16 3.39242e-18
7071.64 1.20314e-16 3.41851e-18
7075.85 1.26617e-16 3.47746e-18
7080.06 1.28415e-16 3.49183e-18
7084.27 1.26057e-16 3.47271e-18
7088.48 1.22525e-16 3.43927e-18
7092.69 1.19885e-16 3.4137e-18
7096.9 1.22763e-16 3.44467e-18
7101.11 1.25906e-16 3.45913e-18
7105.32 1.2934e-16 3.48836e-18
7109.53 1.26615e-16 3.47189e-18
7113.74 1.24532e-16 3.45551e-18
7117.95 1.2452e-16 3.4507e-18
7122.16 1.2012e-16 3.41822e-18
7126.37 1.20316e-16 3.42064e-18
7130.58 1.23927e-16 3.45421e-18
7134.79 1.23495e-16 3.46068e-18
7139 1.22856e-16 3.45893e-18
7143.21 1.20596e-16 3.43396e-18
7147.42 1.12592e-16 3.36495e-18
7151.63 1.11414e-16 3.34425e-18
7155.84 1.07319e-16 3.29093e-18
7160.05 1.04098e-16 3.25967e-18
7164.25 1.08124e-16 3.28173e-18
7168.46 1.02977e-16 3.20941e-18
7172.67 1.01867e-16 3.17456e-18
7176.88 9.93856e-17 3.1243e-18
7181.09 9.67755e-17 3.08655e-18
7185.3 9.51966e-17 3.0507e-18
7189.51 9.69721e-17 3.07246e-18
7193.72 9.80426e-17 3.08121e-18
7197.93 9.55781e-17 3.06485e-18
7202.14 9.09815e-17 3.04403e-18
7206.35 9.20713e-17 3.06004e-18
7210.56 9.45845e-17 3.13575e-18
7214.77 9.7072e-17 3.17365e-18
7218.98 9.3348e-17 3.14271e-18
7223.19 9.90344e-17 3.19958e-18
7227.4 9.66019e-17 3.20365e-18
7231.61 9.57142e-17 3.36737e-18
7235.82 9.50364e-17 3.52177e-18
7240.03 9.502e-17 3.57976e-18
7244.24 9.51032e-17 3.5175e-18
7248.45 9.82991e-17 3.3875e-18
7252.66 9.67111e-17 3.22695e-18
7256.87 9.27235e-17 3.162e-18
7261.08 9.5239e-17 3.15702e-18
7265.29 9.06761e-17 3.26435e-18
7269.5 9.33394e-17 3.4778e-18
7273.71 9.23412e-17 3.51845e-18
7277.92 9.71201e-17 3.59685e-18
7282.13 9.45403e-17 3.39144e-18
7286.34 9.88487e-17 3.33357e-18
7290.55 9.10954e-17 3.19933e-18
7294.76 9.24381e-17 3.21869e-18
7298.97 9.30958e-17 3.22389e-18
7303.18 9.07215e-17 3.24329e-18
7307.39 9.63643e-17 3.43038e-18
7311.59 1.04837e-16 3.49952e-18
7315.8 1.02181e-16 3.5032e-18
7320.01 1.0142e-16 3.50129e-18
7324.22 1.06194e-16 3.42623e-18
7328.43 1.04862e-16 3.44535e-18
7332.64 1.0807e-16 3.63723e-18
7336.85 1.11918e-16 3.65935e-18
7341.06 1.13257e-16 3.6632e-18
7345.27 1.16615e-16 3.58745e-18
7349.48 1.20896e-16 3.50623e-18
7353.69 1.19675e-16 3.50944e-18
7357.9 1.19216e-16 3.57398e-18
7362.11 1.16508e-16 3.66929e-18
7366.32 1.22258e-16 3.66579e-18
7370.53 1.27362e-16 3.68715e-18
7374.74 1.28556e-16 3.58812e-18
7378.95 1.26586e-16 3.47792e-18
7383.16 1.24513e-16 3.49689e-18
7387.37 1.1994e-16 3.48666e-18
7391.58 1.16691e-16 3.52463e-18
7395.79 1.23581e-16 3.61296e-18
7400 1.23571e-16 3.58581e-18
7404.21 1.26035e-16 3.57182e-18
7408.42 1.19812e-16 3.44922e-18
7412.63 1.15517e-16 3.3795e-18
7416.84 1.12244e-16 3.34976e-18
7421.05 1.11591e-16 3.35903e-18
7425.26 1.13617e-16 3.40302e-18
7429.47 1.13681e-16 3.44493e-18
7433.68 1.13596e-16 3.43465e-18
7437.89 1.08341e-16 3.36517e-18
7442.1 1.06293e-16 3.32792e-18
7446.31 1.05097e-16 3.27935e-18
7450.52 1.04324e-16 3.27675e-18
7454.72 1.10875e-16 3.34584e-18
7458.93 1.13025e-16 3.39407e-18
7463.14 1.06981e-16 3.38394e-18
7467.35 1.03225e-16 3.37891e-18
7471.56 1.03702e-16 3.41361e-18
7475.77 1.06021e-16 3.44977e-18
7479.98 1.07846e-16 3.43172e-18
7484.19 1.09525e-16 3.42177e-18
7488.4 1.08391e-16 3.35782e-18
7492.61 1.11195e-16 3.33921e-18
7496.82 9.99133e-17 3.23744e-18
7501.03 9.25124e-17 3.15402e-18
7505.24 9.55415e-17 3.17223e-18
7509.45 9.02159e-17 3.15342e-18
7513.66 9.08997e-17 3.2794e-18
7517.87 8.98573e-17 3.38453e-18
7522.08 8.61443e-17 3.37046e-18
7526.29 8.3123e-17 3.31349e-18
7530.5 8.0392e-17 3.16861e-18
7534.71 7.60255e-17 3.0502e-18
7538.92 7.63138e-17 3.01836e-18
7543.13 7.32539e-17 2.98128e-18
7547.34 7.29413e-17 2.99888e-18
7551.55 7.2022e-17 3.00209e-18
7555.76 6.81545e-17 2.96746e-18
7559.97 6.55614e-17 2.98449e-18
7564.18 5.95244e-17 2.99647e-18
7568.39 5.24171e-17 2.93915e-18
7572.6 4.8981e-17 2.88896e-18
7576.81 4.65136e-17 2.78745e-18
7581.02 4.45053e-17 2.67336e-18
7585.23 4.66355e-17 2.63672e-18
7589.44 4.87508e-17 2.56525e-18
7593.65 4.50649e-17 2.28983e-18
7597.85 4.53613e-17 2.40732e-18
7602.06 3.49206e-17 2.45241e-18
7606.27 3.27486e-17 1.93529e-18
7610.48 3.33823e-17 1.97725e-18
7614.69 3.93402e-17 2.11848e-18
7618.9 4.31155e-17 2.24558e-18
7623.11 4.54862e-17 2.2662e-18
7627.32 3.83081e-17 2.16893e-18
7631.53 4.04324e-17 2.15787e-18
7635.74 4.0446e-17 2.14792e-18
7639.95 4.41436e-17 2.21366e-18
7644.16 4.74473e-17 2.32351e-18
7648.37 4.62799e-17 2.39211e-18
7652.58 4.88623e-17 2.51193e-18
7656.79 5.56834e-17 2.64844e-18
7661 6.24338e-17 2.74787e-18
7665.21 6.60714e-17 2.8177e-18
7669.42 6.69472e-17 2.83895e-18
7673.63 6.60937e-17 2.8655e-18
7677.84 6.93931e-17 2.92738e-18
7682.05 6.58269e-17 2.92009e-18
7686.26 6.86956e-17 2.98938e-18
7690.47 7.51646e-17 3.07189e-18
7694.68 7.37691e-17 3.06699e-18
7698.89 8.04558e-17 3.18076e-18
7703.1 7.74864e-17 3.37047e-18
7707.31 7.72528e-17 3.61563e-18
7711.52 8.10314e-17 3.75898e-18
7715.73 7.56971e-17 3.71388e-18
7719.94 8.02697e-17 3.55117e-18
7724.15 8.92573e-17 3.40262e-18
7728.36 9.45625e-17 3.39809e-18
7732.57 9.99436e-17 3.37493e-18
7736.78 1.01855e-16 3.46627e-18
7740.99 1.07243e-16 3.76259e-18
7745.19 1.03035e-16 3.88144e-18
7749.4 1.103e-16 3.98962e-18
7753.61 1.12632e-16 3.98679e-18
7757.82 1.1855e-16 3.77393e-18
7762.03 1.26112e-16 3.78694e-18
7766.24 1.31536e-16 3.77709e-18
7770.45 1.32357e-16 3.80713e-18
7774.66 1.32148e-16 3.83183e-18
7778.87 1.33827e-16 3.83878e-18
7783.08 1.37282e-16 3.96396e-18
7787.29 1.4495e-16 4.14533e-18
7791.5 1.44241e-16 4.13711e-18
7795.71 1.51602e-16 4.19078e-18
7799.92 1.57845e-16 4.14588e-18
7804.13 1.59121e-16 4.07641e-18
7808.34 1.6028e-16 4.15459e-18
7812.55 1.57936e-16 4.3247e-18
7816.76 1.52942e-16 4.29474e-18
7820.97 1.57252e-16 4.31313e-18
7825.18 1.59013e-16 4.23333e-18
7829.39 1.66815e-16 4.09783e-18
7833.6 1.72484e-16 4.20495e-18
7837.81 1.74178e-16 4.23391e-18
7842.02 1.71225e-16 4.36318e-18
7846.23 1.6663e-16 4.51103e-18
7850.44 1.66229e-16 4.5708e-18
7854.65 1.74545e-16 4.64625e-18
7858.86 1.7474e-16 4.52494e-18
7863.07 1.79017e-16 4.5117e-18
7867.28 1.7818e-16 4.45387e-18
7871.49 1.74969e-16 4.46327e-18
7875.7 1.69383e-16 4.33457e-18
7879.91 1.69699e-16 4.37322e-18
7884.12 1.75303e-16 4.43157e-18
7888.32 1.83711e-16 4.42283e-18
7892.53 1.85209e-16 4.39164e-18
7896.74 1.78534e-16 4.2135e-18
7900.95 1.71999e-16 4.26722e-18
7905.16 1.70931e-16 4.5836e-18
7909.37 1.63035e-16 4.64828e-18
7913.58 1.62889e-16 4.7676e-18
7917.79 1.64784e-16 4.62719e-18
7922 1.62695e-16 4.42543e-18
7926.21 1.49952e-16 4.19429e-18
7930.42 1.42661e-16 4.05189e-18
7934.63 1.31812e-16 3.9289e-18
7938.84 1.26334e-16 3.87097e-18
7943.05 1.31707e-16 3.93678e-18
7947.26 1.27605e-16 3.91633e-18
7951.47 1.30531e-16 3.98015e-18
7955.68 1.21231e-16 4.07148e-18
7959.89 1.14328e-16 4.06806e-18
7964.1 1.14886e-16 4.1014e-18
7968.31 1.04754e-16 3.97028e-18
7972.52 1.00693e-16 3.78664e-18
7976.73 9.7828e-17 3.72484e-18
7980.94 9.38865e-17 3.80976e-18
7985.15 9.51214e-17 3.94643e-18
7989.36 8.73053e-17 3.91965e-18
7993.57 8.17125e-17 3.85442e-18
7997.78 8.38583e-17 3.62813e-18
8001.99 7.87661e-17 3.41281e-18
8006.2 7.59661e-17 3.42084e-18
8010.41 7.52732e-17 3.43668e-18
8014.62 7.75952e-17 3.63158e-18
8018.83 7.15039e-17 3.68433e-18
8023.04 6.78307e-17 3.63079e-18
8027.25 6.2802e-17 3.51793e-18
8031.45 5.4477e-17 3.22585e-18
8035.66 5.22941e-17 3.0502e-18
8039.87 5.13301e-17 3.05892e-18
8044.08 4.94293e-17 3.07681e-18
8048.29 4.85428e-17 3.10164e-18
8052.5 4.27343e-17 3.14048e-18
8056.71 3.78817e-17 3.13422e-18
8060.92 3.40559e-17 3.04678e-18
8065.13 3.5078e-17 2.99026e-18
8069.34 3.21943e-17 2.85685e-18
8073.55 3.10745e-17 2.79843e-18
8077.76 3.16852e-17 2.81409e-18
8081.97 2.60538e-17 2.74775e-18
8086.18 2.54233e-17 2.76584e-18
8090.39 2.26295e-17 2.75934e-18
8094.6 1.98239e-17 2.7745e-18
8098.81 1.47907e-17 2.90944e-18
8103.02 1.77064e-17 3.22584e-18
8107.23 1.84351e-17 3.42895e-18
8111.44 1.51984e-17 2.58152e-18
8115.65 1.44472e-17 2.56587e-18
8119.86 1.4532e-17 2.56819e-18
8124.07 1.68427e-17 2.5975e-18
8128.28 1.36005e-17 2.57399e-18
8132.49 1.21889e-17 2.56671e-18
8136.7 1.57217e-17 2.63741e-18
8140.91 1.61695e-17 2.6547e-18
8145.12 2.0149e-17 2.6438e-18
8149.33 2.05561e-17 2.64889e-18
8153.54 2.35278e-17 2.66381e-18
8157.75 2.79404e-17 2.70909e-18
8161.96 2.95018e-17 2.72915e-18
8166.17 3.14443e-17 2.74752e-18
8170.38 2.97571e-17 2.73925e-18
8174.59 2.90896e-17 2.75363e-18
8178.79 2.90634e-17 2.74589e-18
8183 2.7487e-17 2.76313e-18
8187.21 2.52782e-17 2.75704e-18
8191.42 2.76259e-17 2.77474e-18
8195.63 2.3578e-17 2.74898e-18
8199.84 2.62151e-17 2.78981e-18
8204.05 2.69581e-17 2.78846e-18
8208.26 2.24871e-17 2.74403e-18
8212.47 2.43087e-17 2.74874e-18
8216.68 2.08663e-17 2.70064e-18
8220.89 1.85058e-17 2.63144e-18
8225.1 2.13793e-17 2.91139e-18
8229.31 1.92282e-17 2.95578e-18
8233.52 2.13081e-17 2.73127e-18
8237.73 1.74748e-17 2.66701e-18
8241.94 2.04794e-17 2.70747e-18
8246.15 -5.54094e-19 2.82405e-18
8250.36 -1.07923e-17 3.66494e-18
8254.57 2.93578e-18 2.85279e-18
8258.78 2.00104e-20 3.05583e-18
8262.99 -3.79587e-20 3.12051e-18
8267.2 1.03264e-17 2.77893e-18
8271.41 1.61148e-17 3.03625e-18
8275.62 1.23988e-17 3.24724e-18
8279.83 1.28566e-17 3.50894e-18
8284.04 1.26202e-17 3.56241e-18
8288.25 1.67612e-17 3.72392e-18
8292.46 2.11925e-17 3.7163e-18
8296.67 1.42285e-17 3.48656e-18
8300.88 1.2044e-17 3.34674e-18
8305.09 1.53744e-17 3.07646e-18
8309.3 1.467e-17 2.8909e-18
8313.51 1.72107e-17 2.87893e-18
8317.72 1.12421e-17 2.72201e-18
8321.92 1.67041e-17 3.70887e-18
8326.13 1.95234e-17 3.51011e-18
8330.34 1.43551e-17 2.90788e-18
8334.55 1.80577e-17 3.6829e-18
8338.76 1.26322e-17 4.13346e-18
8342.97 1.48325e-17 4.34346e-18
8347.18 1.67621e-17 4.23691e-18
8351.39 1.78369e-17 3.56236e-18
8355.6 1.92576e-17 3.3335e-18
8359.81 1.85679e-17 3.10319e-18
8364.02 2.24418e-17 3.07067e-18
8368.23 2.10763e-17 3.04281e-18
8372.44 2.04062e-17 3.10087e-18
8376.65 2.06815e-17 3.21448e-18
8380.86 2.79804e-17 3.29461e-18
8385.07 2.47148e-17 3.32069e-18
8389.28 2.37297e-17 3.73644e-18
8393.49 2.75633e-17 3.97336e-18
8397.7 2.41291e-17 3.89129e-18
8401.91 2.54503e-17 3.79349e-18
8406.12 2.98021e-17 3.51664e-18
8410.33 2.71123e-17 3.65777e-18
8414.54 3.12933e-17 3.67205e-18
8418.75 3.38352e-17 3.82135e-18
8422.96 3.19222e-17 4.07935e-18
8427.17 2.88352e-17 4.11081e-18
8431.38 3.17424e-17 4.06733e-18
8435.59 4.0128e-18 5.15318e-18
8439.8 4.3741e-18 4.78037e-18
8444.01 2.80969e-17 3.4345e-18
8448.22 3.65405e-17 3.46825e-18
8452.43 3.36989e-17 3.5801e-18
8456.64 3.32714e-17 3.86076e-18
8460.85 3.23107e-17 3.85977e-18
8465.06 3.36374e-17 3.92247e-18
8469.26 3.68111e-17 3.67786e-18
8473.47 3.71065e-17 3.27662e-18
8477.68 3.86494e-17 3.17927e-18
8481.89 3.91648e-17 3.27241e-18
8486.1 3.99934e-17 3.39634e-18
8490.31 4.02331e-17 3.45036e-18
8494.52 4.50895e-17 3.69379e-18
8498.73 4.82394e-17 3.79397e-18
8502.94 5.01724e-17 3.76058e-18
8507.15 5.22786e-17 3.72708e-18
8511.36 5.11903e-17 3.4653e-18
8515.57 5.44793e-17 3.3751e-18
8519.78 5.76535e-17 3.43829e-18
8523.99 5.6034e-17 3.4268e-18
8528.2 5.82925e-17 3.5012e-18
8532.41 5.9751e-17 3.53133e-18
8536.62 6.36734e-17 3.63518e-18
8540.83 6.63292e-17 3.77596e-18
8545.04 7.36683e-17 3.82456e-18
8549.25 8.03666e-17 3.88478e-18
8553.46 8.11137e-17 3.83134e-18
8557.67 8.37711e-17 3.79208e-18
8561.88 7.81247e-17 3.8586e-18
8566.09 7.4211e-17 3.85524e-18
8570.3 8.74499e-17 3.82643e-18
8574.51 9.11599e-17 3.8796e-18
8578.72 1.00931e-16 3.98676e-18
8582.93 1.07278e-16 4.06502e-18
8587.14 1.11036e-16 4.15409e-18
8591.35 1.16332e-16 4.21831e-18
8595.56 1.26122e-16 4.29984e-18
8599.77 1.33275e-16 4.37672e-18
8603.98 1.37602e-16 4.38483e-18
8608.19 1.39369e-16 4.46602e-18
8612.4 1.42643e-16 4.61561e-18
8616.6 1.45143e-16 4.78357e-18
8620.81 1.48907e-16 4.97275e-18
8625.02 1.51065e-16 5.05014e-18
8629.23 1.65756e-16 5.15656e-18
8633.44 1.76029e-16 5.14496e-18
8637.65 1.85216e-16 5.13512e-18
8641.86 1.93089e-16 5.20024e-18
8646.07 1.98921e-16 5.32817e-18
8650.28 1.95051e-16 5.38671e-18
8654.49 1.91573e-16 5.42582e-18
8658.7 1.96243e-16 5.44694e-18
8662.91 2.01205e-16 5.42356e-18
8667.12 2.03591e-16 5.38381e-18
8671.33 2.14034e-16 5.38783e-18
8675.54 2.37882e-16 5.47828e-18
8679.75 2.45617e-16 5.48682e-18
8683.96 2.52784e-16 5.48882e-18
8688.17 2.56212e-16 5.49179e-18
8692.38 2.43166e-16 5.40032e-18
8696.59 2.41943e-16 5.39887e-18
8700.8 2.43708e-16 5.4149e-18
8705.01 2.44617e-16 5.39429e-18
8709.22 2.53762e-16 5.45974e-18
8713.43 2.69872e-16 5.57668e-18
8717.64 2.86223e-16 5.70168e-18
8721.85 3.00538e-16 5.79954e-18
8726.06 2.94646e-16 5.77284e-18
8730.27 2.87526e-16 5.73249e-18
8734.48 2.81514e-16 5.69241e-18
8738.69 2.81982e-16 5.71048e-18
8742.9 2.71916e-16 5.64544e-18
8747.11 2.81621e-16 5.78986e-18
8751.32 2.84056e-16 6.13965e-18
8755.53 3.04249e-16 6.55081e-18
8759.73 3.06561e-16 6.93343e-18
8763.94 3.18008e-16 6.99447e-18
8768.15 3.1784e-16 7.11562e-18
8772.36 3.15614e-16 6.92717e-18
8776.57 2.90231e-16 6.59248e-18
8780.78 2.82312e-16 6.45592e-18
8784.99 2.81091e-16 6.09083e-18
8789.2 2.78855e-16 5.96014e-18
8793.41 2.76145e-16 5.91324e-18
8797.62 2.79265e-16 5.80198e-18
8801.83 2.9606e-16 5.87311e-18
8806.04 3.038e-16 5.95695e-18
8810.25 3.02128e-16 5.90457e-18
8814.46 2.91099e-16 6.2949e-18
8818.67 2.74919e-16 6.8833e-18
8822.88 2.57033e-16 7.08926e-18
8827.09 2.4065e-16 7.24585e-18
8831.3 2.27515e-16 6.76482e-18
8835.51 2.32831e-16 6.09902e-18
8839.72 2.39458e-16 6.01635e-18
8843.93 2.37239e-16 5.74994e-18
8848.14 2.48233e-16 5.7588e-18
8852.35 2.52376e-16 5.7715e-18
8856.56 2.45567e-16 5.80441e-18
8860.77 2.31566e-16 5.8341e-18
8864.98 2.33119e-16 5.87225e-18
8869.19 2.20304e-16 5.71783e-18
8873.4 2.17598e-16 5.74945e-18
8877.61 2.10389e-16 6.28661e-18
8881.82 1.95244e-16 6.26916e-18
8886.03 1.98543e-16 6.27245e-18
8890.24 2.03232e-16 5.98602e-18
8894.45 2.08956e-16 5.78115e-18
8898.66 2.04448e-16 5.75889e-18
8902.86 2.05243e-16 5.78551e-18
8907.07 2.05295e-16 5.90576e-18
8911.28 1.98788e-16 6.36043e-18
8915.49 1.83286e-16 6.36861e-18
8919.7 1.82317e-16 6.39347e-18
8923.91 1.73365e-16 5.84105e-18
8928.12 1.71882e-16 5.20156e-18
8932.33 1.69735e-16 5.228e-18
8936.54 1.70694e-16 5.40317e-18
8940.75 1.71911e-16 5.41119e-18
8944.96 1.71025e-16 5.56653e-18
8949.17 1.73794e-16 5.86441e-18
8953.38 1.76814e-16 5.94446e-18
8957.59 1.88893e-16 6.06453e-18
8961.8 1.88898e-16 5.73392e-18
8966.01 1.71688e-16 5.07866e-18
8970.22 1.65197e-16 4.90572e-18
8974.43 1.65612e-16 4.95795e-18
8978.64 1.62392e-16 5.03985e-18
8982.85 1.60726e-16 5.08049e-18
8987.06 1.56884e-16 5.08429e-18
8991.27 1.49023e-16 5.21437e-18
8995.48 1.63936e-16 6.09439e-18
8999.69 1.64388e-16 5.72245e-18
9003.9 1.63289e-16 5.24363e-18
9008.11 1.70465e-16 5.10332e-18
9012.32 1.69457e-16 4.87647e-18
9016.53 1.69599e-16 4.9081e-18
9020.74 1.60773e-16 4.88082e-18
9024.95 1.59739e-16 4.91483e-18
9029.16 1.51739e-16 4.96863e-18
9033.37 1.49571e-16 4.99417e-18
9037.58 1.44e-16 5.0703e-18
9041.79 1.3699e-16 5.14689e-18
9046 1.34138e-16 5.04948e-18
9050.2 1.36175e-16 5.0577e-18
9054.41 1.35296e-16 4.9219e-18
9058.62 1.35506e-16 4.79496e-18
9062.83 1.42323e-16 4.81299e-18
9067.04 1.39915e-16 4.77882e-18
9071.25 1.23105e-16 4.61266e-18
9075.46 1.14911e-16 4.51385e-18
9079.67 1.22942e-16 4.59411e-18
9083.88 1.19059e-16 4.61127e-18
9088.09 1.09841e-16 4.546e-18
9092.3 1.14966e-16 4.66634e-18
9096.51 1.07828e-16 4.64145e-18
9100.72 1.11442e-16 4.64224e-18
9104.93 1.11197e-16 4.62719e-18
9109.14 1.04262e-16 4.49939e-18
9113.35 1.09048e-16 4.50719e-18
9117.56 1.11358e-16 4.56004e-18
9121.77 1.15176e-16 4.56695e-18
9125.98 1.15076e-16 4.55225e-18
9130.19 1.04506e-16 4.45333e-18
9134.4 9.39445e-17 4.33856e-18
9138.61 9.64865e-17 4.4083e-18
9142.82 9.76763e-17 4.44482e-18
9147.03 9.25837e-17 4.44847e-18
9151.24 9.26042e-17 4.4919e-18
9155.45 8.66228e-17 4.45038e-18
9159.66 8.10208e-17 4.42336e-18
9163.87 7.4229e-17 4.55111e-18
9168.08 9.34111e-17 4.45795e-18
9172.29 8.73207e-17 4.38347e-18
9176.5 8.93165e-17 4.40516e-18
9180.71 8.79547e-17 4.41454e-18
9184.92 9.09342e-17 4.48614e-18
9189.13 9.02382e-17 4.48143e-18
9193.33 8.50962e-17 4.43498e-18
9197.54 7.81574e-17 4.39828e-18
9201.75 7.23079e-17 4.33285e-18
9205.96 7.59838e-17 4.43675e-18
9210.17 7.81692e-17 4.45784e-18
9214.38 7.68505e-17 4.54399e-18
9218.59 8.13369e-17 4.59094e-18
9222.8 8.28977e-17 4.58307e-18
9227.01 8.83197e-17 4.62071e-18
9231.22 9.03626e-17 4.62235e-18
9235.43 8.2505e-17 4.56151e-18
9239.64 7.85892e-17 4.51824e-18
9243.85 7.76158e-17 4.49386e-18
9248.06 8.06063e-17 4.56544e-18
9252.27 7.20062e-17 4.63552e-18
9256.48 5.3791e-17 4.57593e-18
9260.69 7.27222e-17 4.55213e-18
9264.9 8.57206e-17 4.66929e-18
9269.11 8.97509e-17 4.68012e-18
9273.32 8.64664e-17 4.66571e-18
9277.53 9.79024e-17 4.76201e-18
9281.74 9.75257e-17 4.81099e-18
9285.95 9.4738e-17 4.81698e-18
9290.16 9.09562e-17 4.77156e-18
9294.37 9.9531e-17 5.02405e-18
9298.58 9.63188e-17 5.66883e-18
9302.79 8.35407e-17 6.33032e-18
9307 9.27512e-17 6.78063e-18
9311.21 1.09127e-16 6.84327e-18
9315.42 9.30768e-17 6.74299e-18
9319.63 9.6536e-17 6.07551e-18
9323.84 1.06553e-16 5.86414e-18
9328.05 1.08013e-16 5.45714e-18
9332.26 1.30731e-16 5.14035e-18
9336.47 1.26319e-16 5.00188e-18
9340.67 1.15152e-16 4.87293e-18
9344.88 1.05798e-16 4.6276e-18
9349.09 1.33718e-16 4.80459e-18
9353.3 1.42879e-16 4.90094e-18
9357.51 1.14344e-16 4.66491e-18
9361.72 1.32261e-16 5.31244e-18
9365.93 1.35904e-16 6.77472e-18
9370.14 1.20145e-16 7.46401e-18
9374.35 1.44503e-16 7.69556e-18
9378.56 1.50538e-16 7.30039e-18
9382.77 1.2793e-16 5.88351e-18
9386.98 1.26554e-16 5.35597e-18
9391.19 1.26589e-16 5.53246e-18
9395.4 1.17022e-16 5.65166e-18
9399.61 1.08399e-16 5.5881e-18
9403.82 1.16276e-16 5.58035e-18
9408.03 1.20968e-16 5.68411e-18
9412.24 1.23153e-16 5.95751e-18
9416.45 1.1683e-16 5.95777e-18
9420.66 1.11221e-16 5.95408e-18
9424.87 1.12758e-16 5.69927e-18
9429.08 1.07602e-16 6.23303e-18
9433.29 1.09535e-16 6.87249e-18
9437.5 1.18589e-16 7.08838e-18
9441.71 9.24148e-17 6.87678e-18
9445.92 1.12394e-16 6.16743e-18
9450.13 1.27873e-16 6.32562e-18
9454.34 1.19694e-16 6.32652e-18
9458.55 1.03913e-16 6.19881e-18
9462.76 9.90132e-17 6.03189e-18
9466.97 1.32123e-16 6.7642e-18
9471.18 1.21191e-16 7.23312e-18
9475.39 1.0659e-16 7.28344e-18
9479.6 1.06766e-16 6.94603e-18
9483.8 1.03967e-16 6.05281e-18
9488.01 1.16577e-16 5.77229e-18
9492.22 1.1796e-16 6.13373e-18
9496.43 1.03006e-16 6.27462e-18
9500.64 9.65533e-17 6.3087e-18
9504.85 9.78582e-17 6.39947e-18
9509.06 1.1588e-16 6.60005e-18
9513.27 1.13888e-16 6.69515e-18
9517.48 1.12181e-16 6.72773e-18
9521.69 1.09023e-16 6.59477e-18
9525.9 1.01758e-16 6.13103e-18
9530.11 1.21409e-16 6.15426e-18
9534.32 1.14508e-16 6.11926e-18
9538.53 1.06114e-16 6.13074e-18
9542.74 1.08801e-16 6.43832e-18
9546.95 9.63011e-17 6.45265e-18
9551.16 1.15679e-16 6.73261e-18
9555.37 1.02593e-16 6.92123e-18
9559.58 1.17599e-16 7.31842e-18
9563.79 1.2302e-16 7.44715e-18
9568 1.09769e-16 7.31295e-18
9572.21 1.05902e-16 6.86359e-18
9576.42 1.15113e-16 6.55733e-18
9580.63 1.15402e-16 6.40279e-18
9584.84 1.09393e-16 6.35645e-18
9589.05 1.06555e-16 6.33705e-18
9593.26 9.51431e-17 6.32003e-18
9597.47 9.94547e-17 6.56753e-18
9601.68 1.09086e-16 6.86102e-18
9605.89 1.05277e-16 6.95851e-18
9610.1 9.40905e-17 6.98808e-18
9614.31 9.75574e-17 7.05221e-18
9618.52 9.54751e-17 7.11498e-18
9622.73 9.75125e-17 7.16271e-18
9626.93 1.08675e-16 7.09838e-18
9631.14 1.05385e-16 6.96359e-18
9635.35 1.10087e-16 6.95692e-18
9639.56 1.01722e-16 6.89515e-18
9643.77 1.00449e-16 6.96864e-18
9647.98 1.0838e-16 7.20169e-18
9652.19 1.00537e-16 7.20755e-18
9656.4 1.09796e-16 7.39948e-18
9660.61 9.85532e-17 7.57611e-18
9664.82 9.84047e-17 7.74785e-18
9669.03 1.04466e-16 8.02816e-18
9673.24 1.15347e-16 8.41184e-18
9677.45 1.09808e-16 8.50735e-18
9681.66 8.62355e-17 8.38044e-18
9685.87 6.24251e-17 8.47058e-18
9690.08 9.94527e-17 8.64203e-18
9694.29 8.75964e-17 8.56893e-18
9698.5 9.2059e-17 8.71745e-18
9702.71 9.92544e-17 8.66349e-18
9706.92 8.6269e-17 8.64483e-18
9711.13 9.91982e-17 9.201e-18
9715.34 1.06663e-16 9.40141e-18
9719.55 9.5046e-17 9.25051e-18
9723.76 9.5013e-17 8.98149e-18
9727.97 9.58573e-17 8.68159e-18
9732.18 9.68117e-17 8.67795e-18
9736.39 1.03331e-16 8.82117e-18
9740.6 9.50503e-17 8.66761e-18
9744.81 7.70048e-17 8.27965e-18
9749.02 7.69155e-17 8.13299e-18
9753.23 8.47898e-17 8.14955e-18
9757.44 8.31064e-17 8.23775e-18
9761.65 9.37205e-17 8.32519e-18
9765.86 9.09513e-17 8.41345e-18
9770.07 1.03477e-16 8.6453e-18
9774.27 1.05431e-16 8.85826e-18
9778.48 1.00576e-16 9.66446e-18
9782.69 8.44885e-17 1.06734e-17
9786.9 9.76667e-17 1.1445e-17
9791.11 1.03205e-16 1.17827e-17
9795.32 9.29661e-17 1.10276e-17
9799.53 9.03141e-17 1.03517e-17
9803.74 9.2731e-17 1.00172e-17
9807.95 8.8993e-17 9.80322e-18
9812.16 8.2208e-17 9.60046e-18
9816.37 9.43759e-17 9.6169e-18
9820.58 8.85571e-17 9.54035e-18
9824.79 8.21388e-17 9.49261e-18
9829 8.16789e-17 9.54515e-18
9833.21 8.04177e-17 9.54963e-18
9837.42 8.02579e-17 9.87409e-18
9841.63 7.24206e-17 1.02432e-17
9845.84 8.00787e-17 1.04459e-17
9850.05 7.96042e-17 1.04025e-17
9854.26 6.10001e-17 9.95889e-18
9858.47 6.23115e-17 1.03912e-17
9862.68 7.04318e-17 1.1759e-17
9866.89 6.35387e-17 1.25356e-17
9871.1 7.3362e-17 1.27306e-17
9875.31 7.09222e-17 1.21215e-17
9879.52 5.79292e-17 1.09535e-17
9883.73 5.95807e-17 1.10592e-17
9887.94 5.68289e-17 1.14399e-17
9892.15 4.7142e-17 1.14652e-17
9896.36 7.60725e-17 1.17521e-17
9900.57 5.78916e-17 1.16478e-17
9904.78 6.01355e-17 1.28781e-17
9908.99 9.12548e-17 1.39101e-17
9913.2 4.77261e-17 1.38122e-17
9917.4 6.87465e-17 1.34426e-17
9921.61 7.36414e-17 1.23553e-17
9925.82 6.69677e-17 1.18917e-17
9930.03 6.41901e-17 1.25836e-17
9934.24 5.26406e-17 1.41672e-17
9938.45 4.59519e-17 1.56695e-17
9942.66 6.27765e-17 1.6605e-17
9946.87 5.33756e-17 1.70184e-17
9951.08 9.15007e-17 1.70964e-17
9955.29 8.09405e-17 1.68075e-17
9959.5 6.24414e-17 1.63572e-17
9963.71 6.11663e-17 1.54646e-17
9967.92 5.01209e-17 1.45055e-17
9972.13 5.92265e-17 1.41602e-17
9976.34 6.24669e-17 1.41541e-17
9980.55 6.33678e-17 1.43605e-17
