3499.37 -2.3526e-17 -2.84365e-18
3502.23 -5.44039e-17 -6.57388e-18
3505.09 1.75282e-17 2.11736e-18
3507.96 -6.18595e-17 -7.4702e-18
3510.82 -3.80296e-19 -4.59111e-20
3513.68 -1.66489e-17 -2.00934e-18
3516.55 -2.43002e-17 -2.93192e-18
3519.41 2.93009e-18 3.53427e-19
3522.27 3.83185e-17 4.62067e-18
3525.14 -6.9436e-17 -8.37069e-18
3528 1.14638e-16 1.38162e-17
3530.86 8.01908e-17 9.66202e-18
3533.73 8.82113e-17 1.06256e-17
3536.59 2.28098e-17 2.74688e-18
3539.45 2.27548e-18 2.73956e-19
3542.31 9.72318e-17 1.17033e-17
3545.18 -5.72891e-18 -6.89391e-19
3548.04 -2.48031e-17 -2.98398e-18
3550.9 -3.07673e-17 -3.70064e-18
3553.77 6.50762e-17 7.82544e-18
3556.63 2.56667e-17 3.08573e-18
3559.49 1.09055e-17 1.3108e-18
3562.36 5.29654e-17 6.36487e-18
3565.22 -9.47949e-18 -1.13891e-18
3568.08 8.2929e-17 9.96138e-18
3570.95 6.73654e-18 8.09023e-19
3573.81 6.01328e-17 7.22018e-18
3576.67 -7.12537e-17 -8.55378e-18
3579.54 4.0394e-18 4.84823e-19
3582.4 -2.51827e-17 -3.02195e-18
3585.26 1.56398e-17 1.87645e-18
3588.13 5.133e-18 6.1574e-19
3590.99 1.27199e-16 1.52557e-17
3593.85 1.64402e-17 1.97143e-18
3596.71 6.41484e-17 7.69106e-18
3599.58 6.31727e-17 7.57283e-18
3602.44 5.2037e-17 6.23693e-18
3605.3 6.26926e-17 7.51288e-18
3608.17 1.80088e-18 2.15778e-19
3611.03 -2.75849e-18 -3.30468e-19
3613.89 3.65467e-17 4.37767e-18
3616.76 -4.42122e-17 -5.29511e-18
3619.62 1.27563e-16 1.52756e-17
3622.48 9.57354e-18 1.14627e-18
3625.35 7.24464e-18 8.67309e-19
3628.21 6.55312e-17 7.84422e-18
3631.07 -4.21483e-17 -5.04462e-18
3633.94 4.436e-17 5.30869e-18
3636.8 1.22405e-16 1.46468e-17
3639.66 1.15674e-16 1.38399e-17
3642.52 9.11443e-20 1.09038e-20
3645.39 1.57581e-16 1.88498e-17
3648.25 3.27174e-17 3.91324e-18
3651.11 1.12522e-16 1.34571e-17
3653.98 4.09132e-17 4.89256e-18
3656.84 7.64192e-17 9.13766e-18
3659.7 -1.17674e-20 -1.40693e-21
3662.57 1.13797e-16 1.36046e-17
3665.43 1.37407e-16 1.64259e-17
3668.29 4.9277e-17 5.8902e-18
3671.16 -5.70344e-18 -6.81694e-19
3674.02 -3.2678e-18 -3.9055e-19
3676.88 1.04005e-17 1.24293e-18
3679.75 -5.67594e-17 -6.78266e-18
3682.61 -3.57949e-17 -4.27716e-18
3685.47 -3.63702e-18 -4.34565e-19
3688.33 -1.04495e-17 -1.24847e-18
3691.2 -9.89366e-18 -1.182e-18
3694.06 -1.82179e-17 -2.17639e-18
3696.92 2.99911e-17 3.5827e-18
3699.79 -1.24634e-18 -1.48879e-19
3702.65 -2.70695e-17 -3.2334e-18
3705.51 -3.95561e-17 -4.72472e-18
3708.38 8.79233e-17 1.05015e-17
3711.24 1.73775e-17 2.07549e-18
3714.1 -1.62021e-18 -1.93505e-19
3716.97 1.26221e-16 1.50744e-17
3719.83 1.17456e-16 1.40272e-17
3722.69 7.90081e-17 9.43538e-18
3725.56 5.62605e-17 6.71867e-18
3728.42 6.34256e-17 7.57421e-18
3731.28 -3.3001e-17 -3.94088e-18
3734.15 7.66515e-17 9.1534e-18
3737.01 8.83349e-17 1.05485e-17
3739.87 8.05878e-17 9.62333e-18
3742.73 -1.77601e-17 -2.1208e-18
3745.6 1.95752e-17 2.33755e-18
3748.46 4.81001e-17 5.74383e-18
3751.32 -2.95657e-18 -3.53058e-19
3754.19 7.52789e-17 8.98947e-18
3757.05 6.09522e-18 7.27872e-19
3759.91 -1.26017e-17 -1.50487e-18
3762.78 4.99769e-17 5.96824e-18
3765.64 5.30419e-17 6.33438e-18
3768.5 -1.32485e-17 -1.58219e-18
3771.37 -6.32916e-17 -7.55873e-18
3774.23 -1.90913e-17 -2.28007e-18
3777.09 2.71865e-17 3.24697e-18
3779.96 2.36966e-17 2.83024e-18
3782.82 8.87312e-18 1.05981e-18
3785.68 3.99726e-17 4.7745e-18
3788.54 -1.42953e-18 -1.70756e-19
3791.41 5.86567e-17 7.00674e-18
3794.27 7.11163e-17 8.49542e-18
3797.13 6.63089e-17 7.92147e-18
3800 3.76376e-17 4.49651e-18
3802.86 -2.05729e-17 -2.45793e-18
3805.72 -5.01364e-17 -5.99029e-18
3808.59 -2.87006e-17 -3.42932e-18
3811.45 1.45429e-17 1.73776e-18
3814.31 2.0099e-17 2.40181e-18
3817.18 5.24305e-17 6.26575e-18
3820.04 -1.41925e-17 -1.69618e-18
3822.9 5.8764e-17 7.02347e-18
3825.77 7.45416e-17 8.90977e-18
3828.63 4.08975e-17 4.88869e-18
3831.49 3.65327e-17 4.36723e-18
3834.35 9.27402e-17 1.10872e-17
3837.22 8.56945e-17 1.02456e-17
3840.08 9.42449e-17 1.12687e-17
3842.94 3.54332e-17 4.237e-18
3845.81 1.07344e-16 1.28368e-17
3848.67 9.43281e-18 1.12812e-18
3851.53 5.0099e-17 5.99208e-18
3854.4 5.33761e-17 6.38455e-18
3857.26 1.83786e-17 2.19852e-18
3860.12 2.68707e-17 3.21465e-18
3862.99 7.61163e-17 9.10689e-18
3865.85 2.49799e-17 2.98896e-18
3868.71 1.11384e-17 1.33288e-18
3871.58 1.23749e-17 1.48098e-18
3874.44 6.65456e-17 7.96465e-18
3877.3 -1.04401e-17 -1.24966e-18
3880.17 6.32849e-17 7.57581e-18
3883.03 2.62784e-17 3.14608e-18
3885.89 2.11337e-17 2.53039e-18
3888.75 2.66677e-17 3.19331e-18
3891.62 5.48399e-17 6.56744e-18
3894.48 6.43465e-17 7.70669e-18
3897.34 6.13791e-17 7.35204e-18
3900.21 6.96663e-17 8.34556e-18
3903.07 3.38006e-17 4.04951e-18
3905.93 7.37982e-17 8.84241e-18
3908.8 6.67415e-17 7.99774e-18
3911.66 7.52335e-17 9.01633e-18
3914.52 1.11914e-16 1.34138e-17
3917.39 5.53486e-17 6.6347e-18
3920.25 1.14429e-16 1.37183e-17
3923.11 6.27024e-17 7.51791e-18
3925.98 7.0729e-17 8.48125e-18
3928.84 8.72081e-17 1.04585e-17
3931.7 8.93265e-17 1.07138e-17
3934.56 8.78396e-17 1.05367e-17
3937.43 1.03925e-16 1.24677e-17
3940.29 1.1894e-16 1.42707e-17
3943.15 7.73213e-17 9.27831e-18
3946.02 7.75079e-17 9.30183e-18
3948.88 7.24876e-17 8.70039e-18
3951.74 7.17635e-17 8.61454e-18
3954.61 4.94957e-17 5.94224e-18
3957.47 8.9833e-17 1.07863e-17
3960.33 1.25522e-16 1.50734e-17
3963.2 8.39262e-17 1.00796e-17
3966.06 7.97735e-17 9.58207e-18
3968.92 6.27932e-17 7.54342e-18
3971.79 9.23988e-17 1.11014e-17
3974.65 5.578e-17 6.70264e-18
3977.51 9.1121e-17 1.09507e-17
3980.37 3.29987e-17 3.96622e-18
3983.24 8.03564e-17 9.65956e-18
3986.1 8.57753e-17 1.03123e-17
3988.96 9.87189e-17 1.187e-17
3991.83 8.48862e-17 1.02081e-17
3994.69 8.06681e-17 9.70213e-18
3997.55 3.80656e-17 4.57884e-18
4000.42 8.11475e-17 9.7624e-18
4003.28 8.63378e-17 1.03882e-17
4006.14 5.40062e-17 6.49892e-18
4009.01 8.08264e-17 9.72768e-18
4011.87 6.27647e-17 7.55492e-18
4014.73 4.72359e-17 5.68651e-18
4017.6 7.10522e-17 8.5548e-18
4020.46 6.53877e-17 7.87385e-18
4023.32 3.9172e-17 4.71765e-18
4026.19 8.41847e-17 1.01401e-17
4029.05 5.46252e-17 6.58054e-18
4031.91 6.42578e-17 7.74201e-18
4034.77 8.82739e-17 1.0637e-17
4037.64 7.43242e-17 8.95728e-18
4040.5 7.5499e-17 9.10011e-18
4043.36 7.57894e-17 9.13636e-18
4046.23 1.01729e-16 1.2265e-17
4049.09 6.14892e-17 7.41451e-18
4051.95 1.28323e-17 1.54756e-18
4054.82 4.19682e-17 5.06201e-18
4057.68 8.87428e-17 1.07052e-17
4060.54 3.01884e-17 3.64218e-18
4063.41 2.77013e-18 3.34257e-19
4066.27 4.07674e-17 4.91986e-18
4069.13 7.97671e-17 9.6277e-18
4072 5.65739e-17 6.82926e-18
4074.86 5.26168e-17 6.35245e-18
4077.72 8.08087e-17 9.75738e-18
4080.58 8.13392e-17 9.82277e-18
4083.45 1.04533e-16 1.26254e-17
4086.31 6.26891e-17 7.57256e-18
4089.17 5.30217e-17 6.40564e-18
4092.04 1.92383e-17 2.32453e-18
4094.9 5.48578e-17 6.62924e-18
4097.76 2.65098e-17 3.20398e-18
4100.63 5.39705e-17 6.52375e-18
4103.49 4.53954e-17 5.48795e-18
4106.35 4.02529e-17 4.8669e-18
4109.22 4.68697e-17 5.66766e-18
4112.08 -7.78289e-18 -9.4126e-19
4114.94 1.06142e-16 1.28384e-17
4117.81 4.69205e-17 5.67602e-18
4120.67 6.31209e-17 7.63677e-18
4123.53 4.82586e-17 5.83938e-18
4126.39 3.07105e-17 3.7165e-18
4129.26 6.74191e-17 8.15991e-18
4132.12 7.46133e-17 9.03178e-18
4134.98 5.14643e-17 6.23043e-18
4137.85 1.60747e-17 1.9463e-18
4140.71 3.72843e-17 4.51487e-18
4143.57 6.27284e-17 7.5969e-18
4146.44 6.17241e-17 7.47619e-18
4149.3 5.31675e-17 6.44057e-18
4152.16 8.1413e-17 9.86334e-18
4155.03 4.29345e-17 5.20222e-18
4157.89 3.30498e-17 4.00499e-18
4160.75 2.89635e-17 3.51022e-18
4163.62 4.92221e-17 5.96616e-18
4166.48 6.23188e-17 7.55446e-18
4169.34 6.36477e-17 7.71643e-18
4172.21 4.10035e-17 4.97169e-18
4175.07 4.33522e-17 5.25706e-18
4177.93 6.58806e-17 7.98982e-18
4180.79 4.52406e-17 5.48726e-18
4183.66 3.37869e-17 4.09848e-18
4186.52 4.32569e-17 5.24779e-18
4189.38 4.29654e-17 5.21297e-18
4192.25 4.01447e-17 4.87125e-18
4195.11 8.00531e-17 9.71483e-18
4197.97 7.60297e-18 9.22751e-19
4200.84 4.12642e-17 5.00863e-18
4203.7 4.27203e-17 5.18588e-18
4206.56 6.11962e-17 7.42942e-18
4209.43 4.83652e-17 5.87227e-18
4212.29 3.81556e-17 4.63311e-18
4215.15 3.85602e-17 4.68267e-18
4218.02 4.90193e-17 5.95336e-18
4220.88 8.00555e-17 9.72356e-18
4223.74 5.19209e-17 6.30688e-18
4226.6 6.909e-17 8.39316e-18
4229.47 4.81469e-17 5.84947e-18
4232.33 3.2104e-17 3.90071e-18
4235.19 1.89906e-17 2.30759e-18
4238.06 8.60312e-18 1.04547e-18
4240.92 1.33731e-18 1.62526e-19
4243.78 5.18676e-17 6.30405e-18
4246.65 4.78136e-17 5.81176e-18
4249.51 6.20039e-17 7.53716e-18
4252.37 2.12042e-17 2.57775e-18
4255.24 1.95606e-17 2.37812e-18
4258.1 4.55179e-17 5.5343e-18
4260.96 3.14551e-17 3.82473e-18
4263.83 7.89378e-18 9.59892e-19
4266.69 3.73456e-17 4.54155e-18
4269.55 7.51711e-17 9.14202e-18
4272.41 4.40599e-17 5.35871e-18
4275.28 3.22795e-17 3.92616e-18
4278.14 4.80916e-17 5.84971e-18
4281 4.57628e-17 5.56674e-18
4283.87 4.89928e-17 5.95995e-18
4286.73 7.33042e-17 8.91784e-18
4289.59 2.88743e-17 3.51288e-18
4292.46 4.7301e-17 5.75493e-18
4295.32 6.56955e-17 7.99327e-18
4298.18 4.5825e-17 5.57582e-18
4301.05 3.45111e-17 4.19934e-18
4303.91 4.66748e-17 5.67963e-18
4306.77 3.57268e-17 4.34757e-18
4309.64 4.22599e-17 5.14273e-18
4312.5 5.00238e-17 6.08772e-18
4315.36 4.65497e-18 5.66508e-19
4318.23 4.09458e-17 4.98321e-18
4321.09 4.6327e-17 5.63823e-18
4323.95 1.11057e-17 1.35165e-18
4326.81 3.27668e-17 3.98803e-18
4329.68 3.41406e-17 4.15529e-18
4332.54 4.85693e-17 5.91149e-18
4335.4 3.24874e-17 3.95415e-18
4338.27 2.11661e-17 2.57621e-18
4341.13 5.59555e-17 6.81061e-18
4343.99 2.65277e-17 3.22881e-18
4346.86 5.2767e-17 6.42252e-18
4349.72 5.59505e-17 6.80996e-18
4352.58 2.53123e-17 3.08084e-18
4355.45 5.99897e-17 7.30147e-18
4358.31 7.40359e-17 9.01095e-18
4361.17 4.90368e-17 5.96821e-18
4364.04 4.8561e-17 5.91019e-18
4366.9 4.45856e-17 5.42624e-18
4369.76 2.08818e-17 2.54134e-18
4372.62 4.94957e-17 6.02352e-18
4375.49 2.59737e-17 3.16085e-18
4378.35 4.86435e-17 5.91946e-18
4381.21 3.69435e-17 4.49552e-18
4384.08 2.94585e-17 3.58457e-18
4386.94 4.46169e-17 5.42886e-18
4389.8 4.55408e-17 5.54105e-18
4392.67 3.5398e-17 4.30676e-18
4395.53 6.30896e-17 7.67554e-18
4398.39 4.31223e-17 5.24604e-18
4401.26 5.15471e-17 6.27064e-18
4404.12 8.56619e-17 1.04201e-17
4406.98 9.07368e-17 1.10369e-17
4409.85 7.77159e-17 9.45244e-18
4412.71 9.26751e-17 1.12712e-17
4415.57 5.3011e-17 6.44682e-18
4418.43 6.32933e-17 7.69678e-18
4421.3 5.16819e-17 6.28435e-18
4424.16 3.90838e-17 4.75212e-18
4427.02 7.68962e-17 9.34899e-18
4429.89 6.30997e-17 7.67105e-18
4432.75 8.88131e-17 1.07962e-17
4435.61 7.24984e-17 8.81228e-18
4438.48 7.2926e-17 8.86354e-18
4441.34 1.04328e-16 1.26791e-17
4444.2 7.85813e-17 9.54929e-18
4447.07 8.25015e-17 1.00248e-17
4449.93 5.8271e-17 7.07991e-18
4452.79 8.48219e-17 1.03049e-17
4455.66 7.07325e-17 8.5924e-18
4458.52 6.43872e-17 7.82085e-18
4461.38 5.23606e-17 6.35942e-18
4464.24 7.1938e-17 8.73632e-18
4467.11 6.39463e-17 7.765e-18
4469.97 1.05027e-16 1.27521e-17
4472.83 7.3973e-17 8.9807e-18
4475.7 7.1728e-17 8.70723e-18
4478.56 1.02818e-16 1.248e-17
4481.42 1.06304e-16 1.29017e-17
4484.29 9.0087e-17 1.09323e-17
4487.15 7.24119e-17 8.7864e-18
4490.01 9.08046e-17 1.10169e-17
4492.88 6.87403e-17 8.33898e-18
4495.74 1.25982e-16 1.52813e-17
4498.6 1.15104e-16 1.39602e-17
4501.47 1.14564e-16 1.3893e-17
4504.33 1.18946e-16 1.44226e-17
4507.19 1.18912e-16 1.44168e-17
4510.06 7.3e-17 8.84934e-18
4512.92 1.13265e-16 1.37287e-17
4515.78 1.18331e-16 1.43409e-17
4518.64 9.32455e-17 1.12993e-17
4521.51 1.14321e-16 1.38514e-17
4524.37 1.16169e-16 1.40735e-17
4527.23 8.97792e-17 1.0875e-17
4530.1 1.04732e-16 1.26846e-17
4532.96 8.73465e-17 1.05775e-17
4535.82 1.03823e-16 1.25711e-17
4538.69 7.58724e-17 9.18552e-18
4541.55 8.17346e-17 9.89387e-18
4544.41 1.08385e-16 1.3118e-17
4547.28 9.49311e-17 1.14881e-17
4550.14 9.1589e-17 1.10821e-17
4553 9.56001e-17 1.15658e-17
4555.87 9.55683e-17 1.15603e-17
4558.73 1.03047e-16 1.24632e-17
4561.59 9.34813e-17 1.13046e-17
4564.45 9.75912e-17 1.17999e-17
4567.32 6.26927e-17 7.57916e-18
4570.18 6.26612e-17 7.57424e-18
4573.04 9.08684e-17 1.09822e-17
4575.91 9.27389e-17 1.12066e-17
4578.77 9.43856e-17 1.14039e-17
4581.63 1.23693e-16 1.49426e-17
4584.5 9.1768e-17 1.10843e-17
4587.36 1.07417e-16 1.29725e-17
4590.22 1.12985e-16 1.36429e-17
4593.09 1.21811e-16 1.47064e-17
4595.95 8.71225e-17 1.05168e-17
4598.81 7.91927e-17 9.55811e-18
4601.68 1.16118e-16 1.40126e-17
4604.54 1.26898e-16 1.53112e-17
4607.4 9.36368e-17 1.12962e-17
4610.26 1.36779e-16 1.64982e-17
4613.13 1.42998e-16 1.72457e-17
4615.99 1.10316e-16 1.33021e-17
4618.85 1.27926e-16 1.54232e-17
4621.72 1.13878e-16 1.37274e-17
4624.58 1.19177e-16 1.43639e-17
4627.44 1.25965e-16 1.51796e-17
4630.31 1.35035e-16 1.627e-17
4633.17 1.51777e-16 1.82844e-17
4636.03 1.0754e-16 1.29531e-17
4638.9 1.24225e-16 1.49605e-17
4641.76 1.30517e-16 1.57157e-17
4644.62 1.54509e-16 1.86017e-17
4647.49 1.36448e-16 1.64247e-17
4650.35 1.50958e-16 1.81685e-17
4653.21 1.5903e-16 1.91369e-17
4656.08 1.47188e-16 1.77091e-17
4658.94 1.48908e-16 1.79132e-17
4661.8 1.78815e-16 2.15075e-17
4664.66 1.60025e-16 1.92445e-17
4667.53 1.38141e-16 1.66101e-17
4670.39 1.31754e-16 1.58396e-17
4673.25 1.61276e-16 1.93857e-17
4676.12 1.48048e-16 1.77928e-17
4678.98 1.57195e-16 1.88892e-17
4681.84 1.58827e-16 1.90823e-17
4684.71 1.65204e-16 1.98454e-17
4687.57 1.78347e-16 2.14208e-17
4690.43 1.59016e-16 1.90961e-17
4693.3 1.53974e-16 1.84877e-17
4696.16 1.60869e-16 1.93125e-17
4699.02 1.61428e-16 1.93766e-17
4701.89 1.56817e-16 1.88203e-17
4704.75 1.44465e-16 1.73352e-17
4707.61 1.48868e-16 1.78608e-17
4710.47 1.51959e-16 1.82288e-17
4713.34 1.64069e-16 1.96785e-17
4716.2 1.35044e-16 1.61948e-17
4719.06 1.32158e-16 1.58463e-17
4721.93 1.30172e-16 1.56058e-17
4724.79 1.37472e-16 1.64785e-17
4727.65 1.05702e-16 1.26684e-17
4730.52 1.25291e-16 1.50138e-17
4733.38 1.12826e-16 1.35182e-17
4736.24 1.0802e-16 1.29404e-17
4739.11 1.24698e-16 1.49362e-17
4741.97 1.19075e-16 1.42606e-17
4744.83 1.40257e-16 1.67949e-17
4747.7 1.13591e-16 1.35999e-17
4750.56 1.23401e-16 1.47723e-17
4753.42 1.02162e-16 1.2228e-17
4756.28 9.81906e-17 1.1751e-17
4759.15 1.02552e-16 1.22712e-17
4762.01 1.12759e-16 1.34906e-17
4764.87 1.03013e-16 1.23229e-17
4767.74 1.02051e-16 1.22062e-17
4770.6 1.02243e-16 1.22275e-17
4773.46 1.29418e-16 1.54753e-17
4776.33 1.09325e-16 1.30709e-17
4779.19 1.00365e-16 1.1998e-17
4782.05 1.04052e-16 1.24371e-17
4784.92 1.14331e-16 1.3664e-17
4787.78 9.82862e-17 1.17449e-17
4790.64 1.15414e-16 1.37899e-17
4793.51 9.23324e-17 1.10306e-17
4796.37 1.04934e-16 1.25345e-17
4799.23 9.14792e-17 1.09259e-17
4802.09 9.17042e-17 1.09514e-17
4804.96 1.23082e-16 1.46968e-17
4807.82 1.23554e-16 1.47513e-17
4810.68 1.1326e-16 1.35206e-17
4813.55 8.65742e-17 1.03337e-17
4816.41 1.16221e-16 1.38708e-17
4819.27 1.12061e-16 1.33727e-17
4822.14 1.15287e-16 1.3756e-17
4825 1.28419e-16 1.53211e-17
4827.86 1.18604e-16 1.41485e-17
4830.73 8.90885e-17 1.06263e-17
4833.59 1.11804e-16 1.33342e-17
4836.45 1.31314e-16 1.56593e-17
4839.32 9.7778e-17 1.16588e-17
4842.18 1.02796e-16 1.22558e-17
4845.04 1.14847e-16 1.3691e-17
4847.91 1.28234e-16 1.52852e-17
4850.77 8.92898e-17 1.0642e-17
4853.63 1.16105e-16 1.38365e-17
4856.49 8.80165e-17 1.0488e-17
4859.36 8.58731e-17 1.02315e-17
4862.22 1.17707e-16 1.40229e-17
4865.08 1.16075e-16 1.38271e-17
4867.95 1.05027e-16 1.25097e-17
4870.81 1.02252e-16 1.21779e-17
4873.67 1.09561e-16 1.30471e-17
4876.54 1.08865e-16 1.29629e-17
4879.4 1.05585e-16 1.25711e-17
4882.26 1.07537e-16 1.28022e-17
4885.13 9.41917e-17 1.12124e-17
4887.99 8.07647e-17 9.61314e-18
4890.85 1.14488e-16 1.36258e-17
4893.72 8.3675e-17 9.95763e-18
4896.58 9.90416e-17 1.17852e-17
4899.44 9.43888e-17 1.12305e-17
4902.3 1.01794e-16 1.21105e-17
4905.17 9.85917e-17 1.17284e-17
4908.03 9.78407e-17 1.1638e-17
4910.89 9.80404e-17 1.16607e-17
4913.76 1.00626e-16 1.19672e-17
4916.62 7.46335e-17 8.87515e-18
4919.48 9.59111e-17 1.14044e-17
4922.35 9.59144e-17 1.14038e-17
4925.21 6.4556e-17 7.67476e-18
4928.07 6.685e-17 7.94681e-18
4930.94 9.00197e-17 1.07002e-17
4933.8 6.59008e-17 7.83264e-18
4936.66 5.65648e-17 6.72245e-18
4939.53 8.52246e-17 1.01277e-17
4942.39 8.80197e-17 1.0459e-17
4945.25 8.56155e-17 1.01725e-17
4948.11 6.00553e-17 7.13496e-18
4950.98 9.09879e-17 1.08091e-17
4953.84 7.83798e-17 9.31056e-18
4956.7 5.25968e-17 6.24737e-18
4959.57 7.18434e-17 8.53279e-18
4962.43 8.73711e-17 1.03762e-17
4965.29 7.27551e-17 8.63975e-18
4968.16 8.30194e-17 9.85791e-18
4971.02 7.15608e-17 8.49665e-18
4973.88 9.89306e-17 1.17455e-17
4976.75 7.3318e-17 8.70401e-18
4979.61 5.39857e-17 6.4085e-18
4982.47 7.62595e-17 9.05191e-18
4985.34 7.51566e-17 8.92036e-18
4988.2 8.87649e-17 1.05348e-17
4991.06 9.60608e-17 1.13999e-17
4993.93 8.15861e-17 9.68146e-18
4996.79 8.33248e-17 9.88711e-18
4999.65 1.00655e-16 1.19427e-17
5002.51 8.30969e-17 9.85874e-18
5005.38 9.83128e-17 1.16632e-17
5008.24 1.03429e-16 1.22694e-17
5011.1 9.16504e-17 1.08714e-17
5013.97 1.09715e-16 1.30133e-17
5016.83 1.01684e-16 1.206e-17
5019.69 1.21802e-16 1.44451e-17
5022.56 1.08304e-16 1.28436e-17
5025.42 9.04988e-17 1.07314e-17
5028.28 1.09272e-16 1.29567e-17
5031.15 1.30666e-16 1.54925e-17
5034.01 1.04553e-16 1.23957e-17
5036.87 8.59953e-17 1.01949e-17
5039.74 9.19205e-17 1.08967e-17
5042.6 9.06756e-17 1.07485e-17
5045.46 8.99536e-17 1.06623e-17
5048.32 9.35057e-17 1.10827e-17
5051.19 1.0196e-16 1.20841e-17
5054.05 7.34215e-17 8.70125e-18
5056.91 8.14813e-17 9.65589e-18
5059.78 8.19967e-17 9.71642e-18
5062.64 8.37778e-17 9.92694e-18
5065.5 8.66727e-17 1.02693e-17
5068.37 9.60706e-17 1.13823e-17
5071.23 5.45967e-17 6.4682e-18
5074.09 7.54722e-17 8.94089e-18
5076.96 7.55831e-17 8.95357e-18
5079.82 7.63034e-17 9.03843e-18
5082.68 8.02423e-17 9.50452e-18
5085.55 7.4555e-17 8.83043e-18
5088.41 9.21486e-17 1.09137e-17
5091.27 9.25466e-17 1.09603e-17
5094.13 1.05659e-16 1.25127e-17
5097 8.3057e-17 9.83548e-18
5099.86 6.72454e-17 7.96272e-18
5102.72 8.92632e-17 1.05694e-17
5105.59 8.71542e-17 1.03192e-17
5108.45 9.20698e-17 1.09007e-17
5111.31 8.89226e-17 1.05276e-17
5114.18 6.60016e-17 7.81361e-18
5117.04 9.60814e-17 1.13741e-17
5119.9 8.98521e-17 1.06362e-17
5122.77 1.02553e-16 1.21391e-17
5125.63 8.71177e-17 1.03116e-17
5128.49 1.0657e-16 1.26135e-17
5131.36 7.92698e-17 9.38188e-18
5134.22 8.64817e-17 1.0235e-17
5137.08 7.91651e-17 9.3687e-18
5139.94 9.21439e-17 1.09042e-17
5142.81 9.08852e-17 1.07548e-17
5145.67 1.03522e-16 1.22496e-17
5148.53 8.6334e-17 1.02154e-17
5151.4 1.06069e-16 1.255e-17
5154.26 9.89311e-17 1.1705e-17
5157.12 8.43814e-17 9.98317e-18
5159.99 9.95001e-17 1.17714e-17
5162.85 1.03e-16 1.2185e-17
5165.71 1.12209e-16 1.32739e-17
5168.58 1.02744e-16 1.21538e-17
5171.44 9.83048e-17 1.16282e-17
5174.3 1.14722e-16 1.35697e-17
5177.17 1.19931e-16 1.41852e-17
5180.03 1.24366e-16 1.47093e-17
5182.89 1.11791e-16 1.32215e-17
5185.76 1.28349e-16 1.51792e-17
5188.62 1.03611e-16 1.22532e-17
5191.48 1.2875e-16 1.52256e-17
5194.34 1.3017e-16 1.5393e-17
5197.21 1.41047e-16 1.66786e-17
5200.07 1.37431e-16 1.62505e-17
5202.93 1.47411e-16 1.743e-17
5205.8 1.49691e-16 1.76989e-17
5208.66 1.30941e-16 1.54815e-17
5211.52 1.42932e-16 1.68987e-17
5214.39 1.42809e-16 1.68836e-17
5217.25 1.45192e-16 1.71646e-17
5220.11 1.06111e-16 1.25441e-17
5222.98 1.31162e-16 1.55051e-17
5225.84 1.51558e-16 1.79156e-17
5228.7 1.54201e-16 1.82274e-17
5231.57 1.58652e-16 1.87529e-17
5234.43 1.52596e-16 1.80366e-17
5237.29 1.61543e-16 1.90935e-17
5240.15 1.71216e-16 2.02362e-17
5243.02 1.84953e-16 2.18591e-17
5245.88 1.79792e-16 2.12485e-17
5248.74 1.70294e-16 2.01253e-17
5251.61 1.55792e-16 1.84109e-17
5254.47 1.47823e-16 1.74687e-17
5257.33 1.52441e-16 1.80139e-17
5260.2 1.76622e-16 2.08707e-17
5263.06 1.92283e-16 2.27206e-17
5265.92 1.55989e-16 1.84315e-17
5268.79 1.72477e-16 2.03791e-17
5271.65 1.49767e-16 1.76952e-17
5274.51 1.86913e-16 2.20835e-17
5277.38 1.86392e-16 2.20214e-17
5280.24 1.67698e-16 1.98122e-17
5283.1 1.89164e-16 2.23476e-17
5285.96 1.81071e-16 2.13909e-17
5288.83 1.65163e-16 1.9511e-17
5291.69 1.77788e-16 2.10019e-17
5294.55 1.92271e-16 2.27121e-17
5297.42 1.79447e-16 2.11967e-17
5300.28 1.98049e-16 2.33934e-17
5303.14 1.98482e-16 2.34439e-17
5306.01 1.76476e-16 2.0844e-17
5308.87 1.92411e-16 2.27256e-17
5311.73 1.87896e-16 2.21917e-17
5314.6 2.08993e-16 2.46827e-17
5317.46 1.88768e-16 2.22935e-17
5320.32 1.80737e-16 2.13445e-17
5323.19 2.12724e-16 2.51214e-17
5326.05 2.00815e-16 2.37143e-17
5328.91 2.0126e-16 2.37663e-17
5331.78 1.86652e-16 2.20407e-17
5334.64 2.02689e-16 2.39337e-17
5337.5 1.96714e-16 2.32276e-17
5340.36 1.88877e-16 2.23017e-17
5343.23 2.08426e-16 2.46093e-17
5346.09 1.91062e-16 2.25584e-17
5348.95 2.00311e-16 2.36499e-17
5351.82 2.17678e-16 2.56996e-17
5354.68 1.99969e-16 2.36082e-17
5357.54 2.12259e-16 2.50586e-17
5360.41 1.99434e-16 2.35439e-17
5363.27 2.13058e-16 2.51516e-17
5366.13 2.18652e-16 2.58113e-17
5369 1.99628e-16 2.35649e-17
5371.86 2.0319e-16 2.39848e-17
5374.72 2.06207e-16 2.43403e-17
5377.59 2.13716e-16 2.5226e-17
5380.45 1.87534e-16 2.2135e-17
5383.31 2.17399e-16 2.56593e-17
5386.17 2.28744e-16 2.69977e-17
5389.04 2.05408e-16 2.42428e-17
5391.9 1.98508e-16 2.34278e-17
5394.76 2.3189e-16 2.73668e-17
5397.63 2.34127e-16 2.76301e-17
5400.49 2.17004e-16 2.56087e-17
5403.35 2.34325e-16 2.7652e-17
5406.22 2.18636e-16 2.57999e-17
5409.08 2.0882e-16 2.4641e-17
5411.94 2.24619e-16 2.65046e-17
5414.81 2.06409e-16 2.43551e-17
5417.67 2.22091e-16 2.62048e-17
5420.53 2.07973e-16 2.45384e-17
5423.4 2.00702e-16 2.36798e-17
5426.26 2.11207e-16 2.49186e-17
5429.12 2.16922e-16 2.55922e-17
5431.98 2.14848e-16 2.53468e-17
5434.85 2.21316e-16 2.61092e-17
5437.71 2.0032e-16 2.36316e-17
5440.57 1.95496e-16 2.30618e-17
5443.44 2.15755e-16 2.5451e-17
5446.3 2.04308e-16 2.41e-17
5449.16 2.25975e-16 2.66551e-17
5452.03 1.97268e-16 2.32683e-17
5454.89 1.97049e-16 2.32418e-17
5457.75 2.00264e-16 2.36203e-17
5460.62 2.25595e-16 2.66072e-17
5463.48 1.88594e-16 2.22426e-17
5466.34 1.91025e-16 2.25288e-17
5469.21 1.99119e-16 2.34825e-17
5472.07 1.90782e-16 2.24987e-17
5474.93 2.08263e-16 2.45595e-17
5477.79 2.1255e-16 2.50643e-17
5480.66 2.13518e-16 2.51777e-17
5483.52 2.27145e-16 2.67838e-17
5486.38 2.24348e-16 2.64532e-17
5489.25 2.02938e-16 2.3928e-17
5492.11 2.14822e-16 2.53285e-17
5494.97 2.30308e-16 2.71535e-17
5497.84 2.34031e-16 2.75917e-17
5500.7 2.45209e-16 2.89086e-17
5503.56 2.36827e-16 2.79196e-17
5506.43 2.40125e-16 2.83076e-17
5509.29 2.31021e-16 2.72335e-17
5512.15 2.43424e-16 2.86947e-17
5515.02 2.48446e-16 2.92858e-17
5517.88 2.63619e-16 3.10734e-17
5520.74 2.62723e-16 3.09668e-17
5523.61 2.53653e-16 2.98969e-17
5526.47 2.76886e-16 3.26342e-17
5529.33 2.68365e-16 3.16289e-17
5532.19 2.6586e-16 3.13327e-17
5535.06 2.82106e-16 3.32464e-17
5537.92 3.00833e-16 3.54523e-17
5540.78 2.99083e-16 3.52449e-17
5543.65 3.01429e-16 3.55203e-17
5546.51 2.99758e-16 3.53223e-17
5549.37 3.08524e-16 3.63541e-17
5552.24 3.06841e-16 3.61547e-17
5555.1 2.93155e-16 3.4541e-17
5557.96 3.05493e-16 3.59936e-17
5560.83 3.06231e-16 3.60794e-17
5563.69 3.08338e-16 3.63266e-17
5566.55 2.73225e-16 3.21888e-17
5569.42 2.93808e-16 3.46126e-17
5572.28 3.08083e-16 3.62931e-17
5575.14 2.97673e-16 3.50657e-17
5578 3.20669e-16 3.77735e-17
5580.87 3.39472e-16 3.99871e-17
5583.73 2.97443e-16 3.50353e-17
5586.59 3.18234e-16 3.74831e-17
5589.46 3.27271e-16 3.85463e-17
5592.32 3.09111e-16 3.64063e-17
5595.18 3.33047e-16 3.92242e-17
5598.05 3.29254e-16 3.87763e-17
5600.91 3.35179e-16 3.94729e-17
5603.77 3.11943e-16 3.67353e-17
5606.64 3.02496e-16 3.56217e-17
5609.5 3.21223e-16 3.78258e-17
5612.36 3.31007e-16 3.89767e-17
5615.23 3.29625e-16 3.88128e-17
5618.09 3.12309e-16 3.67727e-17
5620.95 3.32457e-16 3.91438e-17
5623.81 3.11237e-16 3.66443e-17
5626.68 3.15051e-16 3.70922e-17
5629.54 3.24675e-16 3.82241e-17
5632.4 3.00381e-16 3.53629e-17
5635.27 3.09594e-16 3.64464e-17
5638.13 2.93727e-16 3.45774e-17
5640.99 2.98721e-16 3.51643e-17
5643.86 2.95662e-16 3.48031e-17
5646.72 2.89758e-16 3.41071e-17
5649.58 3.14277e-16 3.69921e-17
5652.45 3.13373e-16 3.68846e-17
5655.31 3.20749e-16 3.77516e-17
5658.17 3.2587e-16 3.83533e-17
5661.04 3.39684e-16 3.9978e-17
5663.9 3.27474e-16 3.85398e-17
5666.76 3.11727e-16 3.66854e-17
5669.62 3.26208e-16 3.83885e-17
5672.49 3.06287e-16 3.60431e-17
5675.35 3.48742e-16 4.10379e-17
5678.21 3.25812e-16 3.83386e-17
5681.08 3.43199e-16 4.03834e-17
5683.94 3.35614e-16 3.94897e-17
5686.8 3.48971e-16 4.10602e-17
5689.67 3.40006e-16 4.00042e-17
5692.53 3.5189e-16 4.14013e-17
5695.39 3.44488e-16 4.05293e-17
5698.26 3.34463e-16 3.93487e-17
5701.12 3.32389e-16 3.91036e-17
5703.98 3.67751e-16 4.32626e-17
5706.85 3.7854e-16 4.45306e-17
5709.71 3.65027e-16 4.29398e-17
5712.57 3.78198e-16 4.44879e-17
5715.44 3.72248e-16 4.37868e-17
5718.3 3.57094e-16 4.20032e-17
5721.16 3.96535e-16 4.66412e-17
5724.02 3.48736e-16 4.10179e-17
5726.89 3.577e-16 4.20711e-17
5729.75 3.56171e-16 4.18902e-17
5732.61 3.70933e-16 4.36253e-17
5735.48 3.61909e-16 4.25628e-17
5738.34 3.75054e-16 4.41076e-17
5741.2 3.58918e-16 4.22089e-17
5744.07 3.53925e-16 4.16207e-17
5746.93 3.32321e-16 3.90792e-17
5749.79 3.56353e-16 4.19041e-17
5752.66 3.781e-16 4.44603e-17
5755.52 3.75236e-16 4.41225e-17
5758.38 3.62814e-16 4.26608e-17
5761.25 3.52304e-16 4.1424e-17
5764.11 3.56349e-16 4.18986e-17
5766.97 3.34067e-16 3.92778e-17
5769.83 3.47725e-16 4.08827e-17
5772.7 3.24671e-16 3.81713e-17
5775.56 2.99492e-16 3.52103e-17
5778.42 3.28907e-16 3.86676e-17
5781.29 3.26315e-16 3.8362e-17
5784.15 3.15453e-16 3.70842e-17
5787.01 3.06121e-16 3.59864e-17
5789.88 3.05439e-16 3.59055e-17
5792.74 2.91555e-16 3.42726e-17
5795.6 2.94655e-16 3.46363e-17
5798.47 3.14014e-16 3.69112e-17
5801.33 3.01393e-16 3.54269e-17
5804.19 2.97325e-16 3.4948e-17
5807.06 2.83684e-16 3.33439e-17
5809.92 3.06622e-16 3.60393e-17
5812.78 3.18361e-16 3.74184e-17
5815.65 2.89307e-16 3.40029e-17
5818.51 2.8808e-16 3.3858e-17
5821.37 3.05906e-16 3.59525e-17
5824.23 3.12097e-16 3.66794e-17
5827.1 3.07086e-16 3.60898e-17
5829.96 3.11108e-16 3.65618e-17
5832.82 3.02394e-16 3.55372e-17
5835.69 2.94702e-16 3.46326e-17
5838.55 2.96341e-16 3.48246e-17
5841.41 3.08041e-16 3.6199e-17
5844.28 2.89032e-16 3.39646e-17
5847.14 2.79801e-16 3.28793e-17
5850 3.21866e-16 3.78218e-17
5852.87 3.05937e-16 3.59494e-17
5855.73 3.03288e-16 3.56376e-17
5858.59 2.88534e-16 3.39035e-17
5861.46 2.92694e-16 3.43918e-17
5864.32 2.68973e-16 3.16041e-17
5867.18 2.67625e-16 3.14453e-17
5870.04 2.89772e-16 3.40471e-17
5872.91 2.88688e-16 3.39193e-17
5875.77 2.81169e-16 3.30354e-17
5878.63 2.89767e-16 3.40452e-17
5881.5 2.86024e-16 3.3605e-17
5884.36 2.86773e-16 3.36926e-17
5887.22 2.81923e-16 3.31224e-17
5890.09 2.56707e-16 3.01596e-17
5892.95 2.80989e-16 3.3012e-17
5895.81 2.83913e-16 3.33552e-17
5898.68 2.72445e-16 3.20076e-17
5901.54 2.62836e-16 3.08784e-17
5904.4 2.75452e-16 3.23603e-17
5907.27 2.70025e-16 3.17224e-17
5910.13 2.79511e-16 3.28366e-17
5912.99 2.89993e-16 3.40678e-17
5915.85 2.57835e-16 3.02897e-17
5918.72 2.6524e-16 3.11594e-17
5921.58 2.93762e-16 3.45098e-17
5924.44 2.93765e-16 3.45099e-17
5927.31 2.43401e-16 2.85933e-17
5930.17 2.73374e-16 3.21142e-17
5933.03 2.86923e-16 3.37056e-17
5935.9 2.36169e-16 2.77433e-17
5938.76 2.37572e-16 2.7908e-17
5941.62 2.5599e-16 3.00715e-17
5944.49 2.82751e-16 3.3215e-17
5947.35 2.72103e-16 3.19641e-17
5950.21 2.47117e-16 2.9029e-17
5953.08 2.6582e-16 3.12259e-17
5955.94 2.5215e-16 2.96201e-17
5958.8 2.52256e-16 2.96325e-17
5961.67 2.52766e-16 2.96924e-17
5964.53 2.77435e-16 3.25902e-17
5967.39 2.48058e-16 2.91394e-17
5970.25 2.53946e-16 2.9831e-17
5973.12 2.52332e-16 2.96415e-17
5975.98 2.51164e-16 2.95043e-17
5978.84 2.53986e-16 2.98359e-17
5981.71 2.53183e-16 2.97416e-17
5984.57 2.33552e-16 2.74357e-17
5987.43 2.42446e-16 2.84806e-17
5990.3 2.47041e-16 2.90205e-17
5993.16 2.54507e-16 2.98976e-17
5996.02 2.31409e-16 2.71844e-17
5998.89 2.40371e-16 2.82374e-17
6001.75 2.55084e-16 2.99659e-17
6004.61 2.27881e-16 2.67704e-17
6007.48 2.28832e-16 2.68824e-17
6010.34 2.09574e-16 2.46202e-17
6013.2 2.28602e-16 2.68558e-17
6016.06 2.27007e-16 2.66686e-17
6018.93 2.2928e-16 2.69359e-17
6021.79 2.32445e-16 2.7308e-17
6024.65 2.23812e-16 2.6294e-17
6027.52 2.31596e-16 2.72088e-17
6030.38 2.19291e-16 2.57634e-17
6033.24 2.24004e-16 2.63175e-17
6036.11 2.34209e-16 2.75167e-17
6038.97 2.38059e-16 2.79695e-17
6041.83 2.11118e-16 2.48045e-17
6044.7 2.16321e-16 2.54162e-17
6047.56 2.23187e-16 2.62232e-17
6050.42 2.5724e-16 3.02247e-17
6053.29 2.35094e-16 2.76231e-17
6056.15 2.34657e-16 2.75721e-17
6059.01 2.15385e-16 2.53081e-17
6061.88 2.3714e-16 2.78648e-17
6064.74 2.25037e-16 2.64432e-17
6067.6 2.00206e-16 2.35259e-17
6070.46 2.18844e-16 2.57164e-17
6073.33 2.15965e-16 2.53786e-17
6076.19 2.09594e-16 2.46305e-17
6079.05 2.20365e-16 2.58968e-17
6081.92 2.12508e-16 2.4974e-17
6084.78 2.11455e-16 2.48507e-17
6087.64 2.14818e-16 2.52465e-17
6090.51 2.18332e-16 2.56601e-17
6093.37 2.41255e-16 2.83549e-17
6096.23 2.26778e-16 2.66541e-17
6099.1 2.1253e-16 2.49801e-17
6101.96 2.34532e-16 2.75668e-17
6104.82 2.16054e-16 2.53955e-17
6107.69 2.19488e-16 2.57999e-17
6110.55 2.10278e-16 2.4718e-17
6113.41 1.97186e-16 2.31797e-17
6116.27 2.09813e-16 2.46647e-17
6119.14 2.26871e-16 2.66707e-17
6122 2.21519e-16 2.60424e-17
6124.86 2.12319e-16 2.49615e-17
6127.73 2.06584e-16 2.4288e-17
6130.59 2.10261e-16 2.47212e-17
6133.45 2.03844e-16 2.39674e-17
6136.32 2.16835e-16 2.54958e-17
6139.18 2.12312e-16 2.49648e-17
6142.04 1.90294e-16 2.23765e-17
6144.91 2.10917e-16 2.48025e-17
6147.77 2.13373e-16 2.50922e-17
6150.63 1.98744e-16 2.33727e-17
6153.5 2.12004e-16 2.4933e-17
6156.36 2.04042e-16 2.39975e-17
6159.22 2.11869e-16 2.49191e-17
6162.08 1.98905e-16 2.33952e-17
6164.95 1.72286e-16 2.02651e-17
6167.81 1.96759e-16 2.31447e-17
6170.67 1.83279e-16 2.15599e-17
6173.54 1.75416e-16 2.06358e-17
6176.4 1.74965e-16 2.05836e-17
6179.26 1.87228e-16 2.20273e-17
6182.13 1.61367e-16 1.89856e-17
6184.99 1.94847e-16 2.29256e-17
6187.85 1.83275e-16 2.15651e-17
6190.72 1.85898e-16 2.18747e-17
6193.58 1.76337e-16 2.07507e-17
6196.44 1.55718e-16 1.83251e-17
6199.31 1.42099e-16 1.67233e-17
6202.17 1.59181e-16 1.87345e-17
6205.03 1.51565e-16 1.7839e-17
6207.9 1.4584e-16 1.71661e-17
6210.76 1.35251e-16 1.59206e-17
6213.62 1.49101e-16 1.75518e-17
6216.48 1.3645e-16 1.60633e-17
6219.35 1.28584e-16 1.51381e-17
6222.21 1.48435e-16 1.74762e-17
6225.07 1.17453e-16 1.38292e-17
6227.94 1.37018e-16 1.61337e-17
6230.8 1.24183e-16 1.46233e-17
6233.66 1.32974e-16 1.56594e-17
6236.53 1.17052e-16 1.37851e-17
6239.39 1.26773e-16 1.49308e-17
6242.25 1.23462e-16 1.45417e-17
6245.12 1.25975e-16 1.48387e-17
6247.98 1.22677e-16 1.4451e-17
6250.84 1.29793e-16 1.52902e-17
6253.71 1.11786e-16 1.31698e-17
6256.57 1.04495e-16 1.23116e-17
6259.43 1.04458e-16 1.2308e-17
6262.29 1.05445e-16 1.24251e-17
6265.16 1.18656e-16 1.39827e-17
6268.02 1.24839e-16 1.47124e-17
6270.88 9.38884e-17 1.10655e-17
6273.75 1.09881e-16 1.29512e-17
6276.61 1.12065e-16 1.32095e-17
6279.47 1.10209e-16 1.29917e-17
6282.34 1.06338e-16 1.25362e-17
6285.2 7.65949e-17 9.03043e-18
6288.06 9.66788e-17 1.13991e-17
6290.93 1.18188e-16 1.39362e-17
6293.79 1.08861e-16 1.28373e-17
6296.65 1.02093e-16 1.20401e-17
6299.52 1.05414e-16 1.24327e-17
6302.38 1.00666e-16 1.18736e-17
6305.24 1.13638e-16 1.34046e-17
6308.1 1.32445e-16 1.56243e-17
6310.97 1.12437e-16 1.3265e-17
6313.83 1.05979e-16 1.2504e-17
6316.69 1.15503e-16 1.36288e-17
6319.56 1.26531e-16 1.49312e-17
6322.42 1.33117e-16 1.57097e-17
6325.28 1.43542e-16 1.69413e-17
6328.15 1.44362e-16 1.70395e-17
6331.01 1.44969e-16 1.71125e-17
6333.87 1.64969e-16 1.94749e-17
6336.74 1.64548e-16 1.94268e-17
6339.6 1.61181e-16 1.90309e-17
6342.46 1.60548e-16 1.89578e-17
6345.33 1.65133e-16 1.95008e-17
6348.19 1.64036e-16 1.93729e-17
6351.05 1.62507e-16 1.9194e-17
6353.92 1.50805e-16 1.78134e-17
6356.78 1.53436e-16 1.81257e-17
6359.64 1.78967e-16 2.11436e-17
6362.5 1.70248e-16 2.01153e-17
6365.37 1.8502e-16 2.18626e-17
6368.23 1.60082e-16 1.89177e-17
6371.09 1.87964e-16 2.22145e-17
6373.96 1.62354e-16 1.91896e-17
6376.82 1.84323e-16 2.17882e-17
6379.68 1.87296e-16 2.21417e-17
6382.55 1.88532e-16 2.22899e-17
6385.41 1.77041e-16 2.09332e-17
6388.27 1.88565e-16 2.22979e-17
6391.14 1.83176e-16 2.16627e-17
6394 1.91827e-16 2.2688e-17
6396.86 1.65913e-16 1.9625e-17
6399.73 1.8311e-16 2.16612e-17
6402.59 1.91106e-16 2.26093e-17
6405.45 2.02471e-16 2.39562e-17
6408.31 2.27506e-16 2.6921e-17
6411.18 2.06991e-16 2.44959e-17
6414.04 2.02185e-16 2.39295e-17
6416.9 1.85125e-16 2.19126e-17
6419.77 1.86347e-16 2.20595e-17
6422.63 2.05958e-16 2.43834e-17
6425.49 2.04592e-16 2.42242e-17
6428.36 1.98773e-16 2.35376e-17
6431.22 1.97637e-16 2.34055e-17
6434.08 2.12175e-16 2.51298e-17
6436.95 2.04178e-16 2.41852e-17
6439.81 2.0565e-16 2.43622e-17
6442.67 1.93657e-16 2.29439e-17
6445.54 2.02412e-16 2.39837e-17
6448.4 2.05957e-16 2.44063e-17
6451.26 2.0409e-16 2.41877e-17
6454.12 2.13707e-16 2.53302e-17
6456.99 2.06202e-16 2.44433e-17
6459.85 2.13694e-16 2.53342e-17
6462.71 2.12884e-16 2.5241e-17
6465.58 2.08083e-16 2.46745e-17
6468.44 1.98684e-16 2.35625e-17
6471.3 2.30824e-16 2.73772e-17
6474.17 2.24172e-16 2.65912e-17
6477.03 2.12094e-16 2.51614e-17
6479.89 2.18575e-16 2.59331e-17
6482.76 2.25882e-16 2.68032e-17
6485.62 2.34438e-16 2.78216e-17
6488.48 2.16456e-16 2.56906e-17
6491.35 2.23455e-16 2.65244e-17
6494.21 2.22953e-16 2.64678e-17
6497.07 2.30603e-16 2.73792e-17
6499.93 2.47393e-16 2.93761e-17
6502.8 2.3967e-16 2.84626e-17
6505.66 2.423e-16 2.87782e-17
6508.52 2.53066e-16 3.00605e-17
6511.39 2.45118e-16 2.91199e-17
6514.25 2.37745e-16 2.82473e-17
6517.11 2.28367e-16 2.71364e-17
6519.98 2.37956e-16 2.82793e-17
6522.84 2.51674e-16 2.99132e-17
6525.7 2.55004e-16 3.03127e-17
6528.57 2.66333e-16 3.16633e-17
6531.43 2.69154e-16 3.20026e-17
6534.29 2.58352e-16 3.07221e-17
6537.16 2.65248e-16 3.15461e-17
6540.02 2.6836e-16 3.19201e-17
6542.88 2.73643e-16 3.25526e-17
6545.75 2.60927e-16 3.10439e-17
6548.61 2.75364e-16 3.27656e-17
6551.47 3.02823e-16 3.60376e-17
6554.33 2.80329e-16 3.3365e-17
6557.2 2.73737e-16 3.25845e-17
6560.06 2.82484e-16 3.36301e-17
6562.92 2.93883e-16 3.49917e-17
6565.79 2.88048e-16 3.43014e-17
6568.65 2.89678e-16 3.45e-17
6571.51 2.95026e-16 3.51415e-17
6574.38 2.86245e-16 3.41001e-17
6577.24 3.07383e-16 3.66231e-17
6580.1 2.83267e-16 3.37542e-17
6582.97 2.71302e-16 3.23328e-17
6585.83 2.78241e-16 3.31642e-17
6588.69 2.89839e-16 3.45512e-17
6591.56 2.7716e-16 3.30442e-17
6594.42 2.84081e-16 3.38739e-17
6597.28 3.03468e-16 3.61905e-17
6600.14 2.97756e-16 3.55142e-17
6603.01 2.79156e-16 3.33003e-17
6605.87 2.89758e-16 3.45697e-17
6608.73 2.89177e-16 3.45051e-17
6611.6 2.7956e-16 3.33622e-17
6614.46 3.02202e-16 3.60692e-17
6617.32 2.78583e-16 3.32548e-17
6620.19 2.82031e-16 3.36711e-17
6623.05 2.98091e-16 3.55935e-17
6625.91 2.77444e-16 3.31328e-17
6628.78 2.93559e-16 3.50622e-17
6631.64 2.91808e-16 3.4858e-17
6634.5 2.86575e-16 3.42377e-17
6637.37 2.89319e-16 3.45705e-17
6640.23 2.80095e-16 3.34729e-17
6643.09 2.86692e-16 3.42663e-17
6645.95 2.56085e-16 3.06125e-17
6648.82 2.64223e-16 3.15899e-17
6651.68 2.88906e-16 3.45459e-17
6654.54 2.81262e-16 3.36367e-17
6657.41 2.87707e-16 3.44125e-17
6660.27 2.69968e-16 3.22955e-17
6663.13 2.52129e-16 3.01659e-17
6666 2.79605e-16 3.34581e-17
6668.86 2.82191e-16 3.37725e-17
6671.72 2.71247e-16 3.24675e-17
6674.59 2.83888e-16 3.39857e-17
6677.45 2.78157e-16 3.33046e-17
6680.31 2.57876e-16 3.08808e-17
6683.18 2.56658e-16 3.07396e-17
6686.04 2.66407e-16 3.1912e-17
6688.9 2.80422e-16 3.35958e-17
6691.76 2.80882e-16 3.3656e-17
6694.63 2.71489e-16 3.25355e-17
6697.49 2.61622e-16 3.13577e-17
6700.35 2.61676e-16 3.1369e-17
6703.22 2.58009e-16 3.09341e-17
6706.08 2.5815e-16 3.09557e-17
6708.94 2.64962e-16 3.17775e-17
6711.81 2.79933e-16 3.35782e-17
6714.67 2.73801e-16 3.28477e-17
6717.53 2.55928e-16 3.07082e-17
6720.4 2.69232e-16 3.23095e-17
6723.26 2.88e-16 3.45672e-17
6726.12 2.71667e-16 3.26119e-17
6728.99 2.66503e-16 3.1997e-17
6731.85 2.71616e-16 3.2616e-17
6734.71 2.75334e-16 3.30676e-17
6737.58 2.61782e-16 3.1445e-17
6740.44 2.66013e-16 3.19582e-17
6743.3 2.72972e-16 3.27995e-17
6746.16 2.74387e-16 3.29747e-17
6749.03 2.61371e-16 3.14155e-17
6751.89 2.71797e-16 3.26738e-17
6754.75 2.6417e-16 3.1762e-17
6757.62 2.57701e-16 3.09892e-17
6760.48 2.61678e-16 3.14725e-17
6763.34 2.63138e-16 3.16532e-17
6766.21 2.63025e-16 3.16447e-17
6769.07 2.64499e-16 3.18272e-17
6771.93 2.62093e-16 3.15428e-17
6774.8 2.53981e-16 3.05715e-17
6777.66 2.47776e-16 2.98295e-17
6780.52 2.58964e-16 3.11814e-17
6783.39 2.4348e-16 2.93219e-17
6786.25 2.51198e-16 3.02563e-17
6789.11 2.42298e-16 2.91891e-17
6791.97 2.23324e-16 2.69077e-17
6794.84 2.41875e-16 2.91477e-17
6797.7 2.40884e-16 2.90331e-17
6800.56 2.4416e-16 2.94328e-17
6803.43 2.39171e-16 2.88362e-17
6806.29 2.29051e-16 2.76207e-17
6809.15 2.36081e-16 2.84731e-17
6812.02 2.1658e-16 2.61256e-17
6814.88 2.42003e-16 2.91972e-17
6817.74 2.17468e-16 2.62414e-17
6820.61 2.05001e-16 2.47412e-17
6823.47 2.36558e-16 2.85546e-17
6826.33 2.33944e-16 2.82438e-17
6829.2 2.41231e-16 2.91286e-17
6832.06 2.35496e-16 2.84408e-17
6834.92 2.50423e-16 3.02487e-17
6837.78 2.39355e-16 2.89167e-17
6840.65 2.23843e-16 2.70473e-17
6843.51 2.4203e-16 2.92499e-17
6846.37 2.25525e-16 2.72599e-17
6849.24 2.26917e-16 2.74329e-17
6852.1 2.31837e-16 2.80325e-17
6854.96 2.4067e-16 2.91055e-17
6857.83 2.57814e-16 3.11842e-17
6860.69 2.40865e-16 2.91391e-17
6863.55 2.20061e-16 2.6627e-17
6866.42 2.23295e-16 2.70229e-17
6869.28 2.26497e-16 2.74152e-17
6872.14 2.00164e-16 2.42321e-17
6875.01 2.07471e-16 2.51211e-17
6877.87 2.30827e-16 2.79539e-17
6880.73 2.10028e-16 2.54395e-17
6883.6 1.94212e-16 2.3528e-17
6886.46 2.15622e-16 2.61263e-17
6889.32 2.21471e-16 2.68397e-17
6892.18 2.23484e-16 2.70884e-17
6895.05 2.40517e-16 2.91581e-17
6897.91 2.17055e-16 2.63185e-17
6900.77 2.1351e-16 2.58932e-17
6903.64 2.3538e-16 2.85505e-17
6906.5 2.23645e-16 2.7132e-17
6909.36 2.20749e-16 2.67854e-17
6912.23 2.19101e-16 2.65901e-17
6915.09 2.3009e-16 2.79288e-17
6917.95 2.11029e-16 2.56197e-17
6920.82 1.89562e-16 2.30176e-17
6923.68 2.18469e-16 2.65324e-17
6926.54 2.1636e-16 2.6281e-17
6929.41 2.02443e-16 2.4595e-17
6932.27 1.98324e-16 2.40988e-17
6935.13 2.03862e-16 2.47762e-17
6937.99 1.92132e-16 2.33549e-17
6940.86 1.9676e-16 2.39218e-17
6943.72 1.98778e-16 2.41715e-17
6946.58 1.93531e-16 2.35377e-17
6949.45 1.96163e-16 2.38621e-17
6952.31 2.02406e-16 2.46261e-17
6955.17 1.84326e-16 2.24304e-17
6958.04 1.67014e-16 2.03274e-17
6960.9 1.90835e-16 2.3231e-17
6963.76 1.77452e-16 2.16058e-17
6966.63 1.78675e-16 2.17586e-17
6969.49 1.90613e-16 2.32167e-17
6972.35 1.88208e-16 2.2928e-17
6975.22 1.84531e-16 2.24842e-17
6978.08 1.88226e-16 2.29386e-17
6980.94 1.75984e-16 2.14506e-17
6983.8 1.74132e-16 2.12288e-17
6986.67 1.7351e-16 2.11569e-17
6989.53 1.79494e-16 2.18906e-17
6992.39 1.8021e-16 2.1982e-17
6995.26 1.94589e-16 2.37404e-17
6998.12 1.80501e-16 2.20257e-17
7000.98 1.79803e-16 2.19446e-17
7003.85 1.81716e-16 2.21822e-17
7006.71 1.83998e-16 2.24649e-17
7009.57 2.07366e-16 2.53227e-17
7012.44 1.94999e-16 2.3817e-17
7015.3 1.63997e-16 2.00341e-17
7018.16 1.84739e-16 2.25722e-17
7021.03 1.92459e-16 2.35199e-17
7023.89 1.92025e-16 2.34713e-17
7026.75 2.04377e-16 2.49857e-17
7029.61 2.17433e-16 2.65869e-17
7032.48 2.00615e-16 2.4535e-17
7035.34 1.94619e-16 2.38062e-17
7038.2 2.16262e-16 2.64586e-17
7041.07 2.19212e-16 2.68246e-17
7043.93 2.18322e-16 2.67208e-17
7046.79 2.2136e-16 2.70977e-17
7049.66 2.18406e-16 2.67412e-17
7052.52 2.25805e-16 2.76523e-17
7055.38 2.20968e-16 2.70651e-17
7058.25 1.91183e-16 2.34213e-17
7061.11 2.24279e-16 2.7481e-17
7063.97 2.33752e-16 2.86472e-17
7066.84 2.16195e-16 2.65006e-17
7069.7 2.28306e-16 2.79905e-17
7072.56 2.18871e-16 2.68388e-17
7075.43 2.35471e-16 2.88799e-17
7078.29 2.18167e-16 2.67627e-17
7081.15 2.13988e-16 2.62551e-17
7084.01 2.12929e-16 2.61302e-17
7086.88 2.04578e-16 2.51102e-17
7089.74 2.06728e-16 2.53789e-17
7092.6 2.19576e-16 2.69614e-17
7095.47 2.0458e-16 2.51248e-17
7098.33 2.03144e-16 2.49533e-17
7101.19 2.01881e-16 2.48029e-17
7104.06 2.16519e-16 2.66064e-17
7106.92 2.14405e-16 2.63517e-17
7109.78 1.97409e-16 2.42675e-17
7112.65 1.96425e-16 2.41512e-17
7115.51 2.10561e-16 2.58942e-17
7118.37 2.02753e-16 2.49388e-17
7121.24 1.95003e-16 2.39902e-17
7124.1 1.91279e-16 2.35366e-17
7126.96 1.94442e-16 2.39304e-17
7129.82 2.06282e-16 2.53925e-17
7132.69 2.07816e-16 2.55863e-17
7135.55 1.82643e-16 2.24914e-17
7138.41 1.79631e-16 2.21247e-17
7141.28 1.79561e-16 2.21204e-17
7144.14 1.68163e-16 2.07203e-17
7147 1.80037e-16 2.21876e-17
7149.87 1.76006e-16 2.16951e-17
7152.73 1.56831e-16 1.93353e-17
7155.59 1.55283e-16 1.91481e-17
7158.46 1.64424e-16 2.02793e-17
7161.32 1.53075e-16 1.88832e-17
7164.18 1.61456e-16 1.9921e-17
7167.05 1.55834e-16 1.92311e-17
7169.91 1.51663e-16 1.872e-17
7172.77 1.52763e-16 1.88594e-17
7175.63 1.56542e-16 1.93298e-17
7178.5 1.47363e-16 1.81999e-17
7181.36 1.44981e-16 1.79092e-17
7184.22 1.3314e-16 1.64497e-17
7187.09 1.32373e-16 1.63581e-17
7189.95 1.32166e-16 1.63358e-17
7192.81 1.39871e-16 1.72915e-17
7195.68 1.42813e-16 1.76587e-17
7198.54 1.36586e-16 1.6892e-17
7201.4 1.52206e-16 1.88275e-17
7204.27 1.49696e-16 1.85206e-17
7207.13 1.3757e-16 1.70237e-17
7209.99 1.49734e-16 1.85326e-17
7212.86 1.37608e-16 1.70351e-17
7215.72 1.41565e-16 1.75283e-17
7218.58 1.52883e-16 1.89334e-17
7221.45 1.40275e-16 1.73754e-17
7224.31 1.4392e-16 1.78305e-17
7227.17 1.49703e-16 1.85506e-17
7230.03 1.36164e-16 1.68762e-17
7232.9 1.58444e-16 1.96414e-17
7235.76 1.33731e-16 1.65811e-17
7238.62 1.33577e-16 1.65653e-17
7241.49 1.488e-16 1.84568e-17
7244.35 1.46379e-16 1.81601e-17
7247.21 1.36123e-16 1.6891e-17
7250.08 1.59435e-16 1.97876e-17
7252.94 1.47999e-16 1.83719e-17
7255.8 1.48298e-16 1.84126e-17
7258.67 1.38738e-16 1.72291e-17
7261.53 1.17692e-16 1.46184e-17
7264.39 1.4634e-16 1.81802e-17
7267.26 1.54059e-16 1.9143e-17
7270.12 1.3367e-16 1.66128e-17
7272.98 1.41124e-16 1.75426e-17
7275.84 1.34897e-16 1.67719e-17
7278.71 1.31862e-16 1.63977e-17
7281.57 1.36014e-16 1.69174e-17
7284.43 1.41711e-16 1.76295e-17
7287.3 1.50035e-16 1.86687e-17
7290.16 1.59045e-16 1.97937e-17
7293.02 1.35359e-16 1.68492e-17
7295.89 1.56367e-16 1.9468e-17
7298.75 1.62541e-16 2.02407e-17
7301.61 1.42861e-16 1.77935e-17
7304.48 1.53982e-16 1.91824e-17
7307.34 1.54551e-16 1.92571e-17
7310.2 1.56128e-16 1.94574e-17
7313.07 1.50437e-16 1.87519e-17
7315.93 1.38212e-16 1.72314e-17
7318.79 1.51337e-16 1.88715e-17
7321.65 1.58739e-16 1.97984e-17
7324.52 1.66002e-16 2.07084e-17
7327.38 1.63539e-16 2.04051e-17
7330.24 1.91253e-16 2.38677e-17
7333.11 1.56881e-16 1.95821e-17
7335.97 1.49021e-16 1.86047e-17
7338.83 1.68303e-16 2.10161e-17
7341.7 1.76051e-16 2.19879e-17
7344.56 1.73514e-16 2.16753e-17
7347.42 1.76777e-16 2.20873e-17
7350.29 1.66857e-16 2.08519e-17
7353.15 1.72961e-16 2.1619e-17
7356.01 1.59735e-16 1.99697e-17
7358.88 1.58928e-16 1.98727e-17
7361.74 1.83152e-16 2.29062e-17
7364.6 1.86996e-16 2.33916e-17
7367.46 1.66761e-16 2.08645e-17
7370.33 1.75518e-16 2.19644e-17
7373.19 1.82002e-16 2.27803e-17
7376.05 1.83612e-16 2.29863e-17
7378.92 1.73484e-16 2.17226e-17
7381.78 1.61258e-16 2.01957e-17
7384.64 1.88486e-16 2.36103e-17
7387.51 1.82774e-16 2.28993e-17
7390.37 1.78474e-16 2.2365e-17
7393.23 1.57773e-16 1.97747e-17
7396.1 1.70491e-16 2.1373e-17
7398.96 1.74827e-16 2.19208e-17
7401.82 1.70743e-16 2.14129e-17
7404.69 1.75514e-16 2.20156e-17
7407.55 1.62525e-16 2.03902e-17
7410.41 1.61653e-16 2.02847e-17
7413.28 1.82727e-16 2.29337e-17
7416.14 1.66656e-16 2.09207e-17
7419 1.80432e-16 2.26545e-17
7421.86 1.76891e-16 2.22142e-17
7424.73 1.55529e-16 1.95354e-17
7427.59 1.67361e-16 2.10256e-17
7430.45 1.60546e-16 2.01734e-17
7433.32 1.66857e-16 2.09704e-17
7436.18 1.75892e-16 2.21103e-17
7439.04 1.74323e-16 2.19173e-17
7441.91 1.78327e-16 2.2425e-17
7444.77 1.76988e-16 2.22609e-17
7447.63 1.8746e-16 2.35827e-17
7450.5 1.64249e-16 2.06667e-17
7453.36 1.56972e-16 1.97549e-17
7456.22 1.74008e-16 2.19032e-17
7459.09 1.82385e-16 2.2962e-17
7461.95 1.69303e-16 2.13191e-17
7464.81 1.74309e-16 2.19537e-17
7467.67 1.79101e-16 2.25616e-17
7470.54 1.63225e-16 2.05656e-17
7473.4 1.67007e-16 2.10462e-17
7476.26 1.74461e-16 2.19897e-17
7479.13 1.78131e-16 2.24567e-17
7481.99 2.04631e-16 2.58024e-17
7484.85 2.20813e-16 2.78482e-17
7487.72 2.14966e-16 2.7116e-17
7490.58 1.92997e-16 2.43495e-17
7493.44 1.8297e-16 2.30888e-17
7496.31 1.71083e-16 2.15929e-17
7499.17 1.54209e-16 1.94669e-17
7502.03 1.2075e-16 1.5246e-17
7504.9 1.45218e-16 1.83389e-17
7507.76 1.28367e-16 1.6214e-17
7510.62 1.15632e-16 1.46082e-17
7513.48 1.37641e-16 1.7392e-17
7516.35 1.54672e-16 1.95477e-17
7519.21 1.38715e-16 1.75343e-17
7522.07 1.41682e-16 1.79128e-17
7524.94 1.11363e-16 1.40823e-17
7527.8 1.08904e-16 1.37739e-17
7530.66 1.01936e-16 1.28951e-17
7533.53 1.00131e-16 1.26691e-17
7536.39 1.07292e-16 1.35777e-17
7539.25 9.39876e-17 1.18963e-17
7542.12 9.35702e-17 1.18457e-17
7544.98 9.62086e-17 1.2182e-17
7547.84 8.37928e-17 1.06119e-17
7550.71 9.12107e-17 1.15535e-17
7553.57 7.68995e-17 9.74256e-18
7556.43 8.52972e-17 1.08085e-17
7559.3 7.6596e-17 9.70774e-18
7562.16 7.20571e-17 9.13418e-18
7565.02 6.15421e-17 7.80272e-18
7567.88 8.03704e-17 1.01918e-17
7570.75 6.5054e-17 8.25107e-18
7573.61 6.45978e-17 8.19473e-18
7576.47 7.87088e-17 9.98667e-18
7579.34 6.46258e-17 8.20132e-18
7582.2 7.40198e-17 9.39521e-18
7585.06 6.77109e-17 8.59602e-18
7587.93 4.81098e-17 6.10875e-18
7590.79 5.35089e-17 6.79556e-18
7593.65 4.87097e-17 6.18721e-18
7596.52 4.26317e-17 5.41616e-18
7599.38 4.89367e-17 6.21833e-18
7602.24 4.82249e-17 6.12901e-18
7605.11 3.87637e-17 4.92747e-18
7607.97 4.23376e-17 5.38275e-18
7610.83 5.95456e-17 7.57193e-18
7613.69 5.62002e-17 7.14783e-18
7616.56 5.89432e-17 7.49807e-18
7619.42 6.16445e-17 7.84312e-18
7622.28 5.36497e-17 6.82717e-18
7625.15 4.88025e-17 6.21148e-18
7628.01 5.99157e-17 7.62732e-18
7630.87 5.2636e-17 6.70182e-18
7633.74 6.81479e-17 8.67842e-18
7636.6 6.06939e-17 7.73058e-18
7639.46 4.91531e-17 6.26175e-18
7642.33 6.5629e-17 8.36217e-18
7645.19 6.87646e-17 8.76326e-18
7648.05 7.48976e-17 9.54655e-18
7650.92 8.13661e-17 1.03729e-17
7653.78 7.42853e-17 9.4719e-18
7656.64 6.42266e-17 8.1908e-18
7659.5 7.77025e-17 9.91115e-18
7662.37 7.80944e-17 9.96291e-18
7665.23 8.86504e-17 1.13116e-17
7668.09 9.14203e-17 1.16671e-17
7670.96 9.85905e-17 1.25844e-17
7673.82 1.02568e-16 1.30944e-17
7676.68 1.08009e-16 1.37914e-17
7679.55 1.10621e-16 1.41275e-17
7682.41 1.04403e-16 1.33357e-17
7685.27 1.07404e-16 1.37215e-17
7688.14 1.28027e-16 1.6359e-17
7691 1.35498e-16 1.73167e-17
7693.86 1.31558e-16 1.6816e-17
7696.73 1.28187e-16 1.6388e-17
7699.59 1.35511e-16 1.73273e-17
7702.45 1.44915e-16 1.8533e-17
7705.31 1.60799e-16 2.0568e-17
7708.18 1.51624e-16 1.93977e-17
7711.04 1.4306e-16 1.83053e-17
7713.9 1.64553e-16 2.1059e-17
7716.77 1.54461e-16 1.97709e-17
7719.63 1.69713e-16 2.17269e-17
7722.49 1.9913e-16 2.54972e-17
7725.36 1.962e-16 2.51264e-17
7728.22 1.85431e-16 2.37513e-17
7731.08 2.0126e-16 2.57831e-17
7733.95 2.22534e-16 2.85133e-17
7736.81 2.05393e-16 2.63215e-17
7739.67 1.86376e-16 2.38885e-17
7742.54 2.02464e-16 2.59549e-17
7745.4 1.96222e-16 2.51589e-17
7748.26 2.04689e-16 2.62489e-17
7751.13 2.1522e-16 2.76041e-17
7753.99 2.24411e-16 2.87877e-17
7756.85 2.45564e-16 3.15064e-17
7759.71 2.50185e-16 3.21047e-17
7762.58 2.31228e-16 2.9677e-17
7765.44 2.40223e-16 3.08365e-17
7768.3 2.42556e-16 3.11411e-17
7771.17 2.36011e-16 3.03058e-17
7774.03 2.50557e-16 3.21789e-17
7776.89 2.57877e-16 3.31245e-17
7779.76 2.5947e-16 3.33346e-17
7782.62 2.7894e-16 3.58417e-17
7785.48 2.63983e-16 3.39254e-17
7788.35 2.58901e-16 3.32777e-17
7791.21 2.53313e-16 3.25647e-17
7794.07 2.56918e-16 3.30335e-17
7796.94 2.77971e-16 3.57462e-17
7799.8 2.58665e-16 3.32688e-17
7802.66 2.67738e-16 3.44412e-17
7805.52 2.85786e-16 3.67688e-17
7808.39 2.36768e-16 3.04671e-17
7811.25 2.5684e-16 3.30552e-17
7814.11 2.77557e-16 3.5727e-17
7816.98 2.62243e-16 3.37612e-17
7819.84 2.57521e-16 3.31585e-17
7822.7 2.67145e-16 3.44031e-17
7825.57 2.4817e-16 3.19645e-17
7828.43 2.7642e-16 3.56087e-17
7831.29 2.91097e-16 3.75052e-17
7834.16 3.12006e-16 4.02054e-17
7837.02 2.76114e-16 3.55859e-17
7839.88 2.67544e-16 3.44866e-17
7842.75 2.61253e-16 3.36809e-17
7845.61 2.87102e-16 3.70191e-17
7848.47 2.8669e-16 3.69716e-17
7851.33 2.89906e-16 3.7392e-17
7854.2 2.72726e-16 3.51815e-17
7857.06 2.78961e-16 3.59913e-17
7859.92 2.71116e-16 3.49844e-17
7862.79 2.77208e-16 3.57758e-17
7865.65 2.81514e-16 3.63371e-17
7868.51 2.65565e-16 3.42835e-17
7871.38 2.53613e-16 3.27455e-17
7874.24 2.87755e-16 3.71593e-17
7877.1 2.58472e-16 3.33828e-17
7879.97 2.5407e-16 3.28192e-17
7882.83 2.71628e-16 3.50923e-17
7885.69 2.50987e-16 3.24304e-17
7888.56 2.50018e-16 3.23099e-17
7891.42 2.61246e-16 3.37659e-17
7894.28 2.60255e-16 3.36427e-17
7897.15 2.60274e-16 3.365e-17
7900.01 2.4578e-16 3.17807e-17
7902.87 2.3001e-16 2.97458e-17
7905.73 2.70992e-16 3.50508e-17
7908.6 2.4489e-16 3.16792e-17
7911.46 2.24386e-16 2.90309e-17
7914.32 2.27797e-16 2.94764e-17
7917.19 2.10863e-16 2.72891e-17
7920.05 2.45273e-16 3.17468e-17
7922.91 2.50787e-16 3.2465e-17
7925.78 2.33216e-16 3.01946e-17
7928.64 2.23537e-16 2.89455e-17
7931.5 2.26007e-16 2.92694e-17
7934.37 1.90246e-16 2.46415e-17
7937.23 2.14364e-16 2.77692e-17
7940.09 2.18221e-16 2.82727e-17
7942.96 2.03965e-16 2.64294e-17
7945.82 2.15605e-16 2.79414e-17
7948.68 1.90081e-16 2.4637e-17
7951.54 1.78056e-16 2.30815e-17
7954.41 1.68746e-16 2.18775e-17
7957.27 1.82637e-16 2.36817e-17
7960.13 1.56809e-16 2.03354e-17
7963 1.41231e-16 1.83176e-17
7965.86 1.71777e-16 2.22824e-17
7968.72 1.79814e-16 2.33279e-17
7971.59 1.51011e-16 1.95938e-17
7974.45 1.64051e-16 2.12885e-17
7977.31 1.46005e-16 1.89492e-17
7980.18 1.41986e-16 1.843e-17
7983.04 1.22025e-16 1.5841e-17
7985.9 1.30095e-16 1.68909e-17
7988.77 1.43694e-16 1.86588e-17
7991.63 1.27454e-16 1.65522e-17
7994.49 1.46257e-16 1.89965e-17
7997.35 1.30702e-16 1.69783e-17
8000.22 1.34838e-16 1.75177e-17
8003.08 1.42162e-16 1.84715e-17
8005.94 1.29892e-16 1.68793e-17
8008.81 1.242e-16 1.61417e-17
8011.67 1.14067e-16 1.48266e-17
8014.53 1.17806e-16 1.53144e-17
8017.4 1.16922e-16 1.52014e-17
8020.26 1.31051e-16 1.70403e-17
8023.12 8.96727e-17 1.16614e-17
8025.99 1.26524e-16 1.64557e-17
8028.85 1.01719e-16 1.32311e-17
8031.71 8.95169e-17 1.16453e-17
8034.58 8.37126e-17 1.08915e-17
8037.44 7.9094e-17 1.02918e-17
8040.3 7.29129e-17 9.48861e-18
8043.17 6.70118e-17 8.72167e-18
8046.03 8.0852e-17 1.05242e-17
8048.89 5.98078e-17 7.78585e-18
8051.75 4.39067e-17 5.71648e-18
8054.62 7.23679e-17 9.42308e-18
8057.48 8.40458e-17 1.09449e-17
8060.34 9.21974e-17 1.20078e-17
8063.21 6.01156e-17 7.83034e-18
8066.07 5.08875e-17 6.62907e-18
8068.93 5.41771e-17 7.05837e-18
8071.8 4.92624e-17 6.41877e-18
8074.66 6.02348e-17 7.84931e-18
8077.52 4.94458e-17 6.44407e-18
8080.39 4.77082e-17 6.21828e-18
8083.25 5.44354e-17 7.09587e-18
8086.11 4.97622e-17 6.48738e-18
8088.98 3.586e-17 4.67548e-18
8091.84 3.38263e-17 4.41078e-18
8094.7 2.0952e-17 2.73232e-18
8097.56 4.51946e-17 5.89438e-18
8100.43 4.20142e-17 5.48015e-18
8103.29 3.88157e-17 5.06346e-18
8106.15 2.11427e-17 2.75832e-18
8109.02 1.17149e-17 1.5285e-18
8111.88 2.82808e-17 3.69031e-18
8114.74 3.19719e-17 4.17237e-18
8117.61 2.53613e-17 3.31001e-18
8120.47 5.42752e-18 7.08438e-19
8123.33 4.22473e-17 5.51495e-18
8126.2 4.97219e-17 6.49131e-18
8129.06 1.73849e-17 2.26985e-18
8131.92 2.70165e-17 3.52774e-18
8134.79 2.81311e-17 3.67362e-18
8137.65 2.17768e-17 2.84409e-18
8140.51 3.53838e-17 4.62161e-18
8143.38 3.64215e-17 4.75759e-18
8146.24 3.72982e-17 4.87255e-18
8149.1 4.92144e-17 6.42984e-18
8151.96 3.63968e-17 4.75566e-18
8154.83 2.57147e-17 3.36022e-18
8157.69 6.01169e-17 7.85636e-18
8160.55 5.78817e-17 7.56491e-18
8163.42 2.59668e-17 3.39406e-18
8166.28 5.08639e-17 6.64887e-18
8169.14 4.91957e-17 6.43136e-18
8172.01 2.11013e-17 2.75881e-18
8174.87 3.82141e-17 4.99657e-18
8177.73 3.90769e-17 5.10981e-18
8180.6 3.00363e-17 3.92797e-18
8183.46 4.35537e-17 5.69615e-18
8186.32 3.32059e-17 4.34317e-18
8189.19 2.30005e-17 3.0086e-18
8192.05 4.86947e-17 6.37005e-18
8194.91 4.31862e-17 5.6499e-18
8197.77 3.12045e-17 4.08269e-18
8200.64 2.49678e-17 3.26696e-18
8203.5 3.50027e-17 4.58034e-18
8206.36 4.41321e-17 5.77542e-18
8209.23 4.48594e-17 5.87104e-18
8212.09 4.58519e-17 6.00138e-18
8214.95 3.54121e-17 4.6353e-18
8217.82 2.66082e-17 3.48315e-18
8220.68 2.98761e-17 3.91122e-18
8223.54 4.87548e-17 6.38318e-18
8226.41 3.93813e-17 5.15632e-18
8229.27 3.51556e-17 4.60336e-18
8232.13 3.15467e-17 4.13108e-18
8235 3.57275e-17 4.67888e-18
8237.86 3.21484e-17 4.21044e-18
8240.72 3.18e-17 4.16509e-18
8243.58 2.7695e-17 3.62767e-18
8246.45 3.5162e-17 4.60604e-18
8249.31 1.87503e-17 2.45635e-18
8252.17 4.65884e-18 6.10361e-19
8255.04 4.68813e-17 6.14236e-18
8257.9 2.15538e-17 2.82414e-18
8260.76 2.62517e-17 3.43991e-18
8263.63 3.59276e-17 4.70807e-18
8266.49 3.62063e-17 4.74487e-18
8269.35 3.65114e-17 4.78513e-18
8272.22 3.28935e-17 4.31122e-18
8275.08 2.32122e-17 3.04249e-18
8277.94 2.11395e-17 2.77099e-18
8280.81 3.9396e-17 5.16434e-18
8283.67 3.2805e-17 4.30058e-18
8286.53 4.42146e-17 5.79662e-18
8289.39 3.52655e-17 4.62362e-18
8292.26 4.82335e-17 6.32417e-18
8295.12 7.64218e-17 1.00206e-17
8297.98 5.36709e-17 7.0378e-18
8300.85 3.47877e-17 4.56189e-18
8303.71 8.28045e-18 1.08591e-18
8306.57 4.77934e-17 6.268e-18
8309.44 7.74404e-17 1.01566e-17
8312.3 1.94811e-17 2.55513e-18
8315.16 1.47513e-17 1.93486e-18
8318.03 1.77316e-17 2.32587e-18
8320.89 3.26679e-17 4.28527e-18
8323.75 3.79676e-17 4.98068e-18
8326.62 2.5659e-17 3.36614e-18
8329.48 3.62501e-17 4.75576e-18
8332.34 1.87597e-18 2.46124e-19
8335.21 3.48069e-17 4.56677e-18
8338.07 6.89455e-18 9.04621e-19
8340.93 2.45387e-17 3.21979e-18
8343.79 2.82087e-17 3.70148e-18
8346.66 3.05318e-17 4.00646e-18
8349.52 2.84012e-18 3.72699e-19
8352.38 2.62248e-17 3.4415e-18
8355.25 2.15899e-17 2.83335e-18
8358.11 6.14319e-17 8.06227e-18
8360.97 3.38712e-17 4.44536e-18
8363.84 4.08415e-17 5.36032e-18
8366.7 4.88982e-17 6.41793e-18
8369.56 3.15667e-17 4.14327e-18
8372.43 4.35509e-17 5.7164e-18
8375.29 4.55717e-17 5.98179e-18
8378.15 3.24014e-17 4.25316e-18
8381.02 4.93236e-17 6.47459e-18
8383.88 3.49087e-17 4.58248e-18
8386.74 6.25155e-18 8.20663e-19
8389.6 3.09844e-17 4.06751e-18
8392.47 3.68528e-17 4.838e-18
8395.33 4.49275e-17 5.89815e-18
8398.19 4.05141e-17 5.31885e-18
8401.06 3.40477e-17 4.46999e-18
8403.92 4.91001e-17 6.44626e-18
8406.78 1.0839e-17 1.42305e-18
8409.65 2.24597e-17 2.94878e-18
8412.51 5.99589e-17 7.87224e-18
8415.37 3.07144e-17 4.03266e-18
8418.24 3.19747e-17 4.19819e-18
8421.1 6.98813e-17 9.17531e-18
8423.96 6.13553e-17 8.05593e-18
8426.83 4.94134e-17 6.48802e-18
8429.69 5.41275e-17 7.10704e-18
8432.55 7.76328e-17 1.01935e-17
8435.42 5.148e-17 6.75951e-18
8438.28 5.70407e-17 7.48968e-18
8441.14 3.95162e-17 5.18867e-18
8444 6.41712e-17 8.426e-18
8446.87 2.55381e-17 3.35329e-18
8449.73 6.58211e-17 8.64267e-18
8452.59 3.61433e-17 4.74581e-18
8455.46 4.43597e-17 5.82466e-18
8458.32 4.68635e-17 6.15341e-18
8461.18 4.22756e-17 5.55098e-18
8464.05 4.63821e-17 6.09016e-18
8466.91 4.77462e-17 6.26925e-18
8469.77 5.8631e-17 7.69841e-18
8472.64 7.07074e-17 9.28401e-18
8475.5 5.95607e-17 7.82037e-18
8478.36 6.9499e-17 9.12519e-18
8481.22 6.26295e-17 8.22315e-18
8484.09 3.66889e-17 4.81713e-18
8486.95 5.88404e-17 7.72546e-18
8489.81 6.52549e-17 8.56754e-18
8492.68 6.65016e-17 8.73111e-18
8495.54 6.37683e-17 8.37212e-18
8498.4 6.2034e-17 8.14429e-18
8501.27 7.29506e-17 9.57735e-18
8504.13 9.41577e-17 1.23613e-17
8506.99 8.55459e-17 1.12305e-17
8509.86 7.71897e-17 1.01333e-17
8512.72 7.55937e-17 9.92356e-18
8515.58 7.24647e-17 9.5126e-18
8518.45 7.1283e-17 9.35725e-18
8521.31 8.94475e-17 1.17414e-17
8524.17 8.34618e-17 1.09554e-17
8527.04 6.3739e-17 8.36632e-18
8529.9 8.16119e-17 1.0712e-17
8532.76 7.63396e-17 1.00197e-17
8535.62 8.63435e-17 1.13324e-17
8538.49 8.3975e-17 1.10212e-17
8541.35 8.40485e-17 1.10305e-17
8544.21 9.75438e-17 1.28012e-17
8547.08 9.52641e-17 1.25016e-17
8549.94 8.84182e-17 1.16028e-17
8552.8 8.74817e-17 1.14795e-17
8555.67 1.20202e-16 1.57725e-17
8558.53 1.18988e-16 1.56126e-17
8561.39 1.13113e-16 1.48412e-17
8564.26 1.30576e-16 1.71317e-17
8567.12 1.25258e-16 1.64333e-17
8569.98 1.08075e-16 1.41784e-17
8572.85 1.08616e-16 1.42488e-17
8575.71 1.17352e-16 1.53941e-17
8578.57 1.13529e-16 1.48919e-17
8581.43 1.26766e-16 1.66275e-17
8584.3 1.30625e-16 1.71329e-17
8587.16 1.35547e-16 1.77775e-17
8590.02 1.36218e-16 1.78647e-17
8592.89 1.34842e-16 1.76833e-17
8595.75 1.31562e-16 1.72523e-17
8598.61 1.35103e-16 1.77157e-17
8601.48 1.53302e-16 2.01009e-17
8604.34 1.52267e-16 1.99642e-17
8607.2 1.32427e-16 1.73619e-17
8610.07 1.58965e-16 2.084e-17
8612.93 1.42362e-16 1.86623e-17
8615.79 1.62734e-16 2.13316e-17
8618.66 1.64817e-16 2.16033e-17
8621.52 1.5574e-16 2.04122e-17
8624.38 1.5086e-16 1.97714e-17
8627.25 1.45341e-16 1.90468e-17
8630.11 1.37037e-16 1.79575e-17
8632.97 1.51662e-16 1.98726e-17
8635.83 1.56561e-16 2.05131e-17
8638.7 1.58418e-16 2.0755e-17
8641.56 1.59066e-16 2.08385e-17
8644.42 1.81704e-16 2.38024e-17
8647.29 1.95669e-16 2.56299e-17
8650.15 1.88072e-16 2.46331e-17
8653.01 2.01704e-16 2.64165e-17
8655.88 2.25228e-16 2.94951e-17
8658.74 1.81938e-16 2.38242e-17
8661.6 1.99017e-16 2.60586e-17
8664.47 2.18073e-16 2.85515e-17
8667.33 1.88792e-16 2.47159e-17
8670.19 2.02439e-16 2.65003e-17
8673.06 2.08543e-16 2.72971e-17
8675.92 2.14573e-16 2.80841e-17
8678.78 2.34801e-16 3.0729e-17
8681.64 2.21552e-16 2.89925e-17
8684.51 2.1869e-16 2.86155e-17
8687.37 2.45707e-16 3.21479e-17
8690.23 2.28538e-16 2.98989e-17
8693.1 2.06321e-16 2.69898e-17
8695.96 2.19776e-16 2.87472e-17
8698.82 2.47898e-16 3.24227e-17
8701.69 2.34893e-16 3.07189e-17
8704.55 2.33751e-16 3.05666e-17
8707.41 2.40463e-16 3.14413e-17
8710.28 2.49919e-16 3.26745e-17
8713.14 2.53315e-16 3.31152e-17
8716 2.38367e-16 3.1158e-17
8718.87 2.5102e-16 3.28086e-17
8721.73 2.65499e-16 3.46975e-17
8724.59 2.57129e-16 3.36001e-17
8727.46 2.62685e-16 3.43226e-17
8730.32 2.84169e-16 3.71257e-17
8733.18 2.8885e-16 3.77333e-17
8736.04 2.72673e-16 3.56162e-17
8738.91 2.56692e-16 3.3525e-17
8741.77 2.56533e-16 3.35006e-17
8744.63 2.61982e-16 3.42084e-17
8747.5 2.74697e-16 3.58645e-17
8750.36 2.62286e-16 3.42402e-17
8753.22 2.39521e-16 3.12648e-17
8756.09 2.62091e-16 3.42068e-17
8758.95 2.72459e-16 3.55558e-17
8761.81 2.92945e-16 3.82248e-17
8764.68 2.77331e-16 3.61829e-17
8767.54 2.51984e-16 3.2872e-17
8770.4 2.58273e-16 3.36882e-17
8773.26 2.78607e-16 3.63359e-17
8776.13 2.61812e-16 3.41413e-17
8778.99 2.2952e-16 2.99265e-17
8781.85 2.32501e-16 3.03115e-17
8784.72 2.25765e-16 2.94294e-17
8787.58 2.52058e-16 3.28525e-17
8790.44 2.58313e-16 3.36634e-17
8793.31 2.3881e-16 3.11176e-17
8796.17 2.26091e-16 2.94563e-17
8799.03 2.21896e-16 2.89059e-17
8801.9 2.35367e-16 3.06565e-17
8804.76 2.25114e-16 2.9317e-17
8807.62 2.31134e-16 3.00969e-17
8810.49 2.2689e-16 2.95401e-17
8813.35 2.02459e-16 2.63556e-17
8816.21 1.96804e-16 2.56158e-17
8819.08 1.88802e-16 2.45707e-17
8821.94 1.86071e-16 2.42118e-17
8824.8 1.72813e-16 2.24833e-17
8827.67 2.12654e-16 2.76626e-17
8830.53 1.73278e-16 2.25371e-17
8833.39 1.97835e-16 2.57272e-17
8836.25 2.37393e-16 3.08668e-17
8839.12 1.88827e-16 2.45484e-17
8841.98 1.92561e-16 2.50299e-17
8844.84 2.02997e-16 2.63823e-17
8847.71 1.84766e-16 2.40092e-17
8850.57 1.77121e-16 2.30121e-17
8853.43 2.03435e-16 2.64268e-17
8856.3 2.22837e-16 2.89426e-17
8859.16 1.95933e-16 2.5444e-17
8862.02 1.87642e-16 2.43634e-17
8864.89 1.89193e-16 2.45608e-17
8867.75 2.15107e-16 2.79203e-17
8870.61 2.0619e-16 2.67584e-17
8873.47 1.62784e-16 2.11218e-17
8876.34 2.089e-16 2.71009e-17
8879.2 2.45508e-16 3.18447e-17
8882.06 2.09496e-16 2.7169e-17
8884.93 2.31828e-16 3.00599e-17
8887.79 2.37177e-16 3.07481e-17
8890.65 2.13732e-16 2.77038e-17
8893.52 2.3791e-16 3.08323e-17
8896.38 1.95585e-16 2.53426e-17
8899.24 1.65572e-16 2.14499e-17
8902.11 1.62565e-16 2.10565e-17
8904.97 1.69198e-16 2.19117e-17
8907.83 1.98226e-16 2.56662e-17
8910.7 2.29251e-16 2.96778e-17
8913.56 1.92323e-16 2.48927e-17
8916.42 1.88646e-16 2.44121e-17
8919.29 1.75849e-16 2.27518e-17
8922.15 1.92259e-16 2.48703e-17
8925.01 2.40819e-16 3.1146e-17
8927.87 1.78956e-16 2.31405e-17
8930.74 1.5266e-16 1.97364e-17
8933.6 2.01724e-16 2.60745e-17
8936.46 2.23021e-16 2.88217e-17
8939.33 1.97757e-16 2.55517e-17
8942.19 1.88018e-16 2.42885e-17
8945.05 1.85108e-16 2.39077e-17
8947.92 1.94819e-16 2.51569e-17
8950.78 1.68279e-16 2.17254e-17
8953.64 1.75794e-16 2.2691e-17
8956.51 1.87683e-16 2.42205e-17
8959.37 1.84557e-16 2.38122e-17
8962.23 2.18736e-16 2.82162e-17
8965.09 1.86959e-16 2.4112e-17
8967.96 1.76276e-16 2.27295e-17
8970.82 2.10991e-16 2.71999e-17
8973.68 1.60029e-16 2.06258e-17
8976.55 1.35082e-16 1.74066e-17
8979.41 2.34608e-16 3.0225e-17
8982.27 2.00754e-16 2.58579e-17
8985.14 1.38727e-16 1.78646e-17
8988 1.87311e-16 2.41158e-17
8990.86 2.03903e-16 2.62461e-17
8993.73 1.73708e-16 2.23545e-17
8996.59 1.74864e-16 2.24982e-17
8999.45 1.66377e-16 2.14014e-17
9002.32 2.28856e-16 2.94315e-17
9005.18 2.3833e-16 3.06429e-17
9008.04 1.93068e-16 2.48177e-17
9010.91 2.30392e-16 2.96086e-17
9013.77 2.55509e-16 3.28289e-17
9016.63 2.42936e-16 3.12061e-17
9019.5 9.6454e-17 1.2387e-17
9022.36 1.37387e-16 1.76396e-17
9025.22 2.33898e-16 3.00239e-17
9028.08 1.91765e-16 2.46097e-17
9030.95 1.90287e-16 2.44141e-17
9033.81 1.90794e-16 2.44732e-17
9036.67 1.91063e-16 2.45018e-17
9039.54 2.08126e-16 2.66834e-17
9042.4 1.62686e-16 2.08525e-17
9045.26 1.33662e-16 1.71281e-17
9048.13 1.66581e-16 2.13411e-17
9050.99 1.83695e-16 2.35277e-17
9053.85 1.54585e-16 1.97943e-17
9056.72 1.18053e-16 1.51127e-17
9059.58 1.5379e-16 1.96825e-17
9062.44 1.87416e-16 2.398e-17
9065.3 1.03081e-16 1.31859e-17
9068.17 7.54945e-17 9.65458e-18
9071.03 1.13042e-16 1.44526e-17
9073.89 8.37184e-17 1.07007e-17
9076.76 1.05194e-16 1.34421e-17
9079.62 9.47864e-17 1.2109e-17
9082.48 1.24476e-16 1.58976e-17
9085.35 8.25564e-17 1.0541e-17
9088.21 2.68782e-17 3.43095e-18
9091.07 7.0023e-17 8.9359e-18
9093.94 1.57846e-16 2.01378e-17
9096.8 8.74911e-17 1.1159e-17
9099.66 1.08528e-16 1.38384e-17
9102.53 1.49831e-16 1.90996e-17
9105.39 1.03146e-16 1.31448e-17
9108.25 1.36355e-16 1.73721e-17
9111.12 5.89437e-17 7.50754e-18
9113.98 6.19294e-17 7.88562e-18
9116.84 1.20839e-16 1.53824e-17
9119.7 1.32549e-16 1.68681e-17
9122.57 4.17666e-17 5.31372e-18
9125.43 -1.56964e-17 -1.99639e-18
9128.29 5.67922e-17 7.22119e-18
9131.16 4.30599e-17 5.47353e-18
9134.02 9.14837e-17 1.16255e-17
9136.88 5.15498e-17 6.5489e-18
9139.75 1.03343e-17 1.31249e-18
9142.61 8.21365e-17 1.04285e-17
9145.47 1.15239e-16 1.46271e-17
9148.34 -3.33189e-18 -4.22784e-19
9151.2 -7.99514e-18 -1.0142e-18
9154.06 -1.15853e-18 -1.46918e-19
9156.92 -1.0768e-18 -1.36512e-19
9159.79 -1.12489e-18 -1.42566e-19
9162.65 -1.19953e-18 -1.51979e-19
9165.51 -1.00974e-18 -1.27893e-19
9168.38 -1.11018e-17 -1.40572e-18
