3497.86 -9.09255e-18 -9.00952e-19
3500.73 -9.47979e-18 -9.32915e-19
3503.59 -1.43479e-17 -1.40259e-18
3506.46 3.18311e-17 3.09135e-18
3509.32 5.01107e-17 4.83559e-18
3512.19 8.84031e-17 8.47733e-18
3515.05 -7.32589e-17 -6.98219e-18
3517.92 1.16612e-16 1.10475e-17
3520.78 -6.11984e-17 -5.76384e-18
3523.65 -3.12642e-18 -2.92764e-19
3526.51 8.75979e-17 8.15688e-18
3529.38 -1.61248e-17 -1.49324e-18
3532.24 2.93061e-17 2.69934e-18
3535.1 3.55878e-17 3.26074e-18
3537.97 7.53228e-17 6.86592e-18
3540.83 3.33928e-17 3.02858e-18
3543.7 1.20899e-16 1.09109e-17
3546.56 5.72053e-18 5.13788e-19
3549.43 1.37125e-16 1.22578e-17
3552.29 -3.97522e-17 -3.53717e-18
3555.16 1.57397e-16 1.39421e-17
3558.02 -1.02687e-16 -9.05605e-18
3560.89 5.36157e-17 4.70802e-18
3563.75 1.29515e-16 1.13251e-17
3566.62 -3.29022e-17 -2.8652e-18
3569.48 -2.10983e-17 -1.82993e-18
3572.35 1.89015e-18 1.63295e-19
3575.21 1.27884e-16 1.1006e-17
3578.08 -1.15433e-16 -9.8973e-18
3580.94 -6.68269e-17 -5.70888e-18
3583.81 7.07698e-17 6.02413e-18
3586.67 6.35713e-17 5.39259e-18
3589.54 5.52728e-17 4.67272e-18
3592.4 4.49504e-17 3.78752e-18
3595.27 2.41405e-16 2.0275e-17
3598.13 9.78498e-17 8.19235e-18
3601 1.11118e-16 9.27461e-18
3603.86 -4.74113e-17 -3.94546e-18
3606.73 1.35696e-17 1.12594e-18
3609.59 1.24434e-16 1.02957e-17
3612.46 3.31252e-17 2.73322e-18
3615.32 1.59359e-17 1.31138e-18
3618.19 -7.75489e-17 -6.36489e-18
3621.05 1.44453e-16 1.18261e-17
3623.92 6.52907e-17 5.33202e-18
3626.78 5.48994e-17 4.47269e-18
3629.65 -5.98817e-17 -4.86724e-18
3632.51 7.26697e-17 5.89336e-18
3635.38 -4.14572e-17 -3.35472e-18
3638.24 3.00121e-17 2.42344e-18
3641.11 8.55713e-17 6.89557e-18
3643.97 -6.5208e-18 -5.24421e-19
3646.84 -8.68144e-17 -6.9684e-18
3649.7 2.42636e-16 1.94397e-17
3652.57 4.54173e-17 3.63223e-18
3655.43 7.26258e-17 5.79817e-18
3658.3 -5.18932e-17 -4.13602e-18
3661.16 1.08148e-16 8.60583e-18
3664.03 -7.37638e-17 -5.8606e-18
3666.89 1.85819e-16 1.47415e-17
3669.76 5.65203e-17 4.47748e-18
3672.62 1.10843e-16 8.76886e-18
3675.48 7.11348e-17 5.62011e-18
3678.35 1.15928e-16 9.14753e-18
3681.21 -3.67712e-17 -2.89803e-18
3684.08 8.43806e-17 6.64261e-18
3686.94 2.41833e-17 1.90169e-18
3689.81 7.9443e-17 6.24063e-18
3692.67 8.04804e-17 6.31594e-18
3695.54 -8.33474e-17 -6.53486e-18
3698.4 8.76194e-17 6.86382e-18
3701.27 -4.89997e-18 -3.83532e-19
3704.13 7.26286e-17 5.68045e-18
3707 3.33867e-17 2.60937e-18
3709.86 -6.53642e-17 -5.10521e-18
3712.73 6.60626e-18 5.15658e-19
3715.59 8.27704e-17 6.45708e-18
3718.46 8.5744e-17 6.6856e-18
3721.32 4.80163e-17 3.74217e-18
3724.19 5.57778e-17 4.34524e-18
3727.05 8.8934e-17 6.92565e-18
3729.92 1.15831e-16 9.01731e-18
3732.78 7.32994e-17 5.70472e-18
3735.65 4.72417e-18 3.67587e-19
3738.51 5.68056e-17 4.41924e-18
3741.38 1.71415e-16 1.33336e-17
3744.24 -1.00957e-17 -7.85225e-19
3747.11 5.74172e-17 4.46563e-18
3749.97 -2.34838e-17 -1.82646e-18
3752.84 6.00981e-17 4.67436e-18
3755.7 -2.22003e-17 -1.72687e-18
3758.57 2.75033e-17 2.13965e-18
3761.43 -5.67337e-18 -4.41445e-19
3764.3 4.17038e-17 3.24569e-18
3767.16 -3.64302e-17 -2.836e-18
3770.03 1.05541e-16 8.21865e-18
3772.89 -1.10831e-17 -8.63351e-19
3775.76 1.18247e-16 9.21485e-18
3778.62 7.98856e-17 6.22805e-18
3781.49 5.59821e-17 4.36654e-18
3784.35 6.62687e-17 5.17152e-18
3787.22 2.89684e-17 2.2619e-18
3790.08 -1.39391e-17 -1.08903e-18
3792.95 5.64692e-17 4.4146e-18
3795.81 3.76021e-17 2.94159e-18
3798.68 -8.54193e-18 -6.68705e-19
3801.54 2.80021e-17 2.19378e-18
3804.41 9.34667e-18 7.32827e-19
3807.27 1.23414e-16 9.68424e-18
3810.14 5.80925e-17 4.56243e-18
3813 7.64129e-17 6.00665e-18
3815.86 -8.68655e-18 -6.83469e-19
3818.73 8.78913e-17 6.92214e-18
3821.59 2.76226e-18 2.17769e-19
3824.46 1.03681e-16 8.18251e-18
3827.32 -2.66253e-18 -2.10354e-19
3830.19 7.17009e-17 5.67107e-18
3833.05 3.82075e-17 3.02544e-18
3835.92 1.51832e-16 1.2037e-17
3838.78 1.15359e-16 9.15663e-18
3841.65 4.67281e-17 3.71373e-18
3844.51 5.01658e-18 3.99208e-19
3847.38 5.96766e-17 4.75523e-18
3850.24 1.1425e-16 9.11614e-18
3853.11 1.41686e-16 1.13211e-17
3855.97 7.84351e-17 6.27609e-18
3858.84 9.62342e-17 7.71155e-18
3861.7 1.49548e-16 1.20016e-17
3864.57 1.10749e-16 8.90142e-18
3867.43 1.21705e-16 9.79719e-18
3870.3 1.47064e-16 1.18574e-17
3873.16 8.56023e-17 6.91306e-18
3876.03 6.25048e-17 5.0561e-18
3878.89 1.5732e-16 1.27472e-17
3881.76 8.3085e-17 6.74368e-18
3884.62 1.14947e-16 9.34604e-18
3887.49 1.1663e-16 9.49971e-18
3890.35 1.72905e-16 1.41087e-17
3893.22 1.23466e-16 1.00931e-17
3896.08 1.18766e-16 9.72692e-18
3898.95 1.65153e-16 1.35516e-17
3901.81 8.57002e-17 7.0456e-18
3904.68 1.9611e-16 1.61541e-17
3907.54 1.54029e-16 1.27128e-17
3910.41 1.21712e-16 1.00657e-17
3913.27 1.3632e-16 1.12967e-17
3916.14 1.2962e-16 1.07636e-17
3919 1.74838e-16 1.45488e-17
3921.87 1.13253e-16 9.44407e-18
3924.73 1.54932e-16 1.29473e-17
3927.6 1.47235e-16 1.23308e-17
3930.46 1.5157e-16 1.27217e-17
3933.33 1.08966e-16 9.16622e-18
3936.19 1.17419e-16 9.89941e-18
3939.06 1.49809e-16 1.26589e-17
3941.92 1.73876e-16 1.47263e-17
3944.79 1.2971e-16 1.10113e-17
3947.65 1.42094e-16 1.20908e-17
3950.52 1.28216e-16 1.09359e-17
3953.38 1.00192e-16 8.5661e-18
3956.24 1.31967e-16 1.131e-17
3959.11 1.62575e-16 1.39673e-17
3961.97 6.20123e-17 5.3408e-18
3964.84 1.30035e-16 1.12272e-17
3967.7 1.24123e-16 1.07436e-17
3970.57 1.34446e-16 1.16667e-17
3973.43 1.11409e-16 9.69235e-18
3976.3 1.52504e-16 1.33018e-17
3979.16 1.2507e-16 1.09373e-17
3982.03 1.65285e-16 1.44921e-17
3984.89 9.8174e-17 8.63055e-18
3987.76 9.02557e-17 7.95564e-18
3990.62 1.18736e-16 1.04941e-17
3993.49 8.91053e-17 7.89665e-18
3996.35 1.48179e-16 1.31676e-17
3999.22 8.58491e-17 7.64977e-18
4002.08 1.02627e-16 9.17006e-18
4004.95 8.97831e-17 8.04477e-18
4007.81 9.66049e-17 8.68024e-18
4010.68 1.38689e-16 1.24968e-17
4013.54 1.35603e-16 1.22534e-17
4016.41 9.54792e-17 8.6524e-18
4019.27 7.422e-17 6.74517e-18
4022.14 1.0847e-16 9.88643e-18
4025 9.65269e-17 8.82339e-18
4027.87 1.38477e-16 1.26951e-17
4030.73 7.05575e-17 6.48743e-18
4033.6 1.09539e-16 1.01014e-17
4036.46 1.18367e-16 1.09479e-17
4039.33 9.77904e-17 9.07178e-18
4042.19 1.19286e-16 1.1099e-17
4045.06 1.06187e-16 9.91001e-18
4047.92 1.23183e-16 1.1531e-17
4050.79 1.40972e-16 1.32364e-17
4053.65 1.04535e-16 9.84508e-18
4056.52 9.19163e-17 8.68326e-18
4059.38 1.01144e-16 9.58433e-18
4062.25 7.94739e-17 7.55423e-18
4065.11 9.85248e-17 9.39408e-18
4067.98 1.22025e-16 1.1671e-17
4070.84 1.22956e-16 1.17968e-17
4073.71 1.15174e-16 1.10848e-17
4076.57 1.44851e-16 1.39848e-17
4079.44 8.92095e-17 8.64004e-18
4082.3 1.13984e-16 1.10743e-17
4085.17 9.30291e-17 9.06711e-18
4088.03 6.58495e-17 6.4384e-18
4090.9 1.09376e-16 1.07283e-17
4093.76 1.45496e-16 1.43167e-17
4096.62 9.71795e-17 9.59292e-18
4099.49 1.04887e-16 1.0387e-17
4102.35 7.01699e-17 6.97123e-18
4105.22 7.2338e-17 7.20976e-18
4108.08 8.07339e-17 8.07245e-18
4110.95 5.96375e-17 5.98232e-18
4113.81 6.34128e-17 6.38152e-18
4116.68 7.71613e-17 7.79024e-18
4119.54 8.84573e-17 8.95952e-18
4122.41 6.155e-17 6.25439e-18
4125.27 6.61717e-17 6.74575e-18
4128.14 6.93377e-17 7.09144e-18
4131 5.52651e-17 5.67046e-18
4133.87 4.60198e-17 4.73717e-18
4136.73 6.03956e-17 6.23708e-18
4139.6 7.29571e-17 7.55874e-18
4142.46 6.71437e-17 6.97891e-18
4145.33 5.90235e-17 6.15477e-18
4148.19 3.20979e-17 3.35784e-18
4151.06 7.54725e-17 7.92091e-18
4153.92 5.66562e-17 5.96525e-18
4156.79 5.40582e-17 5.71006e-18
4159.65 5.54739e-17 5.87838e-18
4162.52 6.58497e-17 7.00029e-18
4165.38 6.11692e-17 6.52348e-18
4168.25 5.46518e-17 5.84707e-18
4171.11 4.65429e-17 4.99534e-18
4173.98 8.94747e-17 9.63366e-18
4176.84 7.34445e-17 7.9327e-18
4179.71 3.959e-17 4.28962e-18
4182.57 5.3469e-17 5.81161e-18
4185.44 5.27763e-17 5.75433e-18
4188.3 5.7258e-17 6.26244e-18
4191.17 6.72607e-17 7.37938e-18
4194.03 6.5396e-17 7.19698e-18
4196.9 6.68709e-17 7.38202e-18
4199.76 8.12864e-17 9.00085e-18
4202.63 6.12471e-17 6.80263e-18
4205.49 6.54968e-17 7.29668e-18
4208.36 6.8951e-17 7.70472e-18
4211.22 3.97953e-17 4.46012e-18
4214.09 7.0051e-17 7.87454e-18
4216.95 6.2321e-17 7.02632e-18
4219.82 6.04725e-17 6.838e-18
4222.68 5.42599e-17 6.1534e-18
4225.55 4.10907e-17 4.67347e-18
4228.41 8.13182e-17 9.27533e-18
4231.27 5.98345e-17 6.8443e-18
4234.14 6.75556e-17 7.7494e-18
4237 6.71456e-17 7.72393e-18
4239.87 5.37275e-17 6.19762e-18
4242.73 5.79258e-17 6.70027e-18
4245.6 7.90275e-17 9.16606e-18
4248.46 7.24223e-17 8.42257e-18
4251.33 6.43558e-17 7.50445e-18
4254.19 4.92305e-17 5.75583e-18
4257.06 3.96486e-17 4.64766e-18
4259.92 5.38752e-17 6.33156e-18
4262.79 4.61599e-17 5.43865e-18
4265.65 5.7316e-17 6.77001e-18
4268.52 7.38738e-17 8.74741e-18
4271.38 6.63141e-17 7.8714e-18
4274.25 4.03329e-17 4.799e-18
4277.11 5.71162e-17 6.81202e-18
4279.98 5.70474e-17 6.81969e-18
4282.84 3.14481e-17 3.76804e-18
4285.71 4.8285e-17 5.79845e-18
4288.57 3.51279e-17 4.22775e-18
4291.44 3.73597e-17 4.50613e-18
4294.3 4.70501e-17 5.687e-18
4297.17 5.70981e-17 6.91593e-18
4300.03 3.77333e-17 4.57971e-18
4302.9 6.08315e-17 7.39791e-18
4305.76 4.07461e-17 4.96491e-18
4308.63 5.09234e-17 6.21684e-18
4311.49 6.99848e-17 8.55974e-18
4314.36 4.91032e-17 6.01662e-18
4317.22 5.50549e-17 6.75772e-18
4320.09 3.64838e-17 4.48587e-18
4322.95 5.84568e-17 7.19946e-18
4325.82 8.20094e-17 1.01164e-17
4328.68 7.23606e-17 8.93999e-18
4331.55 5.71431e-17 7.0705e-18
4334.41 3.7461e-17 4.64186e-18
4337.28 4.92614e-17 6.11255e-18
4340.14 5.90455e-17 7.33634e-18
4343.01 4.60811e-17 5.73285e-18
4345.87 5.18629e-17 6.45998e-18
4348.74 4.80264e-17 5.98906e-18
4351.6 5.88244e-17 7.34365e-18
4354.47 5.69802e-17 7.12081e-18
4357.33 6.74484e-17 8.43724e-18
4360.2 5.99968e-17 7.51198e-18
4363.06 7.181e-17 8.9987e-18
4365.93 7.6069e-17 9.53994e-18
4368.79 5.3091e-17 6.66305e-18
4371.66 8.9037e-17 1.11818e-17
4374.52 7.68318e-17 9.6548e-18
4377.38 7.69827e-17 9.679e-18
4380.25 6.91166e-17 8.69418e-18
4383.11 8.02707e-17 1.01015e-17
4385.98 7.07578e-17 8.9076e-18
4388.84 1.01494e-16 1.27808e-17
4391.71 9.5221e-17 1.19938e-17
4394.57 8.60265e-17 1.08377e-17
4397.44 9.49957e-17 1.19692e-17
4400.3 1.12728e-16 1.42044e-17
4403.17 1.01036e-16 1.27314e-17
4406.03 1.23588e-16 1.55726e-17
4408.9 1.2601e-16 1.58762e-17
4411.76 9.79159e-17 1.23348e-17
4414.63 1.10095e-16 1.38663e-17
4417.49 1.17422e-16 1.47853e-17
4420.36 1.18753e-16 1.49483e-17
4423.22 9.66657e-17 1.21637e-17
4426.09 1.21648e-16 1.5301e-17
4428.95 1.07649e-16 1.3534e-17
4431.82 1.37137e-16 1.72325e-17
4434.68 1.19398e-16 1.49951e-17
4437.55 1.24578e-16 1.56362e-17
4440.41 1.08085e-16 1.35573e-17
4443.28 1.21011e-16 1.5168e-17
4446.14 1.22734e-16 1.53724e-17
4449.01 1.1644e-16 1.45726e-17
4451.87 1.19618e-16 1.49578e-17
4454.74 1.0331e-16 1.29071e-17
4457.6 1.00384e-16 1.253e-17
4460.47 1.06891e-16 1.33293e-17
4463.33 1.50296e-16 1.87231e-17
4466.2 1.22535e-16 1.52487e-17
4469.06 1.43392e-16 1.78248e-17
4471.93 1.45887e-16 1.81145e-17
4474.79 1.25514e-16 1.55666e-17
4477.66 1.20795e-16 1.49633e-17
4480.52 1.53966e-16 1.90485e-17
4483.39 1.38974e-16 1.71717e-17
4486.25 1.37038e-16 1.69103e-17
4489.12 1.46026e-16 1.7995e-17
4491.98 1.50823e-16 1.85604e-17
4494.85 1.26947e-16 1.55999e-17
4497.71 1.17308e-16 1.43945e-17
4500.58 1.38924e-16 1.70216e-17
4503.44 1.38439e-16 1.69365e-17
4506.31 1.49816e-16 1.82999e-17
4509.17 1.27797e-16 1.55858e-17
4512.04 1.2684e-16 1.54441e-17
4514.9 1.48394e-16 1.80391e-17
4517.76 1.37874e-16 1.67324e-17
4520.63 1.71876e-16 2.08236e-17
4523.49 1.25114e-16 1.51321e-17
4526.36 1.37333e-16 1.6581e-17
4529.22 1.20375e-16 1.45079e-17
4532.09 1.47865e-16 1.7789e-17
4534.95 1.24712e-16 1.49764e-17
4537.82 1.13287e-16 1.35793e-17
4540.68 1.43962e-16 1.72242e-17
4543.55 1.15699e-16 1.38166e-17
4546.41 1.13589e-16 1.35389e-17
4549.28 1.4868e-16 1.76872e-17
4552.14 1.29268e-16 1.53481e-17
4555.01 1.27037e-16 1.50536e-17
4557.87 1.3524e-16 1.5994e-17
4560.74 1.17422e-16 1.3859e-17
4563.6 1.32515e-16 1.56089e-17
4566.47 1.23465e-16 1.45133e-17
4569.33 1.30187e-16 1.52723e-17
4572.2 1.25968e-16 1.47469e-17
4575.06 1.53783e-16 1.79658e-17
4577.93 1.46209e-16 1.70453e-17
4580.79 1.27025e-16 1.47777e-17
4583.66 1.40097e-16 1.6264e-17
4586.52 1.33874e-16 1.55087e-17
4589.39 1.25052e-16 1.44557e-17
4592.25 1.58006e-16 1.8226e-17
4595.12 1.5808e-16 1.81952e-17
4597.98 1.53552e-16 1.76359e-17
4600.85 1.54642e-16 1.77224e-17
4603.71 1.60935e-16 1.84035e-17
4606.58 1.47691e-16 1.68521e-17
4609.44 1.71948e-16 1.95769e-17
4612.31 1.3698e-16 1.55614e-17
4615.17 1.49159e-16 1.69077e-17
4618.04 1.60655e-16 1.81705e-17
4620.9 1.61947e-16 1.82762e-17
4623.77 1.50177e-16 1.69103e-17
4626.63 1.85611e-16 2.0854e-17
4629.5 1.6901e-16 1.89466e-17
4632.36 1.6982e-16 1.89951e-17
4635.23 1.75232e-16 1.95568e-17
4638.09 1.75211e-16 1.9511e-17
4640.96 1.64625e-16 1.82914e-17
4643.82 2.02653e-16 2.24666e-17
4646.69 1.76851e-16 1.95625e-17
4649.55 1.84879e-16 2.04051e-17
4652.42 1.69452e-16 1.86609e-17
4655.28 1.95105e-16 2.14383e-17
4658.15 1.77806e-16 1.94942e-17
4661.01 2.08514e-16 2.28104e-17
4663.87 2.12111e-16 2.31528e-17
4666.74 2.21812e-16 2.41583e-17
4669.6 2.19291e-16 2.38313e-17
4672.47 2.32704e-16 2.52335e-17
4675.33 2.10631e-16 2.27901e-17
4678.2 2.32871e-16 2.51415e-17
4681.06 2.12299e-16 2.28708e-17
4683.93 2.21122e-16 2.37696e-17
4686.79 2.22917e-16 2.3911e-17
4689.66 2.39086e-16 2.55901e-17
4692.52 2.13004e-16 2.27498e-17
4695.39 2.44521e-16 2.60603e-17
4698.25 2.11131e-16 2.2454e-17
4701.12 2.03923e-16 2.16416e-17
4703.98 2.28027e-16 2.4149e-17
4706.85 2.40473e-16 2.54138e-17
4709.71 2.27415e-16 2.3984e-17
4712.58 2.24156e-16 2.35914e-17
4715.44 2.23052e-16 2.34271e-17
4718.31 2.18079e-16 2.2858e-17
4721.17 1.89608e-16 1.98337e-17
4724.04 1.95471e-16 2.04058e-17
4726.9 1.71843e-16 1.79034e-17
4729.77 1.74592e-16 1.81537e-17
4732.63 1.8252e-16 1.89407e-17
4735.5 2.01332e-16 2.08521e-17
4738.36 1.87008e-16 1.93311e-17
4741.23 1.79622e-16 1.85319e-17
4744.09 1.75934e-16 1.81169e-17
4746.96 1.67364e-16 1.72018e-17
4749.82 1.77337e-16 1.81929e-17
4752.69 1.68693e-16 1.7274e-17
4755.55 1.52025e-16 1.55387e-17
4758.42 1.63503e-16 1.66815e-17
4761.28 1.45327e-16 1.48006e-17
4764.15 1.67353e-16 1.70135e-17
4767.01 1.51934e-16 1.54189e-17
4769.88 1.59814e-16 1.61904e-17
4772.74 1.45212e-16 1.46859e-17
4775.61 1.68892e-16 1.70518e-17
4778.47 1.43612e-16 1.44753e-17
4781.34 1.53547e-16 1.5451e-17
4784.2 1.27021e-16 1.27609e-17
4787.07 1.51455e-16 1.51911e-17
4789.93 1.40177e-16 1.40375e-17
4792.79 1.45353e-16 1.4533e-17
4795.66 1.54837e-16 1.54571e-17
4798.52 1.46806e-16 1.46329e-17
4801.39 1.67095e-16 1.66299e-17
4804.25 1.8696e-16 1.85791e-17
4807.12 1.76248e-16 1.74886e-17
4809.98 1.67322e-16 1.65787e-17
4812.85 1.71731e-16 1.6991e-17
4815.71 1.69499e-16 1.67463e-17
4818.58 1.77675e-16 1.75294e-17
4821.44 1.7503e-16 1.72445e-17
4824.31 1.71033e-16 1.68275e-17
4827.17 1.86838e-16 1.83577e-17
4830.04 1.81755e-16 1.78344e-17
4832.9 1.45584e-16 1.42664e-17
4835.77 1.77886e-16 1.74091e-17
4838.63 1.77753e-16 1.73738e-17
4841.5 1.78143e-16 1.73898e-17
4844.36 1.69079e-16 1.64843e-17
4847.23 1.56959e-16 1.52838e-17
4850.09 1.74866e-16 1.70068e-17
4852.96 1.85215e-16 1.79917e-17
4855.82 1.7121e-16 1.66116e-17
4858.69 1.71403e-16 1.66108e-17
4861.55 1.7778e-16 1.7209e-17
4864.42 1.64876e-16 1.59417e-17
4867.28 1.78983e-16 1.72864e-17
4870.15 1.58567e-16 1.52976e-17
4873.01 1.4105e-16 1.35929e-17
4875.88 1.54259e-16 1.48498e-17
4878.74 1.67036e-16 1.60628e-17
4881.61 1.55375e-16 1.49257e-17
4884.47 1.72189e-16 1.6524e-17
4887.34 1.77491e-16 1.70155e-17
4890.2 1.40865e-16 1.34908e-17
4893.07 1.34793e-16 1.28965e-17
4895.93 1.37385e-16 1.31318e-17
4898.8 1.52009e-16 1.45157e-17
4901.66 1.43883e-16 1.37268e-17
4904.53 1.31258e-16 1.25107e-17
4907.39 1.37504e-16 1.30941e-17
4910.26 1.41105e-16 1.34249e-17
4913.12 1.34602e-16 1.27949e-17
4915.99 1.15185e-16 1.09396e-17
4918.85 1.09151e-16 1.03576e-17
4921.72 1.26834e-16 1.20254e-17
4924.58 1.10498e-16 1.04678e-17
4927.45 1.16601e-16 1.1037e-17
4930.31 1.01066e-16 9.55882e-18
4933.17 1.18814e-16 1.12284e-17
4936.04 1.02738e-16 9.7017e-18
4938.9 1.1e-16 1.03795e-17
4941.77 1.21734e-16 1.1478e-17
4944.63 1.34847e-16 1.2705e-17
4947.5 1.00359e-16 9.44877e-18
4950.36 1.14321e-16 1.07556e-17
4953.23 1.0837e-16 1.01885e-17
4956.09 1.07606e-16 1.01098e-17
4958.96 1.21338e-16 1.13921e-17
4961.82 1.17154e-16 1.09919e-17
4964.69 1.08322e-16 1.01566e-17
4967.55 1.17061e-16 1.0969e-17
4970.42 1.22213e-16 1.14445e-17
4973.28 1.2968e-16 1.21362e-17
4976.15 1.1275e-16 1.05454e-17
4979.01 8.84656e-17 8.26917e-18
4981.88 1.17156e-16 1.09445e-17
4984.74 1.14205e-16 1.06628e-17
4987.61 1.22651e-16 1.14449e-17
4990.47 1.35168e-16 1.26059e-17
4993.34 1.1599e-16 1.08115e-17
4996.2 1.15859e-16 1.07936e-17
4999.07 1.04141e-16 9.69693e-18
5001.93 1.40205e-16 1.30483e-17
5004.8 1.24821e-16 1.16108e-17
5007.66 1.22122e-16 1.13542e-17
5010.53 1.31429e-16 1.22137e-17
5013.39 1.29932e-16 1.2069e-17
5016.26 1.46149e-16 1.35692e-17
5019.12 1.10747e-16 1.02777e-17
5021.99 1.20442e-16 1.11726e-17
5024.85 1.33257e-16 1.23561e-17
5027.72 1.15958e-16 1.07476e-17
5030.58 1.37759e-16 1.27631e-17
5033.45 1.24808e-16 1.15587e-17
5036.31 1.40526e-16 1.30093e-17
5039.18 1.47573e-16 1.36566e-17
5042.04 1.34797e-16 1.24697e-17
5044.91 1.19951e-16 1.10924e-17
5047.77 1.29379e-16 1.19601e-17
5050.64 1.3012e-16 1.20246e-17
5053.5 1.25759e-16 1.16178e-17
5056.37 1.23848e-16 1.14376e-17
5059.23 1.33962e-16 1.23678e-17
5062.1 1.18203e-16 1.09096e-17
5064.96 1.18617e-16 1.09446e-17
5067.83 1.3677e-16 1.2616e-17
5070.69 1.13794e-16 1.04938e-17
5073.56 1.28566e-16 1.18529e-17
5076.42 1.21609e-16 1.12086e-17
5079.28 1.30297e-16 1.20064e-17
5082.15 1.20895e-16 1.11374e-17
5085.01 1.18234e-16 1.08897e-17
5087.88 1.30788e-16 1.20433e-17
5090.74 1.15393e-16 1.06234e-17
5093.61 1.22308e-16 1.12577e-17
5096.47 1.13653e-16 1.0459e-17
5099.34 1.25666e-16 1.15623e-17
5102.2 1.14524e-16 1.05352e-17
5105.07 1.09348e-16 1.00573e-17
5107.93 1.1435e-16 1.05157e-17
5110.8 1.18644e-16 1.09088e-17
5113.66 1.26901e-16 1.16662e-17
5116.53 1.32816e-16 1.22083e-17
5119.39 1.23287e-16 1.13308e-17
5122.26 1.32228e-16 1.2151e-17
5125.12 1.38058e-16 1.26852e-17
5127.99 1.44178e-16 1.3246e-17
5130.85 1.38273e-16 1.27022e-17
5133.72 1.56463e-16 1.43717e-17
5136.58 1.36465e-16 1.25337e-17
5139.45 1.19386e-16 1.09641e-17
5142.31 1.26105e-16 1.15803e-17
5145.18 1.57326e-16 1.44463e-17
5148.04 1.45033e-16 1.33166e-17
5150.91 1.29003e-16 1.18441e-17
5153.77 1.44958e-16 1.33083e-17
5156.64 1.78094e-16 1.63497e-17
5159.5 1.76075e-16 1.61637e-17
5162.37 1.44845e-16 1.32964e-17
5165.23 1.77158e-16 1.62622e-17
5168.1 1.79994e-16 1.65222e-17
5170.96 1.58477e-16 1.45469e-17
5173.83 1.54033e-16 1.41389e-17
5176.69 1.90642e-16 1.74992e-17
5179.56 2.0557e-16 1.88696e-17
5182.42 1.91047e-16 1.75367e-17
5185.29 2.17311e-16 1.99479e-17
5188.15 2.03915e-16 1.87186e-17
5191.02 2.06478e-16 1.89544e-17
5193.88 2.23381e-16 2.05068e-17
5196.75 2.0467e-16 1.87898e-17
5199.61 2.26e-16 2.0749e-17
5202.48 2.15039e-16 1.97436e-17
5205.34 2.27134e-16 2.08553e-17
5208.21 2.41394e-16 2.2166e-17
5211.07 2.36404e-16 2.17092e-17
5213.94 2.27701e-16 2.09115e-17
5216.8 2.14841e-16 1.9732e-17
5219.66 2.3757e-16 2.18213e-17
5222.53 2.35404e-16 2.16242e-17
5225.39 2.58581e-16 2.37554e-17
5228.26 2.64078e-16 2.42627e-17
5231.12 2.67849e-16 2.46117e-17
5233.99 2.44064e-16 2.24285e-17
5236.85 2.40931e-16 2.2143e-17
5239.72 2.47065e-16 2.27094e-17
5242.58 2.56517e-16 2.3581e-17
5245.45 2.71957e-16 2.50034e-17
5248.31 2.98993e-16 2.74926e-17
5251.18 2.63759e-16 2.4256e-17
5254.04 2.61471e-16 2.40488e-17
5256.91 2.85458e-16 2.62587e-17
5259.77 2.90557e-16 2.67316e-17
5262.64 2.88147e-16 2.65138e-17
5265.5 3.17074e-16 2.91801e-17
5268.37 2.96479e-16 2.72889e-17
5271.23 3.14804e-16 2.89802e-17
5274.1 2.97931e-16 2.74314e-17
5276.96 3.1679e-16 2.91726e-17
5279.83 3.16887e-16 2.91865e-17
5282.69 3.18809e-16 2.93686e-17
5285.56 3.45736e-16 3.18548e-17
5288.42 3.35978e-16 3.09613e-17
5291.29 3.24486e-16 2.99078e-17
5294.15 3.01039e-16 2.77519e-17
5297.02 3.18961e-16 2.94096e-17
5299.88 3.5248e-16 3.25066e-17
5302.75 3.59208e-16 3.31335e-17
5305.61 3.64022e-16 3.35842e-17
5308.48 3.3575e-16 3.0982e-17
5311.34 3.34181e-16 3.08436e-17
5314.21 3.27408e-16 3.02248e-17
5317.07 3.72951e-16 3.44363e-17
5319.94 3.58837e-16 3.31401e-17
5322.8 3.30468e-16 3.05267e-17
5325.67 3.74145e-16 3.45688e-17
5328.53 3.85168e-16 3.55951e-17
5331.4 3.77599e-16 3.49034e-17
5334.26 3.51739e-16 3.25203e-17
5337.13 3.76243e-16 3.47937e-17
5339.99 3.79468e-16 3.50999e-17
5342.86 4.0697e-16 3.76525e-17
5345.72 3.63921e-16 3.36774e-17
5348.58 3.67119e-16 3.39813e-17
5351.45 3.88599e-16 3.59781e-17
5354.31 3.66596e-16 3.3949e-17
5357.18 3.88422e-16 3.59788e-17
5360.04 3.7657e-16 3.48893e-17
5362.91 3.76026e-16 3.48474e-17
5365.77 3.74118e-16 3.46791e-17
5368.64 3.90356e-16 3.61931e-17
5371.5 3.99933e-16 3.70902e-17
5374.37 3.92777e-16 3.64356e-17
5377.23 3.717e-16 3.4489e-17
5380.1 3.81359e-16 3.53941e-17
5382.96 3.82811e-16 3.55377e-17
5385.83 3.75737e-16 3.48898e-17
5388.69 3.50981e-16 3.25993e-17
5391.56 3.7632e-16 3.49617e-17
5394.42 3.69896e-16 3.43736e-17
5397.29 3.70331e-16 3.44228e-17
5400.15 3.82143e-16 3.55298e-17
5403.02 3.49138e-16 3.24695e-17
5405.88 3.70112e-16 3.44289e-17
5408.75 3.59783e-16 3.34766e-17
5411.61 3.39536e-16 3.16008e-17
5414.48 3.48151e-16 3.2411e-17
5417.34 3.49977e-16 3.25894e-17
5420.21 3.50132e-16 3.26122e-17
5423.07 3.46151e-16 3.22497e-17
5425.94 3.45311e-16 3.21797e-17
5428.8 3.30662e-16 3.08225e-17
5431.67 3.31973e-16 3.09527e-17
5434.53 3.14132e-16 2.92967e-17
5437.4 3.3595e-16 3.13396e-17
5440.26 3.3043e-16 3.08325e-17
5443.13 3.521e-16 3.2863e-17
5445.99 3.40937e-16 3.18292e-17
5448.86 3.15209e-16 2.94348e-17
5451.72 3.31867e-16 3.09982e-17
5454.59 3.46344e-16 3.23586e-17
5457.45 3.32218e-16 3.10467e-17
5460.32 3.53868e-16 3.30783e-17
5463.18 3.74237e-16 3.4991e-17
5466.05 3.33086e-16 3.11512e-17
5468.91 3.22025e-16 3.01243e-17
5471.78 3.52099e-16 3.29458e-17
5474.64 3.55749e-16 3.32956e-17
5477.51 3.54194e-16 3.31583e-17
5480.37 3.76861e-16 3.5289e-17
5483.24 3.52867e-16 3.30504e-17
5486.1 3.59124e-16 3.36447e-17
5488.96 3.81722e-16 3.57705e-17
5491.83 3.92748e-16 3.68127e-17
5494.69 3.74057e-16 3.50693e-17
5497.56 3.94638e-16 3.70079e-17
5500.42 4.10534e-16 3.85079e-17
5503.29 4.12772e-16 3.87272e-17
5506.15 4.00495e-16 3.75844e-17
5509.02 4.18674e-16 3.92998e-17
5511.88 4.92231e-16 4.62155e-17
5514.75 4.95896e-16 4.65707e-17
5517.61 4.33082e-16 4.06814e-17
5520.48 4.35979e-16 4.09633e-17
5523.34 4.45639e-16 4.18808e-17
5526.21 4.39413e-16 4.13055e-17
5529.07 4.8792e-16 4.5876e-17
5531.94 4.74799e-16 4.46529e-17
5534.8 4.78763e-16 4.50362e-17
5537.67 4.54653e-16 4.27782e-17
5540.53 4.73356e-16 4.45484e-17
5543.4 4.664e-16 4.3904e-17
5546.26 4.58246e-16 4.31464e-17
5549.13 4.93803e-16 4.65051e-17
5551.99 4.66647e-16 4.39577e-17
5554.86 4.61704e-16 4.35021e-17
5557.72 4.77294e-16 4.49813e-17
5560.59 4.82664e-16 4.54978e-17
5563.45 4.51083e-16 4.25306e-17
5566.32 4.56109e-16 4.30143e-17
5569.18 4.39887e-16 4.14938e-17
5572.05 4.0606e-16 3.83117e-17
5574.91 4.40015e-16 4.15247e-17
5577.78 4.15502e-16 3.92202e-17
5580.64 4.30412e-16 4.06367e-17
5583.51 4.43292e-16 4.18621e-17
5586.37 4.25832e-16 4.02223e-17
5589.24 4.25918e-16 4.02394e-17
5592.1 4.58104e-16 4.32898e-17
5594.97 4.70029e-16 4.44266e-17
5597.83 4.41832e-16 4.17706e-17
5600.7 4.61133e-16 4.36051e-17
5603.56 4.39266e-16 4.15463e-17
5606.43 4.15861e-16 3.93413e-17
5609.29 4.4823e-16 4.24127e-17
5612.16 4.27828e-16 4.04911e-17
5615.02 3.88717e-16 3.67975e-17
5617.89 4.48762e-16 4.24908e-17
5620.75 4.44574e-16 4.21034e-17
5623.62 4.04426e-16 3.83094e-17
5626.48 4.11637e-16 3.90009e-17
5629.35 4.13437e-16 3.91799e-17
5632.21 3.94281e-16 3.73725e-17
5635.07 3.95432e-16 3.74896e-17
5637.94 4.23289e-16 4.01392e-17
5640.8 4.34163e-16 4.11791e-17
5643.67 4.1816e-16 3.96697e-17
5646.53 4.25756e-16 4.03988e-17
5649.4 4.09237e-16 3.88395e-17
5652.26 4.19387e-16 3.98112e-17
5655.13 4.03438e-16 3.83053e-17
5657.99 4.23017e-16 4.01726e-17
5660.86 4.40161e-16 4.18095e-17
5663.72 4.50627e-16 4.28125e-17
5666.59 4.84455e-16 4.60359e-17
5669.45 4.60415e-16 4.37605e-17
5672.32 4.48147e-16 4.26033e-17
5675.18 4.50023e-16 4.27905e-17
5678.05 4.4043e-16 4.18869e-17
5680.91 4.74777e-16 4.51627e-17
5683.78 4.83134e-16 4.59671e-17
5686.64 4.83327e-16 4.59948e-17
5689.51 5.08131e-16 4.83651e-17
5692.37 5.18503e-16 4.93623e-17
5695.24 4.97452e-16 4.73678e-17
5698.1 5.32634e-16 5.07281e-17
5700.97 5.14984e-16 4.9057e-17
5703.83 5.02334e-16 4.78616e-17
5706.7 5.20834e-16 4.96341e-17
5709.56 5.45508e-16 5.19959e-17
5712.43 5.00944e-16 4.77577e-17
5715.29 5.46271e-16 5.20893e-17
5718.16 5.3431e-16 5.09589e-17
5721.02 4.88775e-16 4.66253e-17
5723.89 4.83403e-16 4.61219e-17
5726.75 5.284e-16 5.0425e-17
5729.62 4.68363e-16 4.47045e-17
5732.48 4.87639e-16 4.65535e-17
5735.35 4.76921e-16 4.55392e-17
5738.21 4.94268e-16 4.72047e-17
5741.08 4.57125e-16 4.36659e-17
5743.94 4.58809e-16 4.38352e-17
5746.81 4.28419e-16 4.09397e-17
5749.67 4.26802e-16 4.0793e-17
5752.54 4.27156e-16 4.08347e-17
5755.4 4.31279e-16 4.12367e-17
5758.27 4.26562e-16 4.07935e-17
5761.13 4.08248e-16 3.90496e-17
5764 4.10037e-16 3.92282e-17
5766.86 4.38479e-16 4.19572e-17
5769.73 4.33687e-16 4.15065e-17
5772.59 4.10199e-16 3.9266e-17
5775.45 4.07152e-16 3.89816e-17
5778.32 4.04464e-16 3.87316e-17
5781.18 4.07042e-16 3.89858e-17
5784.05 4.19968e-16 4.02313e-17
5786.91 4.05402e-16 3.88432e-17
5789.78 3.91186e-16 3.74881e-17
5792.64 3.93758e-16 3.77417e-17
5795.51 3.89003e-16 3.72928e-17
5798.37 4.03726e-16 3.87114e-17
5801.24 4.00944e-16 3.84517e-17
5804.1 3.82025e-16 3.66441e-17
5806.97 3.93791e-16 3.77796e-17
5809.83 4.0375e-16 3.87422e-17
5812.7 3.82074e-16 3.66689e-17
5815.56 4.15482e-16 3.98825e-17
5818.43 4.10572e-16 3.94184e-17
5821.29 4.00031e-16 3.84133e-17
5824.16 4.00239e-16 3.84402e-17
5827.02 4.06938e-16 3.90907e-17
5829.89 3.8189e-16 3.66912e-17
5832.75 4.04246e-16 3.88461e-17
5835.62 3.81054e-16 3.6624e-17
5838.48 3.71043e-16 3.56682e-17
5841.35 3.97943e-16 3.8261e-17
5844.21 3.88023e-16 3.73138e-17
5847.08 3.76899e-16 3.62506e-17
5849.94 4.00763e-16 3.85527e-17
5852.81 4.00686e-16 3.85521e-17
5855.67 4.07418e-16 3.92067e-17
5858.54 3.68411e-16 3.54593e-17
5861.4 3.74022e-16 3.60057e-17
5864.27 3.97605e-16 3.82826e-17
5867.13 3.58949e-16 3.45668e-17
5870 3.86274e-16 3.72047e-17
5872.86 3.80257e-16 3.66315e-17
5875.73 3.66215e-16 3.52849e-17
5878.59 3.89821e-16 3.75659e-17
5881.46 3.62199e-16 3.49101e-17
5884.32 3.92128e-16 3.78013e-17
5887.19 3.5002e-16 3.37479e-17
5890.05 3.40074e-16 3.27946e-17
5892.92 3.50424e-16 3.37986e-17
5895.78 3.54826e-16 3.42289e-17
5898.65 3.80773e-16 3.67383e-17
5901.51 3.46699e-16 3.34564e-17
5904.38 3.4932e-16 3.37151e-17
5907.24 3.28223e-16 3.16842e-17
5910.1 3.44292e-16 3.32411e-17
5912.97 3.44324e-16 3.32498e-17
5915.83 3.52628e-16 3.40574e-17
5918.7 3.14365e-16 3.0367e-17
5921.56 3.31997e-16 3.20756e-17
5924.43 2.95617e-16 2.85656e-17
5927.29 3.37065e-16 3.25762e-17
5930.16 3.04581e-16 2.94417e-17
5933.02 2.77303e-16 2.68094e-17
5935.89 3.24139e-16 3.13427e-17
5938.75 2.72744e-16 2.63774e-17
5941.62 2.76574e-16 2.67523e-17
5944.48 2.92294e-16 2.82775e-17
5947.35 2.68112e-16 2.59423e-17
5950.21 2.88425e-16 2.79124e-17
5953.08 2.97842e-16 2.88285e-17
5955.94 2.735e-16 2.64768e-17
5958.81 2.84324e-16 2.75291e-17
5961.67 2.85223e-16 2.76207e-17
5964.54 2.95736e-16 2.86435e-17
5967.4 2.92157e-16 2.83014e-17
5970.27 3.26068e-16 3.15916e-17
5973.13 2.95127e-16 2.85984e-17
5976 3.26421e-16 3.1636e-17
5978.86 3.15245e-16 3.05578e-17
5981.73 3.05951e-16 2.96617e-17
5984.59 3.37228e-16 3.26993e-17
5987.46 3.0729e-16 2.98012e-17
5990.32 3.24178e-16 3.1444e-17
5993.19 3.26196e-16 3.16449e-17
5996.05 3.3908e-16 3.29e-17
5998.92 3.29936e-16 3.20179e-17
6001.78 3.05792e-16 2.96797e-17
6004.65 3.12328e-16 3.03188e-17
6007.51 3.16477e-16 3.07265e-17
6010.38 3.38776e-16 3.28968e-17
6013.24 3.1033e-16 3.01393e-17
6016.11 3.24681e-16 3.15381e-17
6018.97 3.28419e-16 3.19062e-17
6021.84 3.28569e-16 3.19258e-17
6024.7 3.19428e-16 3.10425e-17
6027.57 3.17356e-16 3.0846e-17
6030.43 3.43477e-16 3.33902e-17
6033.3 3.5571e-16 3.45848e-17
6036.16 3.36362e-16 3.27088e-17
6039.03 3.32662e-16 3.2354e-17
6041.89 3.34011e-16 3.24903e-17
6044.76 3.03591e-16 2.95359e-17
6047.62 3.30197e-16 3.21293e-17
6050.48 3.15666e-16 3.07202e-17
6053.35 3.28129e-16 3.1938e-17
6056.21 3.58526e-16 3.49021e-17
6059.08 3.393e-16 3.30355e-17
6061.94 3.27501e-16 3.18917e-17
6064.81 3.09216e-16 3.01158e-17
6067.67 3.18169e-16 3.09925e-17
6070.54 3.05324e-16 2.9746e-17
6073.4 3.14537e-16 3.06482e-17
6076.27 3.06725e-16 2.98916e-17
6079.13 3.0912e-16 3.01296e-17
6082 2.83666e-16 2.76529e-17
6084.86 3.07997e-16 3.00293e-17
6087.73 3.03828e-16 2.96274e-17
6090.59 2.9504e-16 2.87748e-17
6093.46 2.97799e-16 2.90483e-17
6096.32 2.98605e-16 2.91314e-17
6099.19 2.94364e-16 2.8722e-17
6102.05 2.93467e-16 2.86388e-17
6104.92 3.04354e-16 2.97058e-17
6107.78 2.8388e-16 2.77117e-17
6110.65 3.02292e-16 2.95135e-17
6113.51 3.11176e-16 3.03854e-17
6116.38 3.16485e-16 3.09085e-17
6119.24 3.07543e-16 3.00397e-17
6122.11 3.13118e-16 3.05889e-17
6124.97 2.93658e-16 2.86921e-17
6127.84 2.78626e-16 2.72275e-17
6130.7 2.87003e-16 2.80503e-17
6133.57 3.05099e-16 2.98234e-17
6136.43 2.97096e-16 2.90455e-17
6139.3 2.86713e-16 2.80346e-17
6142.16 2.85094e-16 2.78804e-17
6145.03 2.75721e-16 2.69678e-17
6147.89 2.63877e-16 2.58132e-17
6150.76 2.71049e-16 2.65188e-17
6153.62 2.71989e-16 2.66147e-17
6156.49 2.80138e-16 2.74162e-17
6159.35 2.56267e-16 2.50837e-17
6162.22 2.35944e-16 2.30979e-17
6165.08 2.5128e-16 2.46029e-17
6167.95 2.19548e-16 2.14992e-17
6170.81 2.25016e-16 2.20379e-17
6173.68 2.243e-16 2.19711e-17
6176.54 2.44589e-16 2.3962e-17
6179.41 2.2335e-16 2.18845e-17
6182.27 2.02158e-16 1.98109e-17
6185.14 2.0202e-16 1.98003e-17
6188 2.01306e-16 1.97333e-17
6190.86 1.93143e-16 1.89359e-17
6193.73 1.87791e-16 1.84139e-17
6196.59 1.78785e-16 1.75333e-17
6199.46 1.74526e-16 1.71182e-17
6202.32 1.78781e-16 1.75381e-17
6205.19 1.66596e-16 1.63452e-17
6208.05 1.71304e-16 1.68096e-17
6210.92 1.58076e-16 1.55138e-17
6213.78 1.45742e-16 1.43054e-17
6216.65 1.79495e-16 1.76211e-17
6219.51 1.46934e-16 1.44267e-17
6222.38 1.31745e-16 1.29372e-17
6225.24 1.36213e-16 1.33779e-17
6228.11 1.2522e-16 1.23001e-17
6230.97 1.27273e-16 1.25036e-17
6233.84 1.32884e-16 1.30567e-17
6236.7 1.18227e-16 1.16182e-17
6239.57 1.09465e-16 1.07588e-17
6242.43 1.15788e-16 1.13819e-17
6245.3 1.05887e-16 1.041e-17
6248.16 1.29663e-16 1.27495e-17
6251.03 1.31045e-16 1.28873e-17
6253.89 1.15542e-16 1.13643e-17
6256.76 1.11555e-16 1.09738e-17
6259.62 1.17946e-16 1.16041e-17
6262.49 1.08924e-16 1.0718e-17
6265.35 1.14247e-16 1.12435e-17
6268.22 1.17232e-16 1.15389e-17
6271.08 1.06073e-16 1.0442e-17
6273.95 1.3111e-16 1.29086e-17
6276.81 1.13051e-16 1.11322e-17
6279.68 1.19916e-16 1.18099e-17
6282.54 1.16238e-16 1.14493e-17
6285.41 1.43021e-16 1.40895e-17
6288.27 1.27143e-16 1.25271e-17
6291.14 1.28242e-16 1.26372e-17
6294 1.37141e-16 1.3516e-17
6296.87 1.42781e-16 1.40739e-17
6299.73 1.688e-16 1.6641e-17
6302.6 1.39589e-16 1.37632e-17
6305.46 1.67833e-16 1.65504e-17
6308.33 1.74205e-16 1.71813e-17
6311.19 1.72052e-16 1.69713e-17
6314.06 1.82685e-16 1.80228e-17
6316.92 1.56269e-16 1.54189e-17
6319.79 1.75487e-16 1.73176e-17
6322.65 1.73616e-16 1.71354e-17
6325.52 1.96468e-16 1.93936e-17
6328.38 1.72224e-16 1.70029e-17
6331.25 1.85117e-16 1.82784e-17
6334.11 1.94496e-16 1.92072e-17
6336.97 1.85748e-16 1.83459e-17
6339.84 2.08325e-16 2.05787e-17
6342.7 2.09203e-16 2.06684e-17
6345.57 2.01218e-16 1.98824e-17
6348.43 2.00234e-16 1.97879e-17
6351.3 2.12359e-16 2.09892e-17
6354.16 2.1331e-16 2.1086e-17
6357.03 2.1793e-16 2.15459e-17
6359.89 2.41335e-16 2.38632e-17
6362.76 2.40953e-16 2.38289e-17
6365.62 2.30687e-16 2.28168e-17
6368.49 2.37167e-16 2.34611e-17
6371.35 2.38712e-16 2.36173e-17
6374.22 2.30392e-16 2.27973e-17
6377.08 2.29984e-16 2.27602e-17
6379.95 2.38642e-16 2.36203e-17
6382.81 2.19213e-16 2.17003e-17
6385.68 2.26638e-16 2.24385e-17
6388.54 2.36122e-16 2.33808e-17
6391.41 2.36266e-16 2.33983e-17
6394.27 2.32988e-16 2.30769e-17
6397.14 2.53019e-16 2.50645e-17
6400 2.46339e-16 2.44062e-17
6402.87 2.46987e-16 2.44738e-17
6405.73 2.4472e-16 2.42526e-17
6408.6 2.43457e-16 2.41308e-17
6411.46 2.63549e-16 2.61259e-17
6414.33 2.60492e-16 2.58264e-17
6417.19 2.53592e-16 2.51459e-17
6420.06 2.69539e-16 2.67309e-17
6422.92 2.8272e-16 2.8042e-17
6425.79 2.6504e-16 2.62921e-17
6428.65 2.63974e-16 2.619e-17
6431.52 2.75501e-16 2.73374e-17
6434.38 2.88295e-16 2.86109e-17
6437.25 2.91066e-16 2.889e-17
6440.11 2.6185e-16 2.59937e-17
6442.98 2.81262e-16 2.79246e-17
6445.84 2.92935e-16 2.90876e-17
6448.71 2.91861e-16 2.89849e-17
6451.57 2.91638e-16 2.89668e-17
6454.44 2.85983e-16 2.84091e-17
6457.3 2.99502e-16 2.97561e-17
6460.17 2.99657e-16 2.97756e-17
6463.03 2.98672e-16 2.96819e-17
6465.9 2.96237e-16 2.94439e-17
6468.76 3.02812e-16 3.01016e-17
6471.62 2.97905e-16 2.96179e-17
6474.49 2.97509e-16 2.95826e-17
6477.35 3.12631e-16 3.10905e-17
6480.22 3.14818e-16 3.13123e-17
6483.08 3.13034e-16 3.11391e-17
6485.95 3.31973e-16 3.30276e-17
6488.81 3.00586e-16 2.99091e-17
6491.68 3.29475e-16 3.27881e-17
6494.54 3.15122e-16 3.1364e-17
6497.41 3.31867e-16 3.30352e-17
6500.27 3.68027e-16 3.66397e-17
6503.14 3.35538e-16 3.34097e-17
6506 3.70426e-16 3.68886e-17
6508.87 3.4494e-16 3.43552e-17
6511.73 3.69396e-16 3.6796e-17
6514.6 3.53539e-16 3.52213e-17
6517.46 3.77336e-16 3.7597e-17
6520.33 3.71225e-16 3.69933e-17
6523.19 3.74155e-16 3.72903e-17
6526.06 3.94798e-16 3.93531e-17
6528.92 3.96663e-16 3.95443e-17
6531.79 3.66308e-16 3.65231e-17
6534.65 3.84767e-16 3.83687e-17
6537.52 3.46298e-16 3.45373e-17
6540.38 3.68787e-16 3.67852e-17
6543.25 3.78992e-16 3.78082e-17
6546.11 3.76863e-16 3.76009e-17
6548.98 3.86428e-16 3.85604e-17
6551.84 3.86687e-16 3.85914e-17
6554.71 3.68749e-16 3.68062e-17
6557.57 3.75532e-16 3.74882e-17
6560.44 3.58182e-16 3.5761e-17
6563.3 3.88853e-16 3.88284e-17
6566.17 3.68423e-16 3.67934e-17
6569.03 3.50084e-16 3.49666e-17
6571.9 3.56501e-16 3.56123e-17
6574.76 3.65544e-16 3.65205e-17
6577.63 3.96596e-16 3.96281e-17
6580.49 3.56602e-16 3.56366e-17
6583.36 3.70022e-16 3.69827e-17
6586.22 4.10403e-16 4.10241e-17
6589.09 3.88806e-16 3.88704e-17
6591.95 3.85332e-16 3.85282e-17
6594.82 3.96198e-16 3.96199e-17
6597.68 3.90778e-16 3.90831e-17
6600.55 3.86931e-16 3.87035e-17
6603.41 3.76813e-16 3.76965e-17
6606.27 3.75744e-16 3.75944e-17
6609.14 3.82535e-16 3.8279e-17
6612 3.83569e-16 3.83875e-17
6614.87 3.7097e-16 3.71315e-17
6617.73 3.74467e-16 3.74864e-17
6620.6 3.78563e-16 3.79015e-17
6623.46 3.7394e-16 3.74435e-17
6626.33 3.8648e-16 3.87043e-17
6629.19 3.61485e-16 3.62059e-17
6632.06 3.58691e-16 3.59308e-17
6634.92 3.72754e-16 3.73444e-17
6637.79 3.43238e-16 3.43918e-17
6640.65 3.46215e-16 3.46946e-17
6643.52 3.52147e-16 3.52937e-17
6646.38 3.52094e-16 3.5293e-17
6649.25 3.39812e-16 3.40663e-17
6652.11 3.36369e-16 3.37256e-17
6654.98 3.33276e-16 3.34198e-17
6657.84 3.25415e-16 3.26358e-17
6660.71 3.26822e-16 3.27811e-17
6663.57 3.04837e-16 3.05799e-17
6666.44 3.29345e-16 3.30428e-17
6669.3 3.18678e-16 3.19767e-17
6672.17 3.03826e-16 3.04904e-17
6675.03 3.25884e-16 3.27082e-17
6677.9 3.23853e-16 3.25086e-17
6680.76 3.19626e-16 3.20884e-17
6683.63 3.1008e-16 3.11341e-17
6686.49 3.06332e-16 3.07617e-17
6689.36 2.92859e-16 2.94125e-17
6692.22 3.07122e-16 3.08489e-17
6695.09 3.24371e-16 3.25857e-17
6697.95 3.1092e-16 3.12384e-17
6700.82 3.31525e-16 3.33129e-17
6703.68 3.29939e-16 3.31578e-17
6706.55 3.42279e-16 3.44023e-17
6709.41 3.32142e-16 3.33877e-17
6712.28 3.23381e-16 3.25112e-17
6715.14 3.37983e-16 3.39835e-17
6718.01 3.24586e-16 3.26406e-17
6720.87 3.04527e-16 3.06274e-17
6723.74 3.27505e-16 3.29425e-17
6726.6 3.14567e-16 3.16452e-17
6729.47 3.22831e-16 3.24806e-17
6732.33 3.35647e-16 3.37743e-17
6735.2 3.22831e-16 3.24889e-17
6738.06 3.20701e-16 3.22786e-17
6740.93 3.22387e-16 3.24524e-17
6743.79 3.04073e-16 3.06127e-17
6746.66 3.24438e-16 3.26671e-17
6749.52 3.27428e-16 3.29723e-17
6752.38 2.93256e-16 2.95348e-17
6755.25 2.89924e-16 2.92029e-17
6758.11 3.03344e-16 3.05585e-17
6760.98 2.93631e-16 2.95837e-17
6763.84 2.88566e-16 2.9077e-17
6766.71 2.91194e-16 2.93455e-17
6769.57 2.91169e-16 2.93466e-17
6772.44 3.1243e-16 3.14935e-17
6775.3 3.06902e-16 3.09401e-17
6778.17 2.74568e-16 2.76838e-17
6781.03 3.07656e-16 3.10238e-17
6783.9 2.76292e-16 2.78645e-17
6786.76 2.7791e-16 2.80312e-17
6789.63 2.96702e-16 2.99303e-17
6792.49 3.0203e-16 3.04716e-17
6795.36 3.0273e-16 3.0546e-17
6798.22 2.82574e-16 2.85157e-17
6801.09 3.15586e-16 3.1851e-17
6803.95 3.00229e-16 3.03048e-17
6806.82 3.01811e-16 3.04683e-17
6809.68 3.01607e-16 3.04514e-17
6812.55 3.07834e-16 3.10839e-17
6815.41 2.98434e-16 3.01384e-17
6818.28 3.13501e-16 3.16639e-17
6821.14 3.12864e-16 3.16034e-17
6824.01 3.00376e-16 3.03457e-17
6826.87 3.19033e-16 3.22344e-17
6829.74 3.23868e-16 3.27269e-17
6832.6 3.13142e-16 3.16469e-17
6835.47 3.00498e-16 3.03728e-17
6838.33 3.18316e-16 3.21776e-17
6841.2 2.94762e-16 2.98002e-17
6844.06 3.05204e-16 3.08597e-17
6846.93 3.02695e-16 3.06097e-17
6849.79 2.76762e-16 2.79906e-17
6852.66 2.86099e-16 2.89384e-17
6855.52 3.01848e-16 3.05351e-17
6858.39 2.83503e-16 2.86826e-17
6861.25 2.84329e-16 2.87698e-17
6864.12 2.92446e-16 2.95946e-17
6866.98 2.87693e-16 2.91171e-17
6869.85 3.02515e-16 3.06209e-17
6872.71 2.86147e-16 2.89676e-17
6875.58 2.73652e-16 2.7706e-17
6878.44 2.87957e-16 2.91578e-17
6881.31 2.73808e-16 2.77284e-17
6884.17 2.85804e-16 2.89467e-17
6887.04 2.73497e-16 2.77035e-17
6889.9 2.3806e-16 2.41168e-17
6892.76 2.706e-16 2.74165e-17
6895.63 2.45431e-16 2.48694e-17
6898.49 2.50018e-16 2.53372e-17
6901.36 2.52592e-16 2.56011e-17
6904.22 2.69607e-16 2.73288e-17
6907.09 2.46348e-16 2.49741e-17
6909.95 2.42639e-16 2.4601e-17
6912.82 2.43543e-16 2.46956e-17
6915.68 2.32302e-16 2.35585e-17
6918.55 2.54485e-16 2.58112e-17
6921.41 2.60107e-16 2.63845e-17
6924.28 2.32011e-16 2.35372e-17
6927.14 2.33117e-16 2.36522e-17
6930.01 2.32982e-16 2.36413e-17
6932.87 2.21929e-16 2.25223e-17
6935.74 2.3958e-16 2.43164e-17
6938.6 2.32133e-16 2.35633e-17
6941.47 2.56309e-16 2.60205e-17
6944.33 2.42404e-16 2.46116e-17
6947.2 2.32999e-16 2.36594e-17
6950.06 2.32334e-16 2.35946e-17
6952.93 2.39799e-16 2.43556e-17
6955.79 2.51455e-16 2.55424e-17
6958.66 2.34483e-16 2.38211e-17
6961.52 2.34191e-16 2.37942e-17
6964.39 2.34283e-16 2.38063e-17
6967.25 2.36509e-16 2.40352e-17
6970.12 2.67515e-16 2.71893e-17
6972.98 2.34035e-16 2.37892e-17
6975.85 2.1961e-16 2.23255e-17
6978.71 2.26138e-16 2.29917e-17
6981.58 2.23328e-16 2.27086e-17
6984.44 2.31208e-16 2.35125e-17
6987.31 2.42229e-16 2.46361e-17
6990.17 2.40408e-16 2.44537e-17
6993.04 2.50339e-16 2.54667e-17
6995.9 2.34514e-16 2.38595e-17
6998.77 2.4123e-16 2.45456e-17
7001.63 2.55342e-16 2.59845e-17
7004.5 2.39157e-16 2.43402e-17
7007.36 2.3056e-16 2.34678e-17
7010.23 2.49521e-16 2.54006e-17
7013.09 2.36825e-16 2.41109e-17
7015.96 2.37809e-16 2.42138e-17
7018.82 2.44222e-16 2.48696e-17
7021.69 2.50548e-16 2.55166e-17
7024.55 2.49635e-16 2.54264e-17
7027.42 2.52284e-16 2.56991e-17
7030.28 2.70118e-16 2.75188e-17
7033.15 2.53344e-16 2.58128e-17
7036.01 2.48392e-16 2.5311e-17
7038.87 2.61304e-16 2.66297e-17
7041.74 2.58333e-16 2.63298e-17
7044.6 2.64529e-16 2.69643e-17
7047.47 2.66101e-16 2.71275e-17
7050.33 2.63558e-16 2.68712e-17
7053.2 2.76434e-16 2.81871e-17
7056.06 2.49895e-16 2.54838e-17
7058.93 2.56159e-16 2.61254e-17
7061.79 2.60407e-16 2.65616e-17
7064.66 2.57091e-16 2.62262e-17
7067.52 2.53158e-16 2.58278e-17
7070.39 2.66624e-16 2.72046e-17
7073.25 2.74674e-16 2.80289e-17
7076.12 2.49835e-16 2.54971e-17
7078.98 2.39955e-16 2.44914e-17
7081.85 2.62028e-16 2.67472e-17
7084.71 2.47518e-16 2.52687e-17
7087.58 2.55303e-16 2.60664e-17
7090.44 2.39662e-16 2.4472e-17
7093.31 2.39674e-16 2.44759e-17
7096.17 2.4591e-16 2.51154e-17
7099.04 2.65456e-16 2.71146e-17
7101.9 2.6176e-16 2.67399e-17
7104.77 2.48629e-16 2.54013e-17
7107.63 2.33082e-16 2.38154e-17
7110.5 2.37001e-16 2.42184e-17
7113.36 2.2633e-16 2.31304e-17
7116.23 2.27097e-16 2.32113e-17
7119.09 2.38156e-16 2.43442e-17
7121.96 2.29328e-16 2.34443e-17
7124.82 2.19635e-16 2.24557e-17
7127.69 2.20651e-16 2.2562e-17
7130.55 2.18462e-16 2.23406e-17
7133.42 2.24923e-16 2.30036e-17
7136.28 2.30129e-16 2.35385e-17
7139.15 2.12525e-16 2.17402e-17
7142.01 1.98249e-16 2.02819e-17
7144.88 2.09476e-16 2.14327e-17
7147.74 2.12491e-16 2.17435e-17
7150.61 2.14561e-16 2.19576e-17
7153.47 2.19455e-16 2.24607e-17
7156.34 2.14642e-16 2.19704e-17
7159.2 2.07617e-16 2.12535e-17
7162.07 2.06412e-16 2.11323e-17
7164.93 2.08507e-16 2.1349e-17
7167.79 2.15941e-16 2.21125e-17
7170.66 1.85676e-16 1.90153e-17
7173.52 2.00487e-16 2.05342e-17
7176.39 1.97121e-16 2.01915e-17
7179.25 2.08286e-16 2.13373e-17
7182.12 2.11061e-16 2.16238e-17
7184.98 2.05059e-16 2.1011e-17
7187.85 2.06131e-16 2.1123e-17
7190.71 2.0878e-16 2.13966e-17
7193.58 1.84107e-16 1.88699e-17
7196.44 1.84643e-16 1.89268e-17
7199.31 1.95485e-16 2.00401e-17
7202.17 1.77868e-16 1.8236e-17
7205.04 1.83569e-16 1.88223e-17
7207.9 1.96939e-16 2.01953e-17
7210.77 1.97481e-16 2.02529e-17
7213.63 1.90726e-16 1.9562e-17
7216.5 1.83844e-16 1.88581e-17
7219.36 1.86558e-16 1.91384e-17
7222.23 1.82142e-16 1.86872e-17
7225.09 1.88223e-16 1.9313e-17
7227.96 2.07211e-16 2.12634e-17
7230.82 1.71487e-16 1.75992e-17
7233.69 1.92769e-16 1.97853e-17
7236.55 1.94065e-16 1.99203e-17
7239.42 1.82459e-16 1.87308e-17
7242.28 2.02181e-16 2.07574e-17
7245.15 1.74479e-16 1.79151e-17
7248.01 1.59312e-16 1.63594e-17
7250.88 1.54965e-16 1.59145e-17
7253.74 1.62666e-16 1.6707e-17
7256.61 1.69411e-16 1.74015e-17
7259.47 1.73755e-16 1.78494e-17
7262.34 1.78632e-16 1.83522e-17
7265.2 1.98956e-16 2.04422e-17
7268.07 2.08734e-16 2.14489e-17
7270.93 1.94698e-16 2.00085e-17
7273.8 1.69748e-16 1.74462e-17
7276.66 1.64703e-16 1.69293e-17
7279.53 1.88502e-16 1.93773e-17
7282.39 1.92822e-16 1.98233e-17
7285.26 1.88705e-16 1.94019e-17
7288.12 1.84151e-16 1.89355e-17
7290.99 2.10119e-16 2.16077e-17
7293.85 2.00234e-16 2.05931e-17
7296.72 2.06543e-16 2.1244e-17
7299.58 1.92162e-16 1.97667e-17
7302.45 2.16745e-16 2.22975e-17
7305.31 2.07032e-16 2.13002e-17
7308.17 2.02952e-16 2.08824e-17
7311.04 1.91929e-16 1.97501e-17
7313.9 2.26691e-16 2.33294e-17
7316.77 2.10871e-16 2.17033e-17
7319.63 1.87041e-16 1.92525e-17
7322.5 2.20765e-16 2.27259e-17
7325.36 2.34519e-16 2.41439e-17
7328.23 2.16145e-16 2.22544e-17
7331.09 2.16e-16 2.22415e-17
7333.96 2.21946e-16 2.28558e-17
7336.82 2.11715e-16 2.18043e-17
7339.69 2.19136e-16 2.25706e-17
7342.55 2.13257e-16 2.19671e-17
7345.42 2.2744e-16 2.34302e-17
7348.28 1.9422e-16 2.00098e-17
7351.15 2.09584e-16 2.15946e-17
7354.01 2.03569e-16 2.09767e-17
7356.88 2.4658e-16 2.54111e-17
7359.74 2.16392e-16 2.23021e-17
7362.61 2.17613e-16 2.243e-17
7365.47 2.35957e-16 2.43229e-17
7368.34 2.20023e-16 2.26824e-17
7371.2 2.10137e-16 2.16652e-17
7374.07 2.29681e-16 2.36823e-17
7376.93 2.32592e-16 2.39846e-17
7379.8 2.19749e-16 2.26622e-17
7382.66 2.15671e-16 2.22436e-17
7385.53 2.29331e-16 2.36546e-17
7388.39 2.29699e-16 2.36946e-17
7391.26 2.08727e-16 2.15331e-17
7394.12 2.11476e-16 2.18186e-17
7396.99 2.18868e-16 2.25833e-17
7399.85 2.19365e-16 2.26365e-17
7402.72 2.12137e-16 2.18926e-17
7405.58 2.50025e-16 2.58048e-17
7408.45 2.30773e-16 2.38199e-17
7411.31 2.24106e-16 2.31338e-17
7414.18 1.82046e-16 1.87937e-17
7417.04 2.00987e-16 2.07508e-17
7419.91 2.12532e-16 2.19447e-17
7422.77 2.18714e-16 2.25849e-17
7425.64 2.26617e-16 2.3403e-17
7428.5 1.98159e-16 2.04659e-17
7431.37 2.22634e-16 2.29956e-17
7434.23 2.06328e-16 2.13132e-17
7437.1 1.97102e-16 2.03619e-17
7439.96 2.17377e-16 2.24583e-17
7442.83 2.10448e-16 2.17442e-17
7445.69 1.97839e-16 2.04431e-17
7448.56 2.09125e-16 2.16112e-17
7451.42 2.07708e-16 2.14665e-17
7454.28 2.09542e-16 2.16578e-17
7457.15 1.95071e-16 2.01638e-17
7460.01 2.00362e-16 2.07125e-17
7462.88 2.03744e-16 2.10638e-17
7465.74 2.1662e-16 2.23968e-17
7468.61 2.03301e-16 2.10215e-17
7471.47 2.0734e-16 2.14409e-17
7474.34 2.09851e-16 2.17024e-17
7477.2 2.07957e-16 2.15082e-17
7480.07 1.94243e-16 2.00915e-17
7482.93 2.04083e-16 2.1111e-17
7485.8 2.08429e-16 2.15623e-17
7488.66 1.8344e-16 1.89787e-17
7491.53 1.93047e-16 1.99742e-17
7494.39 1.94421e-16 2.0118e-17
7497.26 1.65763e-16 1.71539e-17
7500.12 1.48864e-16 1.54064e-17
7502.99 1.55943e-16 1.61403e-17
7505.85 1.53078e-16 1.5845e-17
7508.72 1.57986e-16 1.63543e-17
7511.58 1.66969e-16 1.72856e-17
7514.45 1.4326e-16 1.48323e-17
7517.31 1.25692e-16 1.30144e-17
7520.18 1.19247e-16 1.2348e-17
7523.04 1.43541e-16 1.48649e-17
7525.91 1.25548e-16 1.30025e-17
7528.77 1.00841e-16 1.04445e-17
7531.64 1.41221e-16 1.4628e-17
7534.5 1.12788e-16 1.16838e-17
7537.37 9.88761e-17 1.02434e-17
7540.23 9.44631e-17 9.78697e-18
7543.1 7.56789e-17 7.84141e-18
7545.96 9.46828e-17 9.81124e-18
7548.83 8.21466e-17 8.51286e-18
7551.69 6.91572e-17 7.16731e-18
7554.56 1.02801e-16 1.06549e-17
7557.42 7.81847e-17 8.10413e-18
7560.29 6.28535e-17 6.51549e-18
7563.15 6.65524e-17 6.89944e-18
7566.02 7.54436e-17 7.82177e-18
7568.88 7.15161e-17 7.41513e-18
7571.75 6.40205e-17 6.63844e-18
7574.61 6.97847e-17 7.23668e-18
7577.48 6.15818e-17 6.38651e-18
7580.34 6.30765e-17 6.54201e-18
7583.21 6.28343e-17 6.51737e-18
7586.07 6.28691e-17 6.52146e-18
7588.94 6.33644e-17 6.57331e-18
7591.8 4.4057e-17 4.57073e-18
7594.66 6.51935e-17 6.76405e-18
7597.53 3.9185e-17 4.06587e-18
7600.39 3.67642e-17 3.81496e-18
7603.26 9.16786e-17 9.51402e-18
7606.12 7.95956e-17 8.26069e-18
7608.99 3.4997e-17 3.63236e-18
7611.85 3.34417e-17 3.47119e-18
7614.72 1.00205e-16 1.04018e-17
7617.58 6.42006e-17 6.66485e-18
7620.45 5.96836e-17 6.19636e-18
7623.31 6.65818e-17 6.91302e-18
7626.18 8.37127e-17 8.69229e-18
7629.04 8.27445e-17 8.59236e-18
7631.91 4.04711e-17 4.2029e-18
7634.77 7.69552e-17 7.9923e-18
7637.64 9.05242e-17 9.40218e-18
7640.5 7.11807e-17 7.3936e-18
7643.37 5.31672e-17 5.5229e-18
7646.23 6.92098e-17 7.18987e-18
7649.1 1.03524e-16 1.07553e-17
7651.96 9.00271e-17 9.35376e-18
7654.83 6.29709e-17 6.54308e-18
7657.69 8.55835e-17 8.89327e-18
7660.56 1.00359e-16 1.04294e-17
7663.42 9.89085e-17 1.02793e-17
7666.29 1.09935e-16 1.1426e-17
7669.15 9.60351e-17 9.98202e-18
7672.02 1.13078e-16 1.17543e-17
7674.88 1.26524e-16 1.31528e-17
7677.75 1.31516e-16 1.36727e-17
7680.61 1.30822e-16 1.36014e-17
7683.48 1.39173e-16 1.44706e-17
7686.34 1.46263e-16 1.52089e-17
7689.21 1.44677e-16 1.50449e-17
7692.07 1.47837e-16 1.53745e-17
7694.94 1.6701e-16 1.73695e-17
7697.8 1.90434e-16 1.98069e-17
7700.67 1.89624e-16 1.97239e-17
7703.53 1.59271e-16 1.65678e-17
7706.4 1.64168e-16 1.70783e-17
7709.26 2.03103e-16 2.113e-17
7712.13 1.91064e-16 1.98788e-17
7714.99 1.87393e-16 1.94981e-17
7717.86 1.86173e-16 1.93724e-17
7720.72 2.15202e-16 2.23944e-17
7723.58 2.10753e-16 2.19328e-17
7726.45 2.25291e-16 2.34472e-17
7729.31 2.44579e-16 2.54562e-17
7732.18 2.06415e-16 2.14853e-17
7735.04 2.27177e-16 2.36478e-17
7737.91 2.58003e-16 2.68583e-17
7740.77 2.44764e-16 2.54817e-17
7743.64 2.40959e-16 2.50871e-17
7746.5 2.47808e-16 2.58017e-17
7749.37 2.55326e-16 2.65861e-17
7752.23 2.26807e-16 2.36179e-17
7755.1 2.49569e-16 2.59897e-17
7757.96 3.06074e-16 3.1876e-17
7760.83 2.74883e-16 2.86293e-17
7763.69 2.77719e-16 2.89264e-17
7766.56 2.83608e-16 2.95415e-17
7769.42 2.99622e-16 3.12114e-17
7772.29 3.20668e-16 3.34056e-17
7775.15 3.05725e-16 3.18508e-17
7778.02 2.7749e-16 2.89109e-17
7780.88 2.67459e-16 2.78674e-17
7783.75 2.63048e-16 2.74094e-17
7786.61 2.69029e-16 2.80342e-17
7789.48 2.83086e-16 2.95007e-17
7792.34 2.84125e-16 2.96106e-17
7795.21 2.73226e-16 2.84764e-17
7798.07 2.93939e-16 3.06369e-17
7800.94 3.0079e-16 3.13527e-17
7803.8 2.96185e-16 3.08744e-17
7806.67 2.64144e-16 2.7536e-17
7809.53 3.12652e-16 3.25945e-17
7812.4 2.86498e-16 2.98696e-17
7815.26 3.07125e-16 3.20219e-17
7818.13 3.00955e-16 3.13803e-17
7820.99 3.00086e-16 3.12913e-17
7823.86 2.79933e-16 2.91915e-17
7826.72 3.00677e-16 3.13563e-17
7829.59 3.07503e-16 3.20699e-17
7832.45 2.58156e-16 2.69249e-17
7835.32 2.94176e-16 3.06833e-17
7838.18 2.99081e-16 3.11965e-17
7841.05 2.88995e-16 3.0146e-17
7843.91 2.93001e-16 3.05655e-17
7846.78 3.17785e-16 3.31527e-17
7849.64 2.71764e-16 2.8353e-17
7852.51 2.65281e-16 2.76781e-17
7855.37 2.77132e-16 2.89161e-17
7858.24 3.05282e-16 3.18549e-17
7861.1 2.96418e-16 3.09315e-17
7863.97 2.92612e-16 3.05359e-17
7866.83 2.88959e-16 3.01562e-17
7869.69 2.77099e-16 2.89199e-17
7872.56 3.11095e-16 3.24696e-17
7875.42 3.23077e-16 3.37218e-17
7878.29 2.85283e-16 2.97785e-17
7881.15 3.03043e-16 3.16338e-17
7884.02 3.30393e-16 3.44905e-17
7886.88 3.26009e-16 3.40345e-17
7889.75 2.72339e-16 2.84329e-17
7892.61 2.83652e-16 2.96154e-17
7895.48 2.72301e-16 2.84316e-17
7898.34 2.79648e-16 2.92001e-17
7901.21 2.94862e-16 3.07902e-17
7904.07 2.8052e-16 2.92939e-17
7906.94 2.88078e-16 3.00846e-17
7909.8 3.02131e-16 3.15536e-17
7912.67 2.8132e-16 2.93815e-17
7915.53 2.71529e-16 2.83602e-17
7918.4 2.74957e-16 2.87196e-17
7921.26 2.73188e-16 2.85361e-17
7924.13 2.76374e-16 2.88702e-17
7926.99 2.58363e-16 2.699e-17
7929.86 2.21423e-16 2.31321e-17
7932.72 2.2248e-16 2.32435e-17
7935.59 2.46372e-16 2.57408e-17
7938.45 2.11774e-16 2.2127e-17
7941.32 2.13346e-16 2.22922e-17
7944.18 2.11223e-16 2.20713e-17
7947.05 2.02071e-16 2.11159e-17
7949.91 2.25118e-16 2.35253e-17
7952.78 2.19217e-16 2.29096e-17
7955.64 2.21375e-16 2.31361e-17
7958.51 2.04113e-16 2.13329e-17
7961.37 1.76024e-16 1.83979e-17
7964.24 2.16652e-16 2.26453e-17
7967.1 1.66169e-16 1.73694e-17
7969.97 1.82923e-16 1.91214e-17
7972.83 1.63809e-16 1.71241e-17
7975.7 1.79777e-16 1.87941e-17
7978.56 1.68804e-16 1.76476e-17
7981.43 1.44726e-16 1.5131e-17
7984.29 1.49825e-16 1.56647e-17
7987.16 1.52388e-16 1.59333e-17
7990.02 1.36954e-16 1.43202e-17
7992.89 1.4616e-16 1.52833e-17
7995.75 1.58323e-16 1.65558e-17
7998.62 1.44618e-16 1.51233e-17
8001.48 1.37577e-16 1.43875e-17
8004.35 1.71104e-16 1.78944e-17
8007.21 1.09438e-16 1.14457e-17
8010.07 1.34072e-16 1.40225e-17
8012.94 1.17605e-16 1.23007e-17
8015.8 1.50884e-16 1.57821e-17
8018.67 1.21349e-16 1.26932e-17
8021.53 9.84064e-17 1.02938e-17
8024.4 1.17937e-16 1.23372e-17
8027.26 9.0395e-17 9.45645e-18
8030.13 9.82372e-17 1.02772e-17
8032.99 9.73859e-17 1.01885e-17
8035.86 1.03727e-16 1.08523e-17
8038.72 7.86367e-17 8.22754e-18
8041.59 7.58617e-17 7.93747e-18
8044.45 9.62055e-17 1.00664e-17
8047.32 7.14964e-17 7.48123e-18
8050.18 6.52499e-17 6.82784e-18
8053.05 6.64596e-17 6.95466e-18
8055.91 6.2606e-17 6.55162e-18
8058.78 6.43233e-17 6.73155e-18
8061.64 5.81917e-17 6.09007e-18
8064.51 3.84768e-17 4.02693e-18
8067.37 3.83133e-17 4.00994e-18
8070.24 5.66682e-17 5.93119e-18
8073.1 6.47867e-17 6.78113e-18
8075.97 4.83034e-17 5.056e-18
8078.83 4.33912e-17 4.54198e-18
8081.7 2.84363e-17 2.97666e-18
8084.56 3.68573e-17 3.85827e-18
8087.43 5.69474e-17 5.96152e-18
8090.29 4.79745e-17 5.02234e-18
8093.16 4.72339e-17 4.94496e-18
8096.02 4.78419e-17 5.00875e-18
8098.89 4.87552e-17 5.10452e-18
8101.75 2.54066e-17 2.66007e-18
8104.62 1.99589e-17 2.08976e-18
8107.48 4.07386e-17 4.26557e-18
8110.35 3.29317e-17 3.44824e-18
8113.21 3.63859e-17 3.81003e-18
8116.08 1.05561e-17 1.10538e-18
8118.94 1.96261e-17 2.05519e-18
8121.81 2.37462e-17 2.48671e-18
8124.67 2.48884e-17 2.60639e-18
8127.54 3.72175e-17 3.89763e-18
8130.4 4.413e-17 4.62167e-18
8133.27 3.04379e-17 3.1878e-18
8136.13 1.13759e-17 1.19144e-18
8139 2.16236e-17 2.26478e-18
8141.86 5.19186e-18 5.43791e-19
8144.73 2.22423e-17 2.3297e-18
8147.59 3.25692e-17 3.41143e-18
8150.46 3.38281e-17 3.54338e-18
8153.32 3.34377e-17 3.50257e-18
8156.18 2.07984e-17 2.17868e-18
8159.05 1.9875e-17 2.08199e-18
8161.91 2.56182e-17 2.68367e-18
8164.78 2.8637e-17 2.99998e-18
8167.64 3.22251e-17 3.37594e-18
8170.51 2.31853e-17 2.42898e-18
8173.37 1.21634e-17 1.27431e-18
8176.24 3.1552e-17 3.30564e-18
8179.1 2.59279e-17 2.71648e-18
8181.97 3.5762e-17 3.74688e-18
8184.83 2.60627e-17 2.73071e-18
8187.7 4.08695e-17 4.28218e-18
8190.56 2.9724e-17 3.11445e-18
8193.43 2.33644e-17 2.44815e-18
8196.29 2.14663e-17 2.24931e-18
8199.16 2.22088e-17 2.32715e-18
8202.02 4.9053e-17 5.14012e-18
8204.89 4.09373e-17 4.28978e-18
8207.75 2.3778e-17 2.49172e-18
8210.62 4.41265e-17 4.62415e-18
8213.48 2.88712e-17 3.02555e-18
8216.35 2.97955e-17 3.12247e-18
8219.21 5.23041e-17 5.48139e-18
8222.08 4.68806e-17 4.9131e-18
8224.94 1.74936e-17 1.83337e-18
8227.81 4.04887e-17 4.24337e-18
8230.67 4.76971e-17 4.99892e-18
8233.54 1.97261e-17 2.06744e-18
8236.4 1.05717e-17 1.10801e-18
8239.27 1.77358e-17 1.8589e-18
8242.13 1.12933e-18 1.18367e-19
8245 3.74011e-17 3.92014e-18
8247.86 1.43741e-17 1.50662e-18
8250.73 3.97441e-18 4.16584e-19
8253.59 2.99308e-17 3.13729e-18
8256.46 1.85087e-17 1.94007e-18
8259.32 6.36883e-18 6.67587e-19
8262.19 2.01736e-17 2.11464e-18
8265.05 2.27221e-17 2.38181e-18
8267.92 2.185e-17 2.29042e-18
8270.78 2.43516e-17 2.55269e-18
8273.65 1.88343e-17 1.97435e-18
8276.51 4.20775e-17 4.41093e-18
8279.38 7.87691e-18 8.25735e-19
8282.24 2.67562e-17 2.80488e-18
8285.11 4.41774e-17 4.63121e-18
8287.97 3.99091e-17 4.1838e-18
8290.83 1.35474e-17 1.42023e-18
8293.7 1.74512e-17 1.8295e-18
8296.56 2.35195e-17 2.4657e-18
8299.43 7.4029e-18 7.76101e-19
8302.29 2.68015e-17 2.80982e-18
8305.16 4.07963e-17 4.27705e-18
8308.02 2.25585e-17 2.36504e-18
8310.89 7.94006e-18 8.32444e-19
8313.75 3.46157e-17 3.62917e-18
8316.62 5.79613e-17 6.07681e-18
8319.48 4.44494e-17 4.66022e-18
8322.35 2.23058e-17 2.33864e-18
8325.21 2.05226e-17 2.15169e-18
8328.08 4.05171e-17 4.24804e-18
8330.94 3.31876e-17 3.47959e-18
8333.81 1.85778e-17 1.94782e-18
8336.67 2.74281e-17 2.87576e-18
8339.54 2.43743e-17 2.55559e-18
8342.4 3.06936e-17 3.21818e-18
8345.27 4.41515e-17 4.62924e-18
8348.13 6.93386e-17 7.27011e-18
8351 5.15976e-17 5.41e-18
8353.86 2.23274e-17 2.34103e-18
8356.73 4.26662e-17 4.47357e-18
8359.59 3.64817e-17 3.82514e-18
8362.46 3.41892e-17 3.58478e-18
8365.32 1.88802e-17 1.97962e-18
8368.19 2.36155e-17 2.47612e-18
8371.05 2.99604e-17 3.1414e-18
8373.92 4.34902e-17 4.56004e-18
8376.78 4.08792e-17 4.28628e-18
8379.65 3.46389e-17 3.63197e-18
8382.51 4.20274e-17 4.40668e-18
8385.38 3.79022e-17 3.97414e-18
8388.24 3.06699e-17 3.21582e-18
8391.11 4.47391e-17 4.69101e-18
8393.97 8.78146e-17 9.20758e-18
8396.84 5.53235e-17 5.8008e-18
8399.7 1.74947e-17 1.83436e-18
8402.57 5.31858e-17 5.57665e-18
8405.43 9.13672e-17 9.58003e-18
8408.3 5.56006e-17 5.82982e-18
8411.16 2.21869e-17 2.32633e-18
8414.03 2.52909e-17 2.65178e-18
8416.89 3.81861e-17 4.00385e-18
8419.75 4.00778e-17 4.20219e-18
8422.62 5.57608e-17 5.84654e-18
8425.49 1.66034e-17 1.74087e-18
8428.35 3.89916e-17 4.08825e-18
8431.21 6.44226e-18 6.75465e-19
8434.08 6.04573e-17 6.33887e-18
8436.94 8.17282e-17 8.56905e-18
8439.81 6.134e-17 6.43135e-18
8442.67 5.07492e-17 5.3209e-18
8445.54 1.96651e-17 2.06182e-18
8448.4 3.94044e-17 4.13139e-18
8451.27 2.05719e-17 2.15686e-18
8454.13 4.14242e-17 4.3431e-18
8457 6.32538e-17 6.63176e-18
8459.86 9.46232e-17 9.92057e-18
8462.73 8.83978e-17 9.26781e-18
8465.59 6.15657e-17 6.45463e-18
8468.46 5.82769e-17 6.10978e-18
8471.32 5.32065e-17 5.57815e-18
8474.19 6.38105e-17 6.6898e-18
8477.05 6.82726e-17 7.15754e-18
8479.92 4.73896e-17 4.96817e-18
8482.78 5.6334e-17 5.90581e-18
8485.65 7.76361e-17 8.13895e-18
8488.51 7.66364e-17 8.03406e-18
8491.38 6.59871e-17 6.91759e-18
8494.24 7.19977e-17 7.54761e-18
8497.11 8.5858e-17 9.0005e-18
8499.97 9.15216e-17 9.5941e-18
8502.84 9.77557e-17 1.02475e-17
8505.7 7.441e-17 7.80013e-18
8508.57 6.46133e-17 6.77309e-18
8511.43 6.89825e-17 7.231e-18
8514.3 9.57745e-17 1.00393e-17
8517.16 7.81965e-17 8.19663e-18
8520.03 7.48634e-17 7.84714e-18
8522.89 7.60718e-17 7.97369e-18
8525.76 6.8312e-17 7.16022e-18
8528.62 7.35262e-17 7.70665e-18
8531.49 9.67815e-17 1.0144e-17
8534.35 8.42431e-17 8.82967e-18
8537.22 9.46527e-17 9.92056e-18
8540.08 9.77249e-17 1.02424e-17
8542.95 8.3878e-17 8.79099e-18
8545.81 9.09394e-17 9.53091e-18
8548.68 7.82183e-17 8.19754e-18
8551.54 7.78818e-17 8.16213e-18
8554.41 1.22084e-16 1.27944e-17
8557.27 1.08339e-16 1.13537e-17
8560.13 1.15997e-16 1.2156e-17
8563 9.83501e-17 1.03065e-17
8565.87 1.15071e-16 1.20585e-17
8568.73 1.18052e-16 1.23707e-17
8571.59 1.01847e-16 1.06723e-17
8574.46 1.1467e-16 1.20158e-17
8577.32 1.48131e-16 1.55217e-17
8580.19 1.39305e-16 1.45966e-17
8583.05 1.14349e-16 1.19814e-17
8585.92 1.3542e-16 1.41889e-17
8588.78 1.24431e-16 1.30373e-17
8591.65 1.32068e-16 1.38372e-17
8594.51 1.20937e-16 1.26706e-17
8597.38 1.10474e-16 1.15742e-17
8600.24 1.2734e-16 1.33409e-17
8603.11 1.38349e-16 1.44939e-17
8605.97 1.46128e-16 1.53085e-17
8608.84 1.63473e-16 1.71252e-17
8611.7 1.65663e-16 1.73542e-17
8614.57 1.73802e-16 1.82064e-17
8617.43 1.69626e-16 1.77685e-17
8620.3 1.68338e-16 1.76332e-17
8623.16 1.97275e-16 2.06638e-17
8626.03 1.8094e-16 1.89523e-17
8628.89 1.76601e-16 1.84973e-17
8631.76 2.12646e-16 2.22721e-17
8634.62 1.84931e-16 1.93688e-17
8637.49 1.66139e-16 1.74001e-17
8640.35 2.2057e-16 2.31002e-17
8643.22 2.07432e-16 2.17237e-17
8646.08 2.06765e-16 2.16532e-17
8648.95 2.14207e-16 2.2432e-17
8651.81 2.03883e-16 2.13502e-17
8654.68 2.16555e-16 2.26766e-17
8657.54 2.31612e-16 2.42526e-17
8660.41 2.02215e-16 2.11737e-17
8663.27 1.87122e-16 1.95928e-17
8666.14 2.09935e-16 2.19808e-17
8669 2.28837e-16 2.39591e-17
8671.87 2.21073e-16 2.31456e-17
8674.73 2.35722e-16 2.46785e-17
8677.6 2.28886e-16 2.39621e-17
8680.46 2.15518e-16 2.25619e-17
8683.33 2.63052e-16 2.75372e-17
8686.19 2.53973e-16 2.65859e-17
8689.06 2.18817e-16 2.2905e-17
8691.92 2.23943e-16 2.34408e-17
8694.79 2.42496e-16 2.5382e-17
8697.65 2.44013e-16 2.55399e-17
8700.52 2.58958e-16 2.71033e-17
8703.38 2.53008e-16 2.64796e-17
8706.25 2.3289e-16 2.43733e-17
8709.11 2.52808e-16 2.64569e-17
8711.97 2.5521e-16 2.67073e-17
8714.84 2.57913e-16 2.69892e-17
8717.7 2.56409e-16 2.68309e-17
8720.57 2.56333e-16 2.6822e-17
8723.43 2.47864e-16 2.59349e-17
8726.3 2.52249e-16 2.63927e-17
8729.16 2.61407e-16 2.73499e-17
8732.03 2.72179e-16 2.84759e-17
8734.89 2.86064e-16 2.99274e-17
8737.76 2.70986e-16 2.83489e-17
8740.62 2.59771e-16 2.71746e-17
8743.49 2.73539e-16 2.86138e-17
8746.35 2.69729e-16 2.82142e-17
8749.22 2.71928e-16 2.84431e-17
8752.08 2.71311e-16 2.83774e-17
8754.95 2.56479e-16 2.6825e-17
8757.81 2.58202e-16 2.70042e-17
8760.68 2.28953e-16 2.39442e-17
8763.54 2.30745e-16 2.41306e-17
8766.41 1.94359e-16 2.03246e-17
8769.27 2.53748e-16 2.6534e-17
8772.14 2.66808e-16 2.78985e-17
8775 2.41057e-16 2.52048e-17
8777.87 2.46958e-16 2.58207e-17
8780.73 2.18392e-16 2.2833e-17
8783.6 2.09999e-16 2.19546e-17
8786.46 2.13111e-16 2.2279e-17
8789.33 2.11054e-16 2.20629e-17
8792.19 2.23197e-16 2.33313e-17
8795.06 1.94427e-16 2.0323e-17
8797.92 2.07201e-16 2.16573e-17
8800.79 2.30347e-16 2.40755e-17
8803.65 2.23063e-16 2.33131e-17
8806.52 2.41774e-16 2.52675e-17
8809.38 2.30137e-16 2.40502e-17
8812.25 2.0295e-16 2.12081e-17
8815.11 2.044e-16 2.13586e-17
8817.98 2.19203e-16 2.29044e-17
8820.84 2.26853e-16 2.37026e-17
8823.71 2.13715e-16 2.23288e-17
8826.57 1.80634e-16 1.88716e-17
8829.44 1.6128e-16 1.68488e-17
8832.3 1.89534e-16 1.97995e-17
8835.17 1.56817e-16 1.6381e-17
8838.03 1.77991e-16 1.85919e-17
8840.9 1.86543e-16 1.94842e-17
8843.76 1.61193e-16 1.68356e-17
8846.62 1.64347e-16 1.71641e-17
8849.49 1.89644e-16 1.98051e-17
8852.35 1.80034e-16 1.88006e-17
8855.22 1.99471e-16 2.08292e-17
8858.08 1.90517e-16 1.98932e-17
8860.95 1.7909e-16 1.86991e-17
8863.81 2.20023e-16 2.29718e-17
8866.68 2.47707e-16 2.58608e-17
8869.54 2.24691e-16 2.34566e-17
8872.41 2.00019e-16 2.08799e-17
8875.27 2.06295e-16 2.15339e-17
8878.14 2.15398e-16 2.24829e-17
8881 2.33084e-16 2.43276e-17
8883.87 2.4816e-16 2.58997e-17
8886.73 2.21787e-16 2.3146e-17
8889.6 2.20506e-16 2.3011e-17
8892.46 2.38343e-16 2.4871e-17
8895.33 2.18924e-16 2.28434e-17
8898.19 2.11642e-16 2.20823e-17
8901.06 1.79378e-16 1.87149e-17
8903.92 2.67448e-16 2.79018e-17
8906.79 2.66572e-16 2.78088e-17
8909.65 2.3384e-16 2.43928e-17
8912.52 2.55277e-16 2.66275e-17
8915.38 2.41705e-16 2.52103e-17
8918.25 2.18657e-16 2.2805e-17
8921.11 2.44037e-16 2.54505e-17
8923.98 1.98248e-16 2.0674e-17
8926.84 2.30534e-16 2.40395e-17
8929.71 2.58169e-16 2.69195e-17
8932.57 2.33807e-16 2.43778e-17
8935.44 2.4992e-16 2.60562e-17
8938.3 2.7259e-16 2.84181e-17
8941.17 2.2764e-16 2.37305e-17
8944.03 2.51921e-16 2.626e-17
8946.9 2.22531e-16 2.3195e-17
8949.76 2.49777e-16 2.60333e-17
8952.63 2.83614e-16 2.95581e-17
8955.49 2.26425e-16 2.35964e-17
8958.36 1.88712e-16 1.9665e-17
8961.22 2.52496e-16 2.631e-17
8964.09 1.80398e-16 1.87962e-17
8966.95 1.89792e-16 1.97738e-17
8969.82 2.05457e-16 2.14044e-17
8972.68 2.29978e-16 2.39575e-17
8975.54 2.50517e-16 2.60954e-17
8978.41 2.62258e-16 2.73166e-17
8981.28 2.37733e-16 2.47604e-17
8984.14 1.87521e-16 1.95294e-17
8987 1.89641e-16 1.97489e-17
8989.87 1.98051e-16 2.06233e-17
8992.73 1.68839e-16 1.75803e-17
8995.6 1.30413e-16 1.35783e-17
8998.46 1.45133e-16 1.51098e-17
9001.33 2.10044e-16 2.18662e-17
9004.19 2.3495e-16 2.44573e-17
9007.06 1.75841e-16 1.83031e-17
9009.92 1.90263e-16 1.98029e-17
9012.79 1.79613e-16 1.86931e-17
9015.65 1.66901e-16 1.73689e-17
9018.52 2.024e-16 2.10616e-17
9021.38 2.30421e-16 2.39758e-17
9024.25 2.04351e-16 2.12616e-17
9027.11 2.1982e-16 2.28694e-17
9029.98 1.82714e-16 1.90077e-17
9032.84 1.86104e-16 1.9359e-17
9035.71 2.10226e-16 2.18666e-17
9038.57 2.0053e-16 2.08565e-17
9041.44 1.66651e-16 1.73316e-17
9044.3 1.65373e-16 1.71974e-17
9047.17 1.88759e-16 1.96279e-17
9050.03 2.04268e-16 2.12391e-17
9052.9 1.79571e-16 1.86698e-17
9055.76 1.34656e-16 1.3999e-17
9058.63 1.66249e-16 1.72821e-17
9061.49 1.88529e-16 1.95967e-17
9064.36 1.6823e-16 1.74854e-17
9067.22 1.72125e-16 1.78888e-17
9070.09 1.34865e-16 1.40153e-17
9072.95 1.36294e-16 1.41628e-17
9075.82 1.2768e-16 1.32666e-17
9078.68 1.13926e-16 1.18366e-17
9081.55 9.70267e-17 1.008e-17
9084.41 1.29511e-16 1.34537e-17
9087.28 1.26e-16 1.30879e-17
9090.14 1.0528e-16 1.09348e-17
9093.01 1.2829e-16 1.33237e-17
9095.87 1.56347e-16 1.62363e-17
9098.74 1.39479e-16 1.44834e-17
9101.6 1.0615e-16 1.10217e-17
9104.47 1.24767e-16 1.29536e-17
9107.33 1.48852e-16 1.5453e-17
9110.2 1.13813e-16 1.18144e-17
9113.06 1.59016e-16 1.65054e-17
9115.93 1.75084e-16 1.81717e-17
9118.79 1.35155e-16 1.40264e-17
9121.66 1.09948e-16 1.14095e-17
9124.52 1.00994e-16 1.04794e-17
9127.38 1.18548e-16 1.22999e-17
9130.25 1.62893e-16 1.68994e-17
9133.11 1.56251e-16 1.6209e-17
9135.98 1.37651e-16 1.42782e-17
9138.84 1.39288e-16 1.44468e-17
9141.71 1.42205e-16 1.47481e-17
9144.57 1.45212e-16 1.50587e-17
9147.44 1.48289e-16 1.53764e-17
9150.3 1.51431e-16 1.57009e-17
9153.17 1.54645e-16 1.60327e-17
9156.03 1.57923e-16 1.63711e-17
9158.9 1.61271e-16 1.67167e-17
9161.76 1.64664e-16 1.7067e-17
9164.63 1.68097e-16 1.74212e-17
9167.49 1.71598e-16 1.77825e-17
9170.36 1.75169e-16 1.81509e-17
