3401.22 -3.67213e-17 6.29316e-17
3404.59 -7.61608e-17 6.27808e-17
3407.95 -6.00912e-17 6.3753e-17
3411.31 1.94805e-17 6.3505e-17
3414.68 -3.83706e-18 6.32718e-17
3418.04 -8.78501e-17 6.1964e-17
3421.4 -9.48977e-17 6.35864e-17
3424.77 -4.95622e-17 6.37699e-17
3428.13 -2.79345e-18 6.17579e-17
3431.49 -1.459e-17 6.11979e-17
3434.86 -2.51196e-17 6.1542e-17
3438.22 -1.40868e-17 6.06692e-17
3441.58 4.35476e-17 6.19231e-17
3444.95 1.10068e-17 6.08306e-17
3448.31 1.3103e-16 6.28529e-17
3451.67 1.926e-16 6.28593e-17
3455.04 1.27128e-17 5.88065e-17
3458.4 -3.65165e-17 5.97114e-17
3461.76 -3.17941e-17 6.02025e-17
3465.13 6.29011e-17 5.93316e-17
3468.49 -1.31252e-16 6.25419e-17
3471.85 -8.55861e-17 6.15152e-17
3475.22 -2.86989e-17 6.11942e-17
3478.58 1.29574e-16 6.28248e-17
3481.94 -1.14948e-17 5.94873e-17
3485.31 3.24852e-18 6.07505e-17
3488.67 9.75628e-17 6.03425e-17
3492.03 5.6812e-17 5.98248e-17
3495.4 4.74118e-17 6.06464e-17
3498.76 1.19831e-16 6.18204e-17
3502.12 -1.09512e-17 5.87409e-17
3505.49 -3.30635e-17 5.97328e-17
3508.85 -1.54233e-17 5.83215e-17
3512.21 -1.03882e-18 5.90167e-17
3515.58 -1.69251e-17 5.84862e-17
3518.94 -7.18447e-17 5.8625e-17
3522.3 8.92487e-17 6.29358e-17
3525.67 1.0322e-16 5.85738e-17
3529.03 -3.41237e-17 5.76614e-17
3532.39 9.2037e-17 5.87521e-17
3535.76 1.08354e-16 5.7338e-17
3539.12 1.0076e-16 5.57161e-17
3542.48 5.94424e-17 5.38268e-17
3545.85 -4.20323e-17 5.36975e-17
3549.21 -7.29833e-17 5.27756e-17
3552.57 -1.68205e-16 5.20772e-17
3555.94 -2.44456e-17 4.96833e-17
3559.3 -8.37548e-18 4.98416e-17
3562.66 5.45827e-17 4.69096e-17
3566.03 -2.72788e-17 4.40946e-17
3569.39 1.27017e-17 4.21315e-17
3572.75 3.68251e-17 4.18133e-17
3576.12 4.31532e-17 4.03036e-17
3579.48 -2.87643e-17 4.13179e-17
3582.85 -1.48885e-17 3.95051e-17
3586.21 -4.91611e-18 3.76267e-17
3589.57 -1.84295e-17 3.74035e-17
3592.94 8.23383e-18 3.56364e-17
3596.3 -1.70543e-17 3.49622e-17
3599.66 1.46209e-17 3.44566e-17
3603.03 -3.81024e-18 3.47993e-17
3606.39 -4.35358e-17 3.54779e-17
3609.75 -2.69951e-17 3.34754e-17
3613.12 2.29371e-17 3.23775e-17
3616.48 -2.28725e-17 3.1888e-17
3619.84 2.92041e-18 3.0918e-17
3623.21 2.90375e-17 3.02401e-17
3626.57 3.42983e-17 2.92395e-17
3629.93 1.36836e-17 2.87268e-17
3633.3 -2.36583e-17 2.79588e-17
3636.66 -3.21574e-17 2.89311e-17
3640.02 -2.12959e-18 2.80873e-17
3643.39 4.44552e-18 2.71813e-17
3646.75 -2.00513e-17 2.658e-17
3650.11 -4.50359e-17 2.63996e-17
3653.48 -1.24315e-17 2.53367e-17
3656.84 1.24923e-17 2.49579e-17
3660.2 -6.09188e-19 2.50673e-17
3663.57 6.64983e-17 2.46764e-17
3666.93 -1.72161e-17 2.32532e-17
3670.29 -5.88391e-18 2.30573e-17
3673.66 5.31843e-18 2.21925e-17
3677.02 5.70628e-17 2.27831e-17
3680.38 6.35817e-17 2.25801e-17
3683.75 2.83047e-17 2.16032e-17
3687.11 6.55691e-17 2.2172e-17
3690.47 6.49034e-17 2.21712e-17
3693.84 2.15561e-17 2.13985e-17
3697.2 2.16711e-17 2.08158e-17
3700.56 3.03019e-17 2.05117e-17
3703.93 5.15983e-17 2.10151e-17
3707.29 5.88741e-18 2.00514e-17
3710.65 1.72876e-17 1.98055e-17
3714.02 7.80345e-18 1.89832e-17
3717.38 2.85044e-17 1.78838e-17
3720.74 2.6741e-17 1.78228e-17
3724.11 2.56585e-17 1.85184e-17
3727.47 2.23117e-17 1.78921e-17
3730.83 4.68696e-17 1.79286e-17
3734.2 2.50466e-17 1.76075e-17
3737.56 -3.17513e-18 1.72847e-17
3740.92 1.01217e-18 1.63923e-17
3744.29 -2.20865e-17 1.62576e-17
3747.65 2.57805e-17 1.64211e-17
3751.01 1.92037e-17 1.60584e-17
3754.38 3.38544e-17 1.57776e-17
3757.74 1.79266e-17 1.54305e-17
3761.1 7.84299e-18 1.48027e-17
3764.47 2.43588e-17 1.46365e-17
3767.83 -3.04586e-18 1.44166e-17
3771.19 2.11728e-17 1.40064e-17
3774.56 1.79197e-17 1.39097e-17
3777.92 2.18748e-17 1.38483e-17
3781.28 4.01222e-17 1.41211e-17
3784.65 2.66962e-17 1.38429e-17
3788.01 1.48641e-17 1.34699e-17
3791.37 -6.54026e-20 1.32887e-17
3794.74 1.69346e-17 1.29463e-17
3798.1 5.57943e-18 1.22559e-17
3801.46 1.09713e-17 1.21929e-17
3804.83 -2.22748e-17 1.20695e-17
3808.19 1.09984e-17 1.21715e-17
3811.55 2.15091e-17 1.18491e-17
3814.92 1.89357e-17 1.17783e-17
3818.28 2.98974e-17 1.18526e-17
3821.64 1.57666e-17 1.14581e-17
3825.01 2.58424e-17 1.16583e-17
3828.37 1.00887e-17 1.13393e-17
3831.73 1.40478e-17 1.10308e-17
3835.1 1.5988e-17 1.09533e-17
3838.46 2.08297e-18 1.05528e-17
3841.82 4.05944e-17 1.08451e-17
3845.19 3.3353e-17 1.08469e-17
3848.55 1.41396e-17 1.02245e-17
3851.91 6.86142e-18 9.81655e-18
3855.28 1.56818e-17 9.77201e-18
3858.64 3.0606e-17 9.61707e-18
3862 4.08078e-17 9.86518e-18
3865.37 4.1218e-17 9.93654e-18
3868.73 2.9288e-17 9.31725e-18
3872.09 3.93925e-17 9.46617e-18
3875.46 4.9887e-17 9.32977e-18
3878.82 4.69957e-17 9.446e-18
3882.18 5.5304e-17 9.26589e-18
3885.55 3.95603e-17 8.78513e-18
3888.91 4.51621e-17 8.79678e-18
3892.28 3.63006e-17 8.6424e-18
3895.64 5.06601e-17 8.9388e-18
3899 5.36818e-17 8.92318e-18
3902.37 4.7455e-17 8.82516e-18
3905.73 4.1475e-17 8.79513e-18
3909.09 3.43633e-17 8.75806e-18
3912.46 5.32436e-17 9.0455e-18
3915.82 5.56858e-17 8.64481e-18
3919.18 4.97796e-17 8.4474e-18
3922.55 5.36522e-17 8.38214e-18
3925.91 7.88333e-17 8.59106e-18
3929.27 5.95997e-17 8.21212e-18
3932.64 6.15072e-17 8.11177e-18
3936 4.22426e-17 7.77023e-18
3939.36 6.10823e-17 8.10736e-18
3942.73 6.52701e-17 8.17324e-18
3946.09 5.91151e-17 8.0567e-18
3949.45 7.47235e-17 8.18383e-18
3952.82 8.47488e-17 8.27799e-18
3956.18 4.99117e-17 7.57377e-18
3959.54 4.92136e-17 7.49377e-18
3962.91 5.47896e-17 7.46039e-18
3966.27 6.59724e-17 7.44677e-18
3969.63 6.62565e-17 7.42078e-18
3973 6.20494e-17 7.32792e-18
3976.36 5.2959e-17 7.13578e-18
3979.72 5.90599e-17 7.38757e-18
3983.09 4.53822e-17 7.17685e-18
3986.45 5.10381e-17 6.92369e-18
3989.81 4.07306e-17 6.69661e-18
3993.18 5.29841e-17 6.76575e-18
3996.54 5.15186e-17 6.80184e-18
3999.9 4.51783e-17 6.68672e-18
4003.27 5.16438e-17 6.68206e-18
4006.63 5.10108e-17 6.84701e-18
4009.99 4.24143e-17 6.64854e-18
4013.36 3.08395e-17 6.44982e-18
4016.72 5.39857e-17 6.8209e-18
4020.08 5.18347e-17 6.75145e-18
4023.45 5.20615e-17 6.55447e-18
4026.81 5.70123e-17 6.54004e-18
4030.17 4.67471e-17 6.36048e-18
4033.54 4.87424e-17 6.3134e-18
4036.9 5.8383e-17 6.5915e-18
4040.26 4.80609e-17 6.4407e-18
4043.63 4.95477e-17 6.45693e-18
4046.99 6.08225e-17 6.60501e-18
4050.35 6.21522e-17 6.48955e-18
4053.72 3.8429e-17 6.15998e-18
4057.08 3.61741e-17 6.10883e-18
4060.44 5.00098e-17 6.3241e-18
4063.81 4.50379e-17 6.1878e-18
4067.17 4.9489e-17 6.24933e-18
4070.53 4.37077e-17 6.08064e-18
4073.9 3.37461e-17 5.85604e-18
4077.26 3.55987e-17 5.82268e-18
4080.62 5.04945e-17 5.98352e-18
4083.99 4.1553e-17 5.9194e-18
4087.35 3.64296e-17 5.74345e-18
4090.71 5.09998e-17 5.851e-18
4094.08 3.10741e-17 5.4408e-18
4097.44 3.11231e-17 5.35042e-18
4100.8 3.48261e-17 5.36623e-18
4104.17 3.69208e-17 5.30451e-18
4107.53 4.06679e-17 5.46214e-18
4110.89 3.46901e-17 5.35389e-18
4114.26 3.21869e-17 5.26011e-18
4117.62 3.20189e-17 5.38151e-18
4120.98 3.37081e-17 5.41272e-18
4124.35 5.06813e-17 5.56344e-18
4127.71 4.02792e-17 5.3314e-18
4131.07 4.33481e-17 5.41021e-18
4134.44 3.97021e-17 5.35498e-18
4137.8 4.32927e-17 5.35546e-18
4141.16 5.1801e-17 5.37207e-18
4144.53 4.66813e-17 5.26681e-18
4147.89 3.73751e-17 5.0981e-18
4151.25 4.40048e-17 5.24932e-18
4154.62 3.66747e-17 5.12386e-18
4157.98 4.34674e-17 5.2484e-18
4161.34 3.49731e-17 5.10235e-18
4164.71 4.07405e-17 5.18108e-18
4168.07 5.22648e-17 5.34703e-18
4171.43 3.46478e-17 4.97832e-18
4174.8 3.69179e-17 5.0105e-18
4178.16 3.57462e-17 4.95797e-18
4181.52 3.59687e-17 4.87228e-18
4184.89 3.16443e-17 4.84849e-18
4188.25 2.93571e-17 4.79885e-18
4191.62 4.30943e-17 4.94687e-18
4194.98 4.1782e-17 4.9101e-18
4198.34 4.0863e-17 4.87096e-18
4201.71 4.03346e-17 4.72196e-18
4205.07 4.11317e-17 4.69222e-18
4208.43 4.82017e-17 4.8777e-18
4211.8 3.71829e-17 4.67788e-18
4215.16 3.21833e-17 4.57402e-18
4218.52 3.36088e-17 4.61565e-18
4221.89 3.71989e-17 4.58433e-18
4225.25 3.78073e-17 4.53143e-18
4228.61 3.09208e-17 4.51902e-18
4231.98 2.4118e-17 4.36228e-18
4235.34 2.51945e-17 4.23329e-18
4238.7 3.67113e-17 4.58692e-18
4242.07 4.72063e-17 4.67485e-18
4245.43 3.58923e-17 4.45417e-18
4248.79 3.09067e-17 4.42192e-18
4252.16 2.962e-17 4.4089e-18
4255.52 3.23084e-17 4.45796e-18
4258.88 3.65972e-17 4.47546e-18
4262.25 3.54079e-17 4.35836e-18
4265.61 4.12519e-17 4.53385e-18
4268.97 4.02887e-17 4.46952e-18
4272.34 3.34831e-17 4.33831e-18
4275.7 4.7343e-17 4.58608e-18
4279.06 3.71492e-17 4.44732e-18
4282.43 4.36891e-17 4.4794e-18
4285.79 4.43617e-17 4.42286e-18
4289.15 4.75283e-17 4.4631e-18
4292.52 4.0913e-17 4.33085e-18
4295.88 3.93582e-17 4.22237e-18
4299.24 4.19476e-17 4.23874e-18
4302.61 3.806e-17 4.22078e-18
4305.97 3.94794e-17 4.19915e-18
4309.33 3.84524e-17 4.19717e-18
4312.7 3.7397e-17 4.23207e-18
4316.06 3.59653e-17 4.17919e-18
4319.42 3.73482e-17 4.17697e-18
4322.79 3.83065e-17 4.24342e-18
4326.15 4.03166e-17 4.16976e-18
4329.51 5.04297e-17 4.33178e-18
4332.88 5.12549e-17 4.35201e-18
4336.24 5.00594e-17 4.33472e-18
4339.6 4.37941e-17 4.16536e-18
4342.97 4.27663e-17 4.14573e-18
4346.33 3.94737e-17 4.10697e-18
4349.69 4.49064e-17 4.18889e-18
4353.06 4.34474e-17 4.21315e-18
4356.42 4.98262e-17 4.30403e-18
4359.78 4.93576e-17 4.29274e-18
4363.15 4.77648e-17 4.28376e-18
4366.51 5.02743e-17 4.27645e-18
4369.87 5.43467e-17 4.28779e-18
4373.24 5.23438e-17 4.22943e-18
4376.6 4.9727e-17 4.19906e-18
4379.96 5.14814e-17 4.25519e-18
4383.33 6.09078e-17 4.3531e-18
4386.69 6.30538e-17 4.37741e-18
4390.05 5.86044e-17 4.30087e-18
4393.42 6.54325e-17 4.38721e-18
4396.78 6.18122e-17 4.433e-18
4400.14 7.09529e-17 4.5061e-18
4403.51 7.39607e-17 4.5176e-18
4406.87 7.43593e-17 4.57858e-18
4410.23 7.83288e-17 4.69509e-18
4413.6 7.87504e-17 4.62947e-18
4416.96 7.00203e-17 4.52182e-18
4420.32 7.01605e-17 4.51034e-18
4423.69 8.37402e-17 4.67975e-18
4427.05 7.95315e-17 4.62758e-18
4430.41 8.19089e-17 4.57937e-18
4433.78 8.07834e-17 4.58314e-18
4437.14 8.16607e-17 4.59455e-18
4440.5 7.71811e-17 4.49165e-18
4443.87 8.4582e-17 4.55983e-18
4447.23 8.84847e-17 4.6447e-18
4450.59 8.48192e-17 4.53154e-18
4453.96 8.7983e-17 4.52271e-18
4457.32 9.09811e-17 4.53479e-18
4460.68 1.05864e-16 4.72059e-18
4464.05 9.30716e-17 4.55386e-18
4467.41 1.01654e-16 4.62723e-18
4470.77 1.02761e-16 4.68877e-18
4474.14 1.00034e-16 4.62021e-18
4477.5 9.69783e-17 4.61581e-18
4480.86 1.07262e-16 4.70172e-18
4484.23 1.0589e-16 4.62574e-18
4487.59 1.00652e-16 4.61083e-18
4490.96 9.47984e-17 4.57816e-18
4494.32 1.03614e-16 4.63833e-18
4497.68 1.16534e-16 4.75256e-18
4501.05 1.12163e-16 4.73667e-18
4504.41 1.03238e-16 4.64158e-18
4507.77 1.03433e-16 4.6185e-18
4511.14 1.07183e-16 4.64901e-18
4514.5 1.15033e-16 4.70621e-18
4517.86 1.08475e-16 4.66535e-18
4521.23 1.12821e-16 4.70365e-18
4524.59 1.07514e-16 4.61198e-18
4527.95 1.0024e-16 4.53265e-18
4531.32 1.06577e-16 4.6017e-18
4534.68 1.13882e-16 4.62171e-18
4538.04 1.08884e-16 4.64007e-18
4541.41 1.03572e-16 4.53041e-18
4544.77 9.17048e-17 4.36518e-18
4548.13 1.04829e-16 4.47572e-18
4551.5 1.04605e-16 4.46958e-18
4554.86 9.49826e-17 4.3942e-18
4558.22 9.8754e-17 4.41481e-18
4561.59 1.04335e-16 4.40739e-18
4564.95 9.71029e-17 4.32007e-18
4568.31 1.07579e-16 4.47857e-18
4571.68 1.14939e-16 4.57092e-18
4575.04 1.03587e-16 4.39059e-18
4578.4 9.96308e-17 4.36643e-18
4581.77 1.06821e-16 4.41961e-18
4585.13 1.0447e-16 4.41353e-18
4588.49 1.05971e-16 4.42377e-18
4591.86 1.08296e-16 4.44869e-18
4595.22 1.13719e-16 4.47307e-18
4598.58 1.21168e-16 4.48194e-18
4601.95 1.1874e-16 4.45656e-18
4605.31 1.25585e-16 4.56112e-18
4608.67 1.23564e-16 4.49884e-18
4612.04 1.1406e-16 4.39364e-18
4615.4 1.22883e-16 4.46884e-18
4618.76 1.27364e-16 4.55181e-18
4622.13 1.28562e-16 4.54997e-18
4625.49 1.24684e-16 4.48596e-18
4628.85 1.30284e-16 4.56359e-18
4632.22 1.41746e-16 4.67072e-18
4635.58 1.42303e-16 4.6846e-18
4638.94 1.27323e-16 4.54678e-18
4642.31 1.34385e-16 4.60138e-18
4645.67 1.49054e-16 4.72604e-18
4649.03 1.62757e-16 4.88904e-18
4652.4 1.69987e-16 4.95936e-18
4655.76 1.7159e-16 4.9554e-18
4659.12 1.77126e-16 5.00785e-18
4662.49 1.71835e-16 4.98462e-18
4665.85 1.6722e-16 4.92103e-18
4669.21 1.76593e-16 5.0175e-18
4672.58 1.85157e-16 5.09158e-18
4675.94 1.91061e-16 5.12479e-18
4679.3 1.87412e-16 5.07232e-18
4682.67 1.80357e-16 5.01823e-18
4686.03 1.79934e-16 5.00048e-18
4689.39 1.82901e-16 4.99619e-18
4692.76 1.80845e-16 4.98309e-18
4696.12 1.85018e-16 5.03506e-18
4699.48 1.77449e-16 4.94225e-18
4702.85 1.74588e-16 4.89871e-18
4706.21 1.6882e-16 4.84595e-18
4709.57 1.6165e-16 4.74007e-18
4712.94 1.6473e-16 4.76953e-18
4716.3 1.65113e-16 4.75716e-18
4719.66 1.64765e-16 4.71567e-18
4723.03 1.64758e-16 4.69433e-18
4726.39 1.59879e-16 4.6871e-18
4729.75 1.5332e-16 4.57135e-18
4733.12 1.4869e-16 4.51423e-18
4736.48 1.41434e-16 4.47188e-18
4739.84 1.32739e-16 4.38372e-18
4743.21 1.26583e-16 4.25591e-18
4746.57 1.22935e-16 4.25195e-18
4749.93 1.20501e-16 4.22602e-18
4753.3 1.26272e-16 4.24324e-18
4756.66 1.25035e-16 4.2189e-18
4760.02 1.19625e-16 4.17997e-18
4763.39 1.1727e-16 4.13048e-18
4766.75 1.10374e-16 4.03695e-18
4770.11 1.09844e-16 4.04752e-18
4773.48 1.12667e-16 4.07177e-18
4776.84 1.09384e-16 4.02956e-18
4780.2 1.11339e-16 4.05025e-18
4783.57 1.13208e-16 4.07497e-18
4786.93 1.07829e-16 4.00775e-18
4790.3 1.12871e-16 4.04607e-18
4793.66 1.12675e-16 4.05323e-18
4797.02 1.07506e-16 3.98584e-18
4800.39 1.09379e-16 3.99748e-18
4803.75 1.15791e-16 4.06675e-18
4807.11 1.15889e-16 4.08248e-18
4810.48 1.17424e-16 4.09363e-18
4813.84 1.19378e-16 4.14396e-18
4817.2 1.25815e-16 4.20558e-18
4820.57 1.21796e-16 4.15603e-18
4823.93 1.19268e-16 4.12625e-18
4827.29 1.18703e-16 4.13767e-18
4830.66 1.27439e-16 4.21414e-18
4834.02 1.24621e-16 4.18765e-18
4837.38 1.24045e-16 4.16924e-18
4840.75 1.26495e-16 4.19537e-18
4844.11 1.28256e-16 4.18466e-18
4847.47 1.20513e-16 4.11628e-18
4850.84 1.18089e-16 4.09017e-18
4854.2 1.23952e-16 4.11254e-18
4857.56 1.20645e-16 4.0581e-18
4860.93 1.2093e-16 4.0562e-18
4864.29 1.15904e-16 4.01353e-18
4867.65 1.27384e-16 4.12029e-18
4871.02 1.20676e-16 4.03777e-18
4874.38 1.103e-16 3.9327e-18
4877.74 1.14757e-16 3.97103e-18
4881.11 1.18503e-16 4.02118e-18
4884.47 1.03843e-16 3.84481e-18
4887.83 1.08984e-16 3.88552e-18
4891.2 1.09241e-16 3.92467e-18
4894.56 1.00885e-16 3.8353e-18
4897.92 1.04952e-16 3.85949e-18
4901.29 1.04497e-16 3.8379e-18
4904.65 1.01104e-16 3.78287e-18
4908.01 1.00856e-16 3.77781e-18
4911.38 9.90829e-17 3.75789e-18
4914.74 9.40767e-17 3.68773e-18
4918.1 9.00912e-17 3.63353e-18
4921.47 8.40649e-17 3.5442e-18
4924.83 8.64645e-17 3.58309e-18
4928.19 8.9058e-17 3.60213e-18
4931.56 7.84839e-17 3.46943e-18
4934.92 8.36732e-17 3.53107e-18
4938.28 8.06015e-17 3.51048e-18
4941.65 7.84234e-17 3.44459e-18
4945.01 7.0092e-17 3.36493e-18
4948.37 8.11922e-17 3.45828e-18
4951.74 7.78671e-17 3.43258e-18
4955.1 8.29221e-17 3.48627e-18
4958.46 7.95069e-17 3.456e-18
4961.83 7.37029e-17 3.37596e-18
4965.19 7.55514e-17 3.39846e-18
4968.55 7.47163e-17 3.38409e-18
4971.92 8.20107e-17 3.45551e-18
4975.28 8.23448e-17 3.47287e-18
4978.64 8.14061e-17 3.48549e-18
4982.01 8.11536e-17 3.48301e-18
4985.37 9.05943e-17 3.5871e-18
4988.73 8.87841e-17 3.5349e-18
4992.1 9.86829e-17 3.6466e-18
4995.46 9.42236e-17 3.62993e-18
4998.82 1.00173e-16 3.69136e-18
5002.19 1.03434e-16 3.68769e-18
5005.55 9.8513e-17 3.62241e-18
5008.91 1.0115e-16 3.68254e-18
5012.28 1.01615e-16 3.67794e-18
5015.64 9.94461e-17 3.61935e-18
5019 1.02127e-16 3.6186e-18
5022.37 9.54519e-17 3.57514e-18
5025.73 8.90901e-17 3.54918e-18
5029.09 1.03456e-16 3.65031e-18
5032.46 1.05749e-16 3.64596e-18
5035.82 1.0326e-16 3.62046e-18
5039.18 1.02646e-16 3.63484e-18
5042.55 1.0406e-16 3.65597e-18
5045.91 9.69732e-17 3.52181e-18
5049.27 9.41279e-17 3.52961e-18
5052.64 9.11291e-17 3.4824e-18
5056 8.88494e-17 3.43856e-18
5059.36 8.29168e-17 3.37556e-18
5062.73 8.25951e-17 3.37117e-18
5066.09 8.51743e-17 3.3845e-18
5069.45 8.44063e-17 3.36355e-18
5072.82 8.61962e-17 3.3859e-18
5076.18 8.63208e-17 3.37906e-18
5079.55 9.20038e-17 3.42634e-18
5082.91 8.83508e-17 3.3806e-18
5086.27 8.88515e-17 3.36885e-18
5089.64 8.16608e-17 3.28015e-18
5093 8.39932e-17 3.33452e-18
5096.36 8.35702e-17 3.36706e-18
5099.73 8.37661e-17 3.34044e-18
5103.09 8.87991e-17 3.3635e-18
5106.45 9.08812e-17 3.40077e-18
5109.82 9.26042e-17 3.42724e-18
5113.18 8.67271e-17 3.33675e-18
5116.54 8.80823e-17 3.35591e-18
5119.91 9.24066e-17 3.42308e-18
5123.27 8.90197e-17 3.39219e-18
5126.63 8.90488e-17 3.37837e-18
5130 9.17704e-17 3.39679e-18
5133.36 9.20244e-17 3.4167e-18
5136.72 9.74057e-17 3.48341e-18
5140.09 9.89248e-17 3.4876e-18
5143.45 1.00574e-16 3.51476e-18
5146.81 1.09257e-16 3.59178e-18
5150.18 1.10809e-16 3.59727e-18
5153.54 1.05151e-16 3.56558e-18
5156.9 1.0451e-16 3.54163e-18
5160.27 1.13831e-16 3.63265e-18
5163.63 1.18793e-16 3.67606e-18
5166.99 1.22843e-16 3.69076e-18
5170.36 1.23112e-16 3.7023e-18
5173.72 1.26007e-16 3.72096e-18
5177.08 1.31738e-16 3.77892e-18
5180.45 1.30089e-16 3.79069e-18
5183.81 1.35513e-16 3.84081e-18
5187.17 1.40225e-16 3.87003e-18
5190.54 1.49876e-16 3.95365e-18
5193.9 1.54724e-16 4.01328e-18
5197.26 1.58612e-16 4.06804e-18
5200.63 1.60047e-16 4.04905e-18
5203.99 1.58311e-16 4.04586e-18
5207.35 1.66841e-16 4.11658e-18
5210.72 1.69237e-16 4.13642e-18
5214.08 1.72303e-16 4.15846e-18
5217.44 1.75274e-16 4.18411e-18
5220.81 1.79231e-16 4.23099e-18
5224.17 1.76347e-16 4.2086e-18
5227.53 1.77841e-16 4.19341e-18
5230.9 1.85731e-16 4.25335e-18
5234.26 1.85691e-16 4.25183e-18
5237.62 1.79235e-16 4.20318e-18
5240.99 1.7922e-16 4.19958e-18
5244.35 1.92134e-16 4.31582e-18
5247.71 1.96255e-16 4.33647e-18
5251.08 2.01534e-16 4.37864e-18
5254.44 2.0861e-16 4.41162e-18
5257.8 1.97068e-16 4.31419e-18
5261.17 2.03667e-16 4.37156e-18
5264.53 2.06522e-16 4.37564e-18
5267.89 2.12564e-16 4.41777e-18
5271.26 2.10917e-16 4.41167e-18
5274.62 2.10552e-16 4.40207e-18
5277.98 2.1655e-16 4.46166e-18
5281.35 2.16217e-16 4.4661e-18
5284.71 2.19887e-16 4.51766e-18
5288.07 2.25009e-16 4.55287e-18
5291.44 2.25561e-16 4.52663e-18
5294.8 2.2322e-16 4.52434e-18
5298.16 2.23303e-16 4.51556e-18
5301.53 2.26193e-16 4.54048e-18
5304.89 2.27815e-16 4.55116e-18
5308.25 2.29732e-16 4.57202e-18
5311.62 2.34283e-16 4.58668e-18
5314.98 2.35308e-16 4.59569e-18
5318.34 2.31266e-16 4.59562e-18
5321.71 2.45664e-16 4.68699e-18
5325.07 2.56782e-16 4.73873e-18
5328.43 2.41921e-16 4.65494e-18
5331.8 2.487e-16 4.70687e-18
5335.16 2.43671e-16 4.65716e-18
5338.52 2.38339e-16 4.60337e-18
5341.89 2.4555e-16 4.63998e-18
5345.25 2.50264e-16 4.69309e-18
5348.61 2.51448e-16 4.70626e-18
5351.98 2.47081e-16 4.64217e-18
5355.34 2.47377e-16 4.62985e-18
5358.7 2.49587e-16 4.6634e-18
5362.07 2.48019e-16 4.66217e-18
5365.43 2.54223e-16 4.69918e-18
5368.79 2.60459e-16 4.74333e-18
5372.16 2.49788e-16 4.66593e-18
5375.52 2.52964e-16 4.6666e-18
5378.89 2.55465e-16 4.67222e-18
5382.25 2.60143e-16 4.72085e-18
5385.61 2.60587e-16 4.71539e-18
5388.98 2.57047e-16 4.6946e-18
5392.34 2.66698e-16 4.75259e-18
5395.7 2.66827e-16 4.75053e-18
5399.07 2.64305e-16 4.73256e-18
5402.43 2.63656e-16 4.7373e-18
5405.79 2.62006e-16 4.71302e-18
5409.16 2.57043e-16 4.65733e-18
5412.52 2.61461e-16 4.70105e-18
5415.88 2.5999e-16 4.69143e-18
5419.25 2.51242e-16 4.61693e-18
5422.61 2.36717e-16 4.509e-18
5425.97 2.36757e-16 4.49441e-18
5429.34 2.3614e-16 4.49467e-18
5432.7 2.34189e-16 4.47628e-18
5436.06 2.34059e-16 4.4784e-18
5439.43 2.36504e-16 4.49898e-18
5442.79 2.35751e-16 4.49269e-18
5446.15 2.35761e-16 4.46455e-18
5449.52 2.28466e-16 4.42256e-18
5452.88 2.34577e-16 4.46853e-18
5456.24 2.37254e-16 4.48394e-18
5459.61 2.36222e-16 4.48519e-18
5462.97 2.34122e-16 4.47998e-18
5466.33 2.37135e-16 4.4854e-18
5469.7 2.37608e-16 4.47963e-18
5473.06 2.32449e-16 4.44008e-18
5476.42 2.41319e-16 4.48878e-18
5479.79 2.48156e-16 4.53287e-18
5483.15 2.52013e-16 4.56902e-18
5486.51 2.60751e-16 4.61564e-18
5489.88 2.60882e-16 4.61027e-18
5493.24 2.61939e-16 4.64276e-18
5496.6 2.66809e-16 4.67366e-18
5499.97 2.74839e-16 4.73777e-18
5503.33 2.73856e-16 4.73344e-18
5506.69 2.77089e-16 4.75473e-18
5510.06 2.90596e-16 4.83867e-18
5513.42 2.93375e-16 4.85633e-18
5516.78 3.08901e-16 4.96272e-18
5520.15 3.08231e-16 4.94653e-18
5523.51 3.15566e-16 5.00499e-18
5526.87 3.29006e-16 5.10298e-18
5530.24 3.35116e-16 5.12865e-18
5533.6 3.35678e-16 5.11432e-18
5536.96 3.50366e-16 5.20574e-18
5540.33 3.55022e-16 5.24359e-18
5543.69 3.51581e-16 5.24522e-18
5547.05 3.39707e-16 5.17161e-18
5550.42 3.42345e-16 5.17284e-18
5553.78 3.49543e-16 5.20846e-18
5557.14 3.44443e-16 5.1804e-18
5560.51 3.36564e-16 5.14274e-18
5563.87 3.41557e-16 5.14323e-18
5567.23 3.41131e-16 5.9965e-18
5570.6 3.38204e-16 6.99732e-18
5573.96 3.49707e-16 7.2847e-18
5577.32 3.63007e-16 7.27836e-18
5580.69 3.57059e-16 7.3361e-18
5584.05 3.43237e-16 6.33506e-18
5587.41 3.4711e-16 5.21315e-18
5590.78 3.51684e-16 5.19456e-18
5594.14 3.41062e-16 5.12302e-18
5597.5 3.44724e-16 5.15118e-18
5600.87 3.49528e-16 5.18023e-18
5604.23 3.39179e-16 5.11412e-18
5607.59 3.4405e-16 5.14844e-18
5610.96 3.44135e-16 5.14206e-18
5614.32 3.49298e-16 5.1582e-18
5617.68 3.39047e-16 5.10372e-18
5621.05 3.39841e-16 5.11185e-18
5624.41 3.36263e-16 5.07069e-18
5627.77 3.41354e-16 5.10014e-18
5631.14 3.40368e-16 5.08893e-18
5634.5 3.44682e-16 5.11794e-18
5637.86 3.46548e-16 5.12359e-18
5641.23 3.44782e-16 5.10975e-18
5644.59 3.38157e-16 5.08939e-18
5647.95 3.3806e-16 5.06887e-18
5651.32 3.41433e-16 5.07632e-18
5654.68 3.53577e-16 5.156e-18
5658.04 3.53641e-16 5.15016e-18
5661.41 3.52799e-16 5.15519e-18
5664.77 3.52671e-16 5.11808e-18
5668.13 3.54453e-16 5.10758e-18
5671.5 3.45006e-16 5.07414e-18
5674.86 3.39019e-16 5.05086e-18
5678.23 3.61419e-16 5.21088e-18
5681.59 3.82279e-16 5.35696e-18
5684.95 3.88954e-16 5.39526e-18
5688.32 3.92749e-16 5.4143e-18
5691.68 3.97512e-16 5.42886e-18
5695.04 4.07617e-16 5.47628e-18
5698.41 4.05619e-16 5.46424e-18
5701.77 4.00241e-16 5.43287e-18
5705.13 4.04895e-16 5.45764e-18
5708.5 4.09431e-16 5.48931e-18
5711.86 4.1606e-16 5.52478e-18
5715.22 4.16395e-16 5.51553e-18
5718.59 4.13244e-16 5.51792e-18
5721.95 4.09628e-16 5.48284e-18
5725.31 3.99549e-16 5.4189e-18
5728.68 4.05288e-16 5.45272e-18
5732.04 4.08605e-16 5.4574e-18
5735.4 3.98729e-16 5.39033e-18
5738.77 3.77562e-16 5.27737e-18
5742.13 3.88056e-16 5.32205e-18
5745.49 3.87688e-16 5.32642e-18
5748.86 3.73576e-16 5.25278e-18
5752.22 3.73461e-16 5.25074e-18
5755.58 3.71914e-16 5.24606e-18
5758.95 3.63831e-16 5.19296e-18
5762.31 3.66088e-16 5.19551e-18
5765.67 3.70012e-16 5.2122e-18
5769.04 3.56766e-16 5.14464e-18
5772.4 3.37211e-16 5.03159e-18
5775.76 3.3158e-16 4.97942e-18
5779.13 3.40785e-16 5.03356e-18
5782.49 3.388e-16 5.00261e-18
5785.85 3.32825e-16 4.9709e-18
5789.22 3.38045e-16 4.98532e-18
5792.58 3.19611e-16 4.87441e-18
5795.94 3.22224e-16 4.88509e-18
5799.31 3.34647e-16 4.96069e-18
5802.67 3.34992e-16 4.97646e-18
5806.03 3.24852e-16 4.90272e-18
5809.4 3.28912e-16 4.93402e-18
5812.76 3.3128e-16 4.95636e-18
5816.12 3.27613e-16 4.92174e-18
5819.49 3.36187e-16 4.97909e-18
5822.85 3.33795e-16 4.96465e-18
5826.21 3.30652e-16 4.94765e-18
5829.58 3.33534e-16 4.96227e-18
5832.94 3.35159e-16 4.96891e-18
5836.3 3.33767e-16 4.96516e-18
5839.67 3.37936e-16 4.98645e-18
5843.03 3.36023e-16 4.95894e-18
5846.39 3.27002e-16 4.89635e-18
5849.76 3.25714e-16 4.89221e-18
5853.12 3.2275e-16 4.87601e-18
5856.48 3.2458e-16 4.90471e-18
5859.85 3.12534e-16 4.83956e-18
5863.21 3.1317e-16 4.86521e-18
5866.57 3.12919e-16 4.88187e-18
5869.94 3.16693e-16 4.87951e-18
5873.3 3.17366e-16 4.88419e-18
5876.66 3.06572e-16 4.79778e-18
5880.03 3.09221e-16 5.09085e-18
5883.39 2.97322e-16 5.41044e-18
5886.75 3.02475e-16 5.73416e-18
5890.12 3.06232e-16 5.92713e-18
5893.48 2.9626e-16 5.93803e-18
5896.84 3.01293e-16 5.60936e-18
5900.21 3.02979e-16 5.31822e-18
5903.57 3.00145e-16 4.96475e-18
5906.93 3.03233e-16 4.76027e-18
5910.3 3.04249e-16 4.77624e-18
5913.66 2.98696e-16 4.73503e-18
5917.02 2.97579e-16 4.74304e-18
5920.39 2.96977e-16 4.73557e-18
5923.75 2.89804e-16 4.66968e-18
5927.11 2.93444e-16 4.69564e-18
5930.48 2.86699e-16 4.66072e-18
5933.84 2.7536e-16 4.56633e-18
5937.2 2.84535e-16 4.6178e-18
5940.57 2.75972e-16 4.57711e-18
5943.93 2.76258e-16 4.5702e-18
5947.29 2.71707e-16 4.53876e-18
5950.66 2.72162e-16 4.53624e-18
5954.02 2.68469e-16 4.51791e-18
5957.38 2.64805e-16 4.48057e-18
5960.75 2.73859e-16 4.52125e-18
5964.11 2.66954e-16 4.47216e-18
5967.47 2.66862e-16 4.4768e-18
5970.84 2.65033e-16 4.45762e-18
5974.2 2.61741e-16 4.43873e-18
5977.56 2.6926e-16 4.48089e-18
5980.93 2.66284e-16 4.44888e-18
5984.29 2.63664e-16 4.42954e-18
5987.66 2.69672e-16 4.46405e-18
5991.02 2.66549e-16 4.44439e-18
5994.38 2.65924e-16 4.44974e-18
5997.75 2.69611e-16 4.48416e-18
6001.11 2.73362e-16 4.49772e-18
6004.47 2.62591e-16 4.42426e-18
6007.84 2.66667e-16 4.43537e-18
6011.2 2.64363e-16 4.41982e-18
6014.56 2.65377e-16 4.43666e-18
6017.93 2.73945e-16 4.47622e-18
6021.29 2.7013e-16 4.44779e-18
6024.65 2.67626e-16 4.43563e-18
6028.02 2.6975e-16 4.45017e-18
6031.38 2.69798e-16 4.45384e-18
6034.74 2.79719e-16 4.51688e-18
6038.11 2.79002e-16 4.50625e-18
6041.47 2.59864e-16 4.36951e-18
6044.83 2.61259e-16 4.37403e-18
6048.2 2.77949e-16 4.48769e-18
6051.56 2.72394e-16 4.44762e-18
6054.92 2.60432e-16 4.37264e-18
6058.29 2.64939e-16 4.40153e-18
6061.65 2.67943e-16 4.40905e-18
6065.01 2.64459e-16 4.39666e-18
6068.38 2.66886e-16 4.4193e-18
6071.74 2.61761e-16 4.39038e-18
6075.1 2.58209e-16 4.34988e-18
6078.47 2.65356e-16 4.38944e-18
6081.83 2.68974e-16 4.39588e-18
6085.19 2.63345e-16 4.36439e-18
6088.56 2.6004e-16 4.33441e-18
6091.92 2.58726e-16 4.33316e-18
6095.28 2.5471e-16 4.32522e-18
6098.65 2.56049e-16 4.32824e-18
6102.01 2.54436e-16 4.31539e-18
6105.37 2.55324e-16 4.3124e-18
6108.74 2.56506e-16 4.30998e-18
6112.1 2.50043e-16 4.27347e-18
6115.46 2.5053e-16 4.27469e-18
6118.83 2.56686e-16 4.31438e-18
6122.19 2.53499e-16 4.28958e-18
6125.55 2.51286e-16 4.25753e-18
6128.92 2.53499e-16 4.28964e-18
6132.28 2.49092e-16 4.2686e-18
6135.64 2.45639e-16 4.25428e-18
6139.01 2.44909e-16 4.24478e-18
6142.37 2.43042e-16 4.22668e-18
6145.73 2.43043e-16 4.20946e-18
6149.1 2.42395e-16 4.19865e-18
6152.46 2.34993e-16 4.14422e-18
6155.82 2.28759e-16 4.09082e-18
6159.19 2.26084e-16 4.06927e-18
6162.55 2.27333e-16 4.08124e-18
6165.91 2.28022e-16 4.07671e-18
6169.28 2.1957e-16 4.02107e-18
6172.64 2.07643e-16 3.93937e-18
6176 2.02446e-16 3.87285e-18
6179.37 1.984e-16 3.83529e-18
6182.73 1.91176e-16 3.80326e-18
6186.09 1.88575e-16 3.76073e-18
6189.46 1.8513e-16 3.70823e-18
6192.82 1.73576e-16 3.63327e-18
6196.18 1.71784e-16 3.62477e-18
6199.55 1.65048e-16 3.58517e-18
6202.91 1.60826e-16 3.56319e-18
6206.27 1.5886e-16 3.52844e-18
6209.64 1.59017e-16 3.53315e-18
6213 1.54234e-16 3.49455e-18
6216.36 1.43141e-16 3.39113e-18
6219.73 1.4568e-16 3.41315e-18
6223.09 1.40047e-16 3.3717e-18
6226.45 1.35339e-16 3.35111e-18
6229.82 1.33755e-16 3.36165e-18
6233.18 1.32222e-16 3.37017e-18
6236.54 1.34e-16 3.40084e-18
6239.91 1.31553e-16 3.38521e-18
6243.27 1.28036e-16 3.31368e-18
6246.63 1.26242e-16 3.22954e-18
6250 1.27333e-16 3.25635e-18
6253.36 1.16255e-16 3.18347e-18
6256.72 1.15227e-16 3.18412e-18
6260.09 1.16791e-16 3.21047e-18
6263.45 1.15369e-16 3.1963e-18
6266.81 1.1276e-16 3.10897e-18
6270.18 1.09784e-16 3.07532e-18
6273.54 1.09387e-16 3.08298e-18
6276.9 1.11383e-16 3.10304e-18
6280.27 1.13466e-16 3.12756e-18
6283.63 1.1898e-16 3.16975e-18
6287 1.19968e-16 3.17286e-18
6290.36 1.18547e-16 3.29074e-18
6293.72 1.24801e-16 3.48683e-18
6297.09 1.32195e-16 3.56785e-18
6300.45 1.35422e-16 3.62574e-18
6303.81 1.34886e-16 3.62246e-18
6307.18 1.36101e-16 3.53825e-18
6310.54 1.44608e-16 3.43152e-18
6313.9 1.39181e-16 3.38504e-18
6317.27 1.46792e-16 3.41563e-18
6320.63 1.53684e-16 3.47184e-18
6323.99 1.60477e-16 3.55982e-18
6327.36 1.58848e-16 3.56483e-18
6330.72 1.58843e-16 3.5501e-18
6334.08 1.68373e-16 3.6026e-18
6337.45 1.71912e-16 3.60596e-18
6340.81 1.72038e-16 3.59266e-18
6344.17 1.77345e-16 3.64739e-18
6347.54 1.85041e-16 3.7377e-18
6350.9 1.9891e-16 3.84488e-18
6354.26 2.01196e-16 3.88036e-18
6357.63 1.92257e-16 3.8802e-18
6360.99 2.01812e-16 3.95436e-18
6364.35 2.01479e-16 3.9208e-18
6367.72 2.08181e-16 3.9312e-18
6371.08 2.07004e-16 3.90709e-18
6374.44 2.1308e-16 3.92324e-18
6377.81 2.11834e-16 3.93502e-18
6381.17 2.11037e-16 3.92774e-18
6384.53 2.14255e-16 3.93429e-18
6387.9 2.12025e-16 3.90518e-18
6391.26 2.20161e-16 3.96988e-18
6394.62 2.1774e-16 3.95629e-18
6397.99 2.22255e-16 3.96364e-18
6401.35 2.26334e-16 3.98787e-18
6404.71 2.19188e-16 3.95161e-18
6408.08 2.27363e-16 4.01063e-18
6411.44 2.3764e-16 4.08158e-18
6414.8 2.33122e-16 4.04592e-18
6418.17 2.26712e-16 4.00367e-18
6421.53 2.37935e-16 4.05947e-18
6424.89 2.39062e-16 4.07451e-18
6428.26 2.43917e-16 4.11228e-18
6431.62 2.37337e-16 4.06893e-18
6434.98 2.43047e-16 4.08651e-18
6438.35 2.52946e-16 4.16951e-18
6441.71 2.5241e-16 4.18316e-18
6445.07 2.48764e-16 4.14189e-18
6448.44 2.5447e-16 4.19253e-18
6451.8 2.5662e-16 4.2172e-18
6455.16 2.54764e-16 4.2154e-18
6458.53 2.56022e-16 4.24676e-18
6461.89 2.59807e-16 4.27424e-18
6465.25 2.64972e-16 4.32057e-18
6468.62 2.67985e-16 4.35072e-18
6471.98 2.69781e-16 4.34028e-18
6475.34 2.58829e-16 4.24456e-18
6478.71 2.69702e-16 4.30899e-18
6482.07 2.79727e-16 4.34121e-18
6485.43 2.81707e-16 4.35416e-18
6488.8 2.81598e-16 4.3741e-18
6492.16 2.87181e-16 4.4382e-18
6495.52 2.85584e-16 4.45934e-18
6498.89 2.90164e-16 4.49231e-18
6502.25 2.93623e-16 4.52062e-18
6505.61 2.97914e-16 4.52031e-18
6508.98 3.04583e-16 4.52449e-18
6512.34 3.09314e-16 4.54557e-18
6515.7 3.13691e-16 4.57366e-18
6519.07 3.14812e-16 4.58975e-18
6522.43 3.23632e-16 4.64967e-18
6525.79 3.31819e-16 4.73087e-18
6529.16 3.31893e-16 4.72493e-18
6532.52 3.33224e-16 4.73171e-18
6535.88 3.49857e-16 4.83801e-18
6539.25 3.6048e-16 4.8906e-18
6542.61 3.57105e-16 4.85471e-18
6545.97 3.4618e-16 4.81748e-18
6549.34 3.43784e-16 4.82416e-18
6552.7 3.54232e-16 4.86813e-18
6556.06 3.61902e-16 4.89879e-18
6559.43 3.63857e-16 4.89719e-18
6562.79 3.65936e-16 4.88852e-18
6566.15 3.60511e-16 4.85906e-18
6569.52 3.50618e-16 4.81776e-18
6572.88 3.53767e-16 4.83448e-18
6576.24 3.60476e-16 4.87427e-18
6579.61 3.50948e-16 4.81772e-18
6582.97 3.45784e-16 4.78022e-18
6586.34 3.43759e-16 4.74939e-18
6589.7 3.50473e-16 4.78281e-18
6593.06 3.61741e-16 4.84808e-18
6596.43 3.60685e-16 4.86233e-18
6599.79 3.53765e-16 4.84258e-18
6603.15 3.53014e-16 4.82309e-18
6606.52 3.55423e-16 4.81719e-18
6609.88 3.58945e-16 4.83071e-18
6613.24 3.58502e-16 4.82034e-18
6616.61 3.58508e-16 4.81749e-18
6619.97 3.6056e-16 4.83304e-18
6623.33 3.50782e-16 4.77442e-18
6626.7 3.50819e-16 4.77829e-18
6630.06 3.55807e-16 4.82383e-18
6633.42 3.3825e-16 4.71895e-18
6636.79 3.477e-16 4.76557e-18
6640.15 3.43759e-16 4.72412e-18
6643.51 3.41069e-16 4.68775e-18
6646.88 3.28328e-16 4.63007e-18
6650.24 3.2613e-16 4.6168e-18
6653.6 3.28115e-16 4.62434e-18
6656.97 3.29047e-16 4.63651e-18
6660.33 3.29225e-16 4.64144e-18
6663.69 3.23321e-16 4.6137e-18
6667.06 3.16505e-16 4.57362e-18
6670.42 3.15071e-16 4.55069e-18
6673.78 3.17386e-16 4.5621e-18
6677.15 3.14748e-16 4.5496e-18
6680.51 3.1543e-16 4.53491e-18
6683.87 3.12731e-16 4.50602e-18
6687.24 3.09798e-16 4.5073e-18
6690.6 3.11461e-16 4.52814e-18
6693.96 3.16532e-16 4.56459e-18
6697.33 3.12157e-16 4.52672e-18
6700.69 3.18038e-16 4.55721e-18
6704.05 3.20293e-16 4.55774e-18
6707.42 3.1711e-16 4.53303e-18
6710.78 3.21264e-16 4.56341e-18
6714.14 3.20356e-16 4.54822e-18
6717.51 3.21077e-16 4.54695e-18
6720.87 3.28899e-16 4.60307e-18
6724.23 3.2292e-16 4.56787e-18
6727.6 3.23469e-16 4.57093e-18
6730.96 3.18276e-16 4.54091e-18
6734.32 3.18139e-16 4.52257e-18
6737.69 3.15807e-16 4.52831e-18
6741.05 3.24538e-16 4.5827e-18
6744.41 3.24098e-16 4.5796e-18
6747.78 3.23082e-16 4.56122e-18
6751.14 3.22344e-16 4.5439e-18
6754.5 3.18146e-16 4.52398e-18
6757.87 3.14059e-16 4.48574e-18
6761.23 3.10474e-16 4.45923e-18
6764.59 3.05874e-16 4.4547e-18
6767.96 3.0201e-16 4.42821e-18
6771.32 3.0277e-16 4.42835e-18
6774.68 3.00253e-16 4.41506e-18
6778.05 2.90916e-16 4.35924e-18
6781.41 2.94242e-16 4.36e-18
6784.77 2.8507e-16 4.32008e-18
6788.14 2.83209e-16 4.28932e-18
6791.5 2.85693e-16 4.304e-18
6794.86 2.81938e-16 4.2813e-18
6798.23 2.83225e-16 4.27212e-18
6801.59 2.79582e-16 4.25129e-18
6804.95 2.80518e-16 4.27057e-18
6808.32 2.88075e-16 4.32832e-18
6811.68 2.82797e-16 4.29884e-18
6815.04 2.76186e-16 4.24858e-18
6818.41 2.80429e-16 4.2935e-18
6821.77 2.86702e-16 4.38292e-18
6825.13 2.9028e-16 4.45278e-18
6828.5 2.94729e-16 4.51928e-18
6831.86 2.90906e-16 4.5292e-18
6835.22 2.90726e-16 4.51523e-18
6838.59 3.04536e-16 4.51811e-18
6841.95 2.97767e-16 4.41649e-18
6845.31 2.87863e-16 4.35086e-18
6848.68 2.88902e-16 4.33077e-18
6852.04 2.81396e-16 4.27722e-18
6855.4 2.84876e-16 4.35174e-18
6858.77 2.87735e-16 4.40817e-18
6862.13 2.81427e-16 4.28008e-18
6865.49 2.94756e-16 4.19351e-18
6868.86 2.86594e-16 3.975e-18
6872.22 2.96622e-16 3.88625e-18
6875.58 2.94296e-16 3.90674e-18
6878.95 2.72003e-16 3.90038e-18
6882.31 2.95708e-16 4.13538e-18
6885.68 2.90735e-16 4.12571e-18
6889.04 2.77538e-16 4.00472e-18
6892.4 2.73518e-16 3.988e-18
6895.77 2.70577e-16 3.99512e-18
6899.13 2.67529e-16 3.97155e-18
6902.49 2.65558e-16 3.99709e-18
6905.86 2.62591e-16 4.03532e-18
6909.22 2.56987e-16 4.02617e-18
6912.58 2.63059e-16 4.07792e-18
6915.95 2.58285e-16 4.11396e-18
6919.31 2.58117e-16 4.12473e-18
6922.67 2.45409e-16 4.03101e-18
6926.04 2.47253e-16 4.03116e-18
6929.4 2.43289e-16 4.00222e-18
6932.76 2.42174e-16 3.96132e-18
6936.13 2.40801e-16 3.93639e-18
6939.49 2.41891e-16 3.98447e-18
6942.85 2.39014e-16 4.00387e-18
6946.22 2.33829e-16 3.96045e-18
6949.58 2.28857e-16 3.9325e-18
6952.94 2.29325e-16 3.93603e-18
6956.31 2.37618e-16 3.94818e-18
6959.67 2.33763e-16 3.90483e-18
6963.03 2.325e-16 3.90855e-18
6966.4 2.27752e-16 3.90338e-18
6969.76 2.29894e-16 3.94603e-18
6973.12 2.37217e-16 4.02508e-18
6976.49 2.31784e-16 4.02595e-18
6979.85 2.29545e-16 4.00091e-18
6983.21 2.26119e-16 3.95939e-18
6986.58 2.20851e-16 3.88351e-18
6989.94 2.30613e-16 3.92239e-18
6993.3 2.37462e-16 3.99025e-18
6996.67 2.32172e-16 3.9493e-18
7000.03 2.30234e-16 3.92813e-18
7003.39 2.28339e-16 3.94814e-18
7006.76 2.38082e-16 4.02173e-18
7010.12 2.36981e-16 4.00975e-18
7013.48 2.43403e-16 4.03734e-18
7016.85 2.4803e-16 4.07803e-18
7020.21 2.41679e-16 4.01891e-18
7023.57 2.38628e-16 3.99374e-18
7026.94 2.46702e-16 4.05642e-18
7030.3 2.53996e-16 4.11138e-18
7033.66 2.52717e-16 4.10609e-18
7037.03 2.48803e-16 4.08947e-18
7040.39 2.51488e-16 4.12824e-18
7043.75 2.58309e-16 4.18504e-18
7047.12 2.58019e-16 4.18319e-18
7050.48 2.58303e-16 4.19153e-18
7053.84 2.6819e-16 4.25324e-18
7057.21 2.59795e-16 4.16989e-18
7060.57 2.67422e-16 4.23225e-18
7063.93 2.71861e-16 4.24803e-18
7067.3 2.67194e-16 4.22572e-18
7070.66 2.54976e-16 4.16074e-18
7074.02 2.61164e-16 4.19102e-18
7077.39 2.6884e-16 4.22646e-18
7080.75 2.62939e-16 4.20346e-18
7084.11 2.5717e-16 4.17951e-18
7087.48 2.67758e-16 4.23189e-18
7090.84 2.71794e-16 4.24803e-18
7094.2 2.37839e-16 4.00468e-18
7097.57 2.54273e-16 4.09248e-18
7100.93 2.51403e-16 4.07705e-18
7104.29 2.45391e-16 4.04076e-18
7107.66 2.28213e-16 3.89059e-18
7111.02 2.25586e-16 3.86457e-18
7114.38 2.34004e-16 3.92022e-18
7117.75 2.17065e-16 3.82024e-18
7121.11 2.18942e-16 3.86201e-18
7124.47 2.30249e-16 3.94304e-18
7127.84 2.30567e-16 3.95107e-18
7131.2 2.35951e-16 4.00572e-18
7134.56 2.22388e-16 3.90661e-18
7137.93 2.18889e-16 3.89077e-18
7141.29 2.12452e-16 3.86432e-18
7144.65 2.19203e-16 3.90639e-18
7148.02 2.1429e-16 3.87077e-18
7151.38 2.04623e-16 3.78622e-18
7154.74 1.99482e-16 3.72906e-18
7158.11 1.98126e-16 3.70353e-18
7161.47 1.94002e-16 3.65071e-18
7164.83 1.96229e-16 3.63479e-18
7168.2 1.99053e-16 3.61558e-18
7171.56 1.95689e-16 3.56391e-18
7174.92 1.95451e-16 3.56467e-18
7178.29 1.94122e-16 3.55428e-18
7181.65 1.92172e-16 3.49409e-18
7185.02 1.85623e-16 3.4169e-18
7188.38 1.84056e-16 3.42252e-18
7191.74 1.88624e-16 3.45291e-18
7195.11 1.82185e-16 3.39157e-18
7198.47 1.82263e-16 3.38704e-18
7201.83 1.93367e-16 3.4704e-18
7205.2 1.93489e-16 3.48271e-18
7208.56 1.8455e-16 3.4588e-18
7211.92 1.81017e-16 3.48346e-18
7215.29 1.81464e-16 3.51845e-18
7218.65 1.856e-16 3.54985e-18
7222.01 1.92544e-16 3.586e-18
7225.38 1.94484e-16 3.58273e-18
7228.74 1.85769e-16 3.52793e-18
7232.1 1.86759e-16 3.67164e-18
7235.47 1.86256e-16 3.76368e-18
7238.83 1.81488e-16 3.82965e-18
7242.19 1.73386e-16 3.83708e-18
7245.56 1.66487e-16 3.79144e-18
7248.92 1.72566e-16 3.75665e-18
7252.28 1.80377e-16 3.65257e-18
7255.65 1.74728e-16 3.51198e-18
7259.01 1.69479e-16 3.47129e-18
7262.37 1.70587e-16 3.46443e-18
7265.74 1.6872e-16 3.50311e-18
7269.1 1.65457e-16 3.67801e-18
7272.46 1.61286e-16 3.71019e-18
7275.83 1.71068e-16 3.80747e-18
7279.19 1.69995e-16 3.85911e-18
7282.55 1.71723e-16 3.81172e-18
7285.92 1.66214e-16 3.62994e-18
7289.28 1.64693e-16 3.55567e-18
7292.64 1.69377e-16 3.54368e-18
7296.01 1.68416e-16 3.53295e-18
7299.37 1.70418e-16 3.59692e-18
7302.73 1.82212e-16 3.63592e-18
7306.1 1.84252e-16 3.69712e-18
7309.46 1.83275e-16 3.85268e-18
7312.82 1.93063e-16 3.87795e-18
7316.19 1.94942e-16 3.89088e-18
7319.55 1.98997e-16 3.95996e-18
7322.91 1.90785e-16 3.92466e-18
7326.28 1.85582e-16 3.83265e-18
7329.64 1.9645e-16 3.90083e-18
7333 2.00812e-16 4.05271e-18
7336.37 1.9628e-16 4.06173e-18
7339.73 2.02725e-16 4.05735e-18
7343.09 2.0428e-16 4.08651e-18
7346.46 1.94563e-16 3.97922e-18
7349.82 2.03613e-16 3.91358e-18
7353.18 2.02125e-16 3.8761e-18
7356.55 1.99953e-16 3.87769e-18
7359.91 2.04181e-16 3.97775e-18
7363.27 2.06737e-16 4.07159e-18
7366.64 2.06198e-16 4.0444e-18
7370 1.98161e-16 3.96541e-18
7373.36 1.99895e-16 3.97001e-18
7376.73 2.0573e-16 3.90849e-18
7380.09 2.02117e-16 3.78662e-18
7383.45 2.03129e-16 3.81267e-18
7386.82 2.05236e-16 3.85485e-18
7390.18 1.94469e-16 3.80495e-18
7393.54 1.96729e-16 3.88735e-18
7396.91 2.03586e-16 3.9637e-18
7400.27 1.91462e-16 3.86878e-18
7403.63 1.93498e-16 3.86101e-18
7407 1.9786e-16 3.88292e-18
7410.36 1.95639e-16 3.78335e-18
7413.72 1.97125e-16 3.73781e-18
7417.09 1.94822e-16 3.72634e-18
7420.45 1.96218e-16 3.75228e-18
7423.81 2.00749e-16 3.79151e-18
7427.18 1.92118e-16 3.73741e-18
7430.54 1.90188e-16 3.77121e-18
7433.9 1.97674e-16 3.84841e-18
7437.27 1.94593e-16 3.81193e-18
7440.63 1.97213e-16 3.82109e-18
7443.99 1.94279e-16 3.7855e-18
7447.36 1.93077e-16 3.71879e-18
7450.72 1.94616e-16 3.71742e-18
7454.08 1.93484e-16 3.72046e-18
7457.45 1.93204e-16 3.73483e-18
7460.81 1.98227e-16 3.79373e-18
7464.17 2.00869e-16 3.84574e-18
7467.54 1.94912e-16 3.83595e-18
7470.9 1.90189e-16 3.81303e-18
7474.26 1.93645e-16 3.88201e-18
7477.63 1.9691e-16 3.90765e-18
7480.99 1.93463e-16 3.85273e-18
7484.35 1.87161e-16 3.79639e-18
7487.72 1.80875e-16 3.71357e-18
7491.08 1.78497e-16 3.63971e-18
7494.45 1.72338e-16 3.57884e-18
7497.81 1.66244e-16 3.52638e-18
7501.17 1.60198e-16 3.45571e-18
7504.54 1.54993e-16 3.39255e-18
7507.9 1.53314e-16 3.36778e-18
7511.26 1.46568e-16 3.3381e-18
7514.63 1.39945e-16 3.35062e-18
7517.99 1.32109e-16 3.39599e-18
7521.35 1.24364e-16 3.36932e-18
7524.72 1.19579e-16 3.3446e-18
7528.08 1.1458e-16 3.29929e-18
7531.44 1.05997e-16 3.09665e-18
7534.81 1.00863e-16 2.95819e-18
7538.17 9.65544e-17 2.86686e-18
7541.53 9.05764e-17 2.76587e-18
7544.9 8.56821e-17 2.72336e-18
7548.26 8.18059e-17 2.69701e-18
7551.62 7.85147e-17 2.66768e-18
7554.99 7.39889e-17 2.62002e-18
7558.35 7.25777e-17 2.60493e-18
7561.71 7.03192e-17 2.60997e-18
7565.08 6.84739e-17 2.6699e-18
7568.44 6.74155e-17 2.68096e-18
7571.8 6.37576e-17 2.63887e-18
7575.17 6.2794e-17 2.61851e-18
7578.53 5.97115e-17 2.53185e-18
7581.89 5.33032e-17 2.38184e-18
7585.26 5.13122e-17 2.29312e-18
7588.62 5.37418e-17 2.28109e-18
7591.98 5.82754e-17 2.20224e-18
7595.35 5.73133e-17 1.90128e-18
7598.71 5.70258e-17 1.68832e-18
7602.07 5.88195e-17 1.59922e-18
7605.44 5.44395e-17 1.53513e-18
7608.8 7.87813e-17 1.68219e-18
7612.16 6.61593e-17 1.78981e-18
7615.53 5.92185e-17 1.93544e-18
7618.89 6.20651e-17 2.08324e-18
7622.25 7.06855e-17 2.14596e-18
7625.62 8.09217e-17 2.11596e-18
7628.98 6.86456e-17 1.95713e-18
7632.34 6.17663e-17 1.9241e-18
7635.71 6.89301e-17 1.97476e-18
7639.07 7.84106e-17 2.03747e-18
7642.43 7.38798e-17 2.06295e-18
7645.8 7.49494e-17 2.16484e-18
7649.16 7.78755e-17 2.242e-18
7652.52 7.86915e-17 2.33924e-18
7655.89 8.03734e-17 2.43344e-18
7659.25 8.71797e-17 2.51489e-18
7662.61 9.15889e-17 2.58794e-18
7665.98 9.33749e-17 2.65494e-18
7669.34 1.00827e-16 2.73251e-18
7672.7 1.03385e-16 2.74495e-18
7676.07 1.0922e-16 2.82267e-18
7679.43 1.10769e-16 2.86486e-18
7682.79 1.16603e-16 2.92574e-18
7686.16 1.24252e-16 3.03546e-18
7689.52 1.25177e-16 3.09141e-18
7692.88 1.29135e-16 3.12559e-18
7696.25 1.38165e-16 3.18436e-18
7699.61 1.46677e-16 3.25889e-18
7702.97 1.58108e-16 3.44905e-18
7706.34 1.67535e-16 3.75841e-18
7709.7 1.72802e-16 3.95591e-18
7713.06 1.77712e-16 4.02759e-18
7716.43 1.82249e-16 4.11596e-18
7719.79 1.88148e-16 4.12454e-18
7723.15 1.81438e-16 3.92487e-18
7726.52 1.86591e-16 3.78798e-18
7729.88 1.99024e-16 3.80695e-18
7733.24 2.0869e-16 3.87235e-18
7736.61 2.15865e-16 3.90424e-18
7739.97 2.15743e-16 4.01366e-18
7743.33 2.19853e-16 4.22628e-18
7746.7 2.26866e-16 4.35004e-18
7750.06 2.31468e-16 4.42718e-18
7753.42 2.41173e-16 4.51512e-18
7756.79 2.3883e-16 4.42542e-18
7760.15 2.43989e-16 4.30211e-18
7763.51 2.50713e-16 4.29927e-18
7766.88 2.46421e-16 4.23272e-18
7770.24 2.45849e-16 4.22102e-18
7773.6 2.4792e-16 4.26337e-18
7776.97 2.49639e-16 4.29086e-18
7780.33 2.55708e-16 4.33089e-18
7783.69 2.59427e-16 4.40422e-18
7787.06 2.60404e-16 4.5355e-18
7790.42 2.58036e-16 4.51168e-18
7793.79 2.57112e-16 4.49769e-18
7797.15 2.52303e-16 4.46382e-18
7800.51 2.62895e-16 4.49545e-18
7803.88 2.63985e-16 4.41768e-18
7807.24 2.63858e-16 4.38139e-18
7810.6 2.72013e-16 4.53712e-18
7813.97 2.75167e-16 4.6916e-18
7817.33 2.7373e-16 4.69378e-18
7820.69 2.70652e-16 4.63687e-18
7824.06 2.68326e-16 4.62739e-18
7827.42 2.76537e-16 4.57487e-18
7830.78 2.62092e-16 4.33179e-18
7834.15 2.65425e-16 4.38104e-18
7837.51 2.6023e-16 4.38423e-18
7840.87 2.64045e-16 4.4335e-18
7844.24 2.7777e-16 4.70048e-18
7847.6 2.76799e-16 4.80096e-18
7850.96 2.70177e-16 4.78186e-18
7854.33 2.68757e-16 4.82905e-18
7857.69 2.67084e-16 4.79596e-18
7861.05 2.67554e-16 4.73617e-18
7864.42 2.65052e-16 4.66236e-18
7867.78 2.71037e-16 4.63674e-18
7871.14 2.73007e-16 4.65205e-18
7874.51 2.65492e-16 4.61717e-18
7877.87 2.71032e-16 4.59545e-18
7881.23 2.68467e-16 4.61854e-18
7884.6 2.68085e-16 4.63808e-18
7887.96 2.68699e-16 4.57808e-18
7891.32 2.60455e-16 4.49256e-18
7894.69 2.55685e-16 4.41965e-18
7898.05 2.57235e-16 4.33211e-18
7901.41 2.58196e-16 4.36089e-18
7904.78 2.46609e-16 4.508e-18
7908.14 2.51263e-16 4.68373e-18
7911.5 2.41166e-16 4.70989e-18
7914.87 2.4012e-16 4.74964e-18
7918.23 2.42173e-16 4.71872e-18
7921.59 2.38103e-16 4.55444e-18
7924.96 2.27409e-16 4.37884e-18
7928.32 2.17896e-16 4.23307e-18
7931.68 2.08531e-16 4.08762e-18
7935.05 1.94714e-16 3.98371e-18
7938.41 1.95392e-16 3.93972e-18
7941.77 1.92912e-16 3.91375e-18
7945.14 1.85753e-16 3.86423e-18
7948.5 2.0129e-16 3.98971e-18
7951.86 1.92899e-16 3.93307e-18
7955.23 1.82293e-16 3.98665e-18
7958.59 1.72205e-16 4.0083e-18
7961.95 1.64341e-16 3.95684e-18
7965.32 1.62891e-16 3.95698e-18
7968.68 1.5615e-16 3.91416e-18
7972.04 1.52265e-16 3.83154e-18
7975.41 1.50985e-16 3.67477e-18
7978.77 1.43168e-16 3.59093e-18
7982.13 1.5166e-16 3.74849e-18
7985.5 1.49565e-16 3.91028e-18
7988.86 1.4848e-16 3.90757e-18
7992.22 1.45551e-16 3.8518e-18
7995.59 1.33705e-16 3.77891e-18
7998.95 1.26267e-16 3.57261e-18
8002.31 1.25219e-16 3.34938e-18
8005.68 1.20793e-16 3.28524e-18
8009.04 1.17056e-16 3.27844e-18
8012.4 1.17273e-16 3.3183e-18
8015.77 1.17961e-16 3.47563e-18
8019.13 1.09307e-16 3.5131e-18
8022.49 1.0414e-16 3.44722e-18
8025.86 1.03107e-16 3.392e-18
8029.22 9.51498e-17 3.28156e-18
8032.58 9.36564e-17 3.12727e-18
8035.95 8.91753e-17 2.89678e-18
8039.31 7.46982e-17 2.69415e-18
8042.67 7.16684e-17 2.69715e-18
8046.04 7.33211e-17 2.72128e-18
8049.4 6.59177e-17 2.68192e-18
8052.76 6.8403e-17 2.82257e-18
8056.13 6.51353e-17 2.8295e-18
8059.49 5.7343e-17 2.69782e-18
8062.85 5.47513e-17 2.624e-18
8066.22 4.85386e-17 2.52615e-18
8069.58 4.892e-17 2.43402e-18
8072.94 5.23121e-17 2.39382e-18
8076.31 4.73611e-17 2.3344e-18
8079.67 4.21194e-17 2.25942e-18
8083.03 3.89369e-17 2.22918e-18
8086.4 3.77545e-17 2.22726e-18
8089.76 3.27218e-17 2.15016e-18
8093.13 3.0906e-17 2.18569e-18
8096.49 2.98751e-17 2.19911e-18
8099.85 2.70579e-17 2.17572e-18
8103.22 2.95393e-17 2.16032e-18
8106.58 3.30019e-17 2.15942e-18
8109.94 2.98087e-17 2.08416e-18
8113.31 2.55551e-17 1.96014e-18
8116.67 2.57388e-17 1.95203e-18
8120.03 2.7651e-17 2.02367e-18
8123.4 3.00565e-17 2.05441e-18
8126.76 2.64937e-17 2.01039e-18
8130.12 2.33163e-17 1.94384e-18
8133.49 2.20102e-17 1.95973e-18
8136.85 2.43998e-17 2.01856e-18
8140.21 2.37815e-17 2.01754e-18
8143.58 2.39273e-17 2.01886e-18
8146.94 2.65118e-17 2.04419e-18
8150.3 2.46131e-17 2.00631e-18
8153.67 2.40141e-17 1.96672e-18
8157.03 2.80121e-17 1.99393e-18
8160.39 2.75203e-17 1.98116e-18
8163.76 2.81793e-17 1.99098e-18
8167.12 2.90162e-17 2.03531e-18
8170.48 3.40161e-17 2.12042e-18
8173.85 3.30933e-17 2.12435e-18
8177.21 2.99597e-17 2.09593e-18
8180.57 3.3025e-17 2.14474e-18
8183.94 3.40385e-17 2.17101e-18
8187.3 2.7479e-17 2.10497e-18
8190.66 2.36335e-17 2.0661e-18
8194.03 2.71948e-17 2.07289e-18
8197.39 3.14858e-17 2.1453e-18
8200.75 3.28571e-17 2.14739e-18
8204.12 2.86538e-17 2.07329e-18
8207.48 2.78303e-17 2.03222e-18
8210.84 2.93119e-17 2.08244e-18
8214.21 2.90539e-17 2.09974e-18
8217.57 2.67014e-17 2.01904e-18
8220.93 2.58679e-17 1.9692e-18
8224.3 2.60791e-17 1.95856e-18
8227.66 2.07078e-17 1.88587e-18
8231.02 2.28458e-17 1.90933e-18
8234.39 2.63517e-17 1.98752e-18
8237.75 2.41027e-17 1.99826e-18
8241.11 2.7111e-17 2.0287e-18
8244.48 2.50838e-17 2.03028e-18
8247.84 2.58258e-17 2.06122e-18
8251.2 2.87387e-17 2.07354e-18
8254.57 2.52748e-17 1.99994e-18
8257.93 2.4676e-17 1.98476e-18
8261.29 2.43919e-17 2.00416e-18
8264.66 2.25602e-17 1.9783e-18
8268.02 2.89142e-17 2.13302e-18
8271.38 2.67367e-17 2.3152e-18
8274.75 2.69265e-17 2.56538e-18
8278.11 2.22544e-17 2.75431e-18
8281.47 2.71601e-17 2.98297e-18
8284.84 2.66089e-17 3.05121e-18
8288.2 2.42494e-17 3.07546e-18
8291.56 3.23936e-17 3.19653e-18
8294.93 2.407e-17 3.00103e-18
8298.29 2.42297e-17 2.8703e-18
8301.65 2.58765e-17 2.83866e-18
8305.02 3.2699e-17 2.71254e-18
8308.38 3.02919e-17 2.40395e-18
8311.74 2.54883e-17 2.26309e-18
8315.11 2.65299e-17 2.24463e-18
8318.47 2.54085e-17 2.11488e-18
8321.83 2.72014e-17 2.07304e-18
8325.2 3.3585e-17 2.17254e-18
8328.56 3.09953e-17 2.15988e-18
8331.92 3.04138e-17 2.40143e-18
8335.29 3.56e-17 3.11013e-18
8338.65 3.34179e-17 3.4154e-18
8342.01 3.34967e-17 3.6051e-18
8345.38 2.62211e-17 3.72366e-18
8348.74 2.89438e-17 3.61601e-18
8352.1 3.63696e-17 3.24299e-18
8355.47 3.53808e-17 2.87958e-18
8358.83 3.64369e-17 2.7125e-18
8362.19 3.64714e-17 2.53808e-18
8365.56 2.83487e-17 2.3691e-18
8368.92 3.57458e-17 2.44868e-18
8372.28 3.96919e-17 2.51289e-18
8375.65 3.74955e-17 2.58948e-18
8379.01 3.97075e-17 2.65555e-18
8382.38 3.85974e-17 2.65817e-18
8385.74 3.8077e-17 2.69644e-18
8389.1 4.40887e-17 2.98966e-18
8392.47 4.18337e-17 3.2493e-18
8395.83 3.5118e-17 3.24317e-18
8399.19 4.58196e-17 3.35882e-18
8402.56 4.92928e-17 3.30577e-18
8405.92 4.22155e-17 3.06336e-18
8409.28 4.15304e-17 2.81425e-18
8412.65 4.42043e-17 2.78662e-18
8416.01 5.00737e-17 2.91586e-18
8419.37 4.96448e-17 3.16718e-18
8422.74 4.72329e-17 3.45004e-18
8426.1 4.66731e-17 3.53845e-18
8429.46 4.59812e-17 3.49283e-18
8432.83 5.00519e-17 3.45774e-18
8436.19 4.45358e-17 3.12531e-18
8439.55 4.81894e-17 2.73077e-18
8442.92 5.51641e-17 2.76527e-18
8446.28 6.01763e-17 2.92271e-18
8449.64 5.86019e-17 2.90584e-18
8453.01 5.9288e-17 3.05967e-18
8456.37 6.11508e-17 3.38454e-18
8459.73 6.39286e-17 3.51947e-18
8463.1 6.74213e-17 3.4644e-18
8466.46 6.05044e-17 3.37689e-18
8469.82 6.01009e-17 3.25145e-18
8473.19 6.9023e-17 3.028e-18
8476.55 7.1147e-17 2.83196e-18
8479.91 6.76117e-17 2.75561e-18
8483.28 7.67944e-17 2.93913e-18
8486.64 8.63835e-17 3.15703e-18
8490 8.58407e-17 3.19063e-18
8493.37 8.41148e-17 3.25483e-18
8496.73 7.90468e-17 3.39648e-18
8500.09 7.20373e-17 3.36896e-18
8503.46 8.18286e-17 3.38983e-18
8506.82 8.70865e-17 3.37547e-18
8510.18 9.19942e-17 3.35825e-18
8513.55 9.77122e-17 3.23833e-18
8516.91 1.02181e-16 3.1745e-18
8520.27 9.75651e-17 3.12143e-18
8523.64 9.29563e-17 3.07779e-18
8527 1.01295e-16 3.18872e-18
8530.36 1.09769e-16 3.32744e-18
8533.73 1.09604e-16 3.35823e-18
8537.09 1.146e-16 3.46632e-18
8540.45 1.11799e-16 3.52753e-18
8543.82 1.1877e-16 3.59973e-18
8547.18 1.26471e-16 3.64841e-18
8550.54 1.34635e-16 3.7153e-18
8553.91 1.37629e-16 3.71295e-18
8557.27 1.36756e-16 3.6283e-18
8560.63 1.38391e-16 3.5763e-18
8564 1.44379e-16 3.62269e-18
8567.36 1.55327e-16 3.74492e-18
8570.72 1.53916e-16 3.76913e-18
8574.09 1.61189e-16 3.84167e-18
8577.45 1.62276e-16 3.85338e-18
8580.81 1.68012e-16 3.90697e-18
8584.18 1.75355e-16 3.98737e-18
8587.54 1.74822e-16 4.00972e-18
8590.9 1.79681e-16 4.0844e-18
8594.27 1.89244e-16 4.18941e-18
8597.63 1.85627e-16 4.16475e-18
8600.99 1.84564e-16 4.16277e-18
8604.36 1.96302e-16 4.25874e-18
8607.72 2.04476e-16 4.41019e-18
8611.08 1.94108e-16 4.45098e-18
8614.45 2.01645e-16 4.68054e-18
8617.81 2.09921e-16 4.92495e-18
8621.17 2.16705e-16 5.11198e-18
8624.54 2.29227e-16 5.27938e-18
8627.9 2.32402e-16 5.32032e-18
8631.26 2.34801e-16 5.3005e-18
8634.63 2.38673e-16 5.19871e-18
8637.99 2.32043e-16 5.01388e-18
8641.35 2.34927e-16 4.98515e-18
8644.72 2.49407e-16 5.11932e-18
8648.08 2.56545e-16 5.27792e-18
8651.44 2.62509e-16 5.44459e-18
8654.81 2.58705e-16 5.51556e-18
8658.17 2.51604e-16 5.50361e-18
8661.53 2.65597e-16 5.55454e-18
8664.9 2.78547e-16 5.58145e-18
8668.26 2.82607e-16 5.54381e-18
8671.62 2.85226e-16 5.44801e-18
8674.99 2.83135e-16 5.34009e-18
8678.35 2.83435e-16 5.25099e-18
8681.72 2.90054e-16 5.23064e-18
8685.08 2.97847e-16 5.21224e-18
8688.44 2.99173e-16 5.15622e-18
8691.81 3.01437e-16 5.15345e-18
8695.17 3.07521e-16 5.19089e-18
8698.53 3.03288e-16 5.17556e-18
8701.9 3.12869e-16 5.21425e-18
8705.26 3.18091e-16 5.23095e-18
8708.62 3.07157e-16 5.14123e-18
8711.99 3.09696e-16 5.12052e-18
8715.35 3.26418e-16 5.21691e-18
8718.71 3.29104e-16 5.24929e-18
8722.08 3.17748e-16 5.17992e-18
8725.44 3.13365e-16 5.14292e-18
8728.8 3.18528e-16 5.16649e-18
8732.17 3.26909e-16 5.23007e-18
8735.53 3.21175e-16 5.21489e-18
8738.89 3.13466e-16 5.15684e-18
8742.26 3.16104e-16 5.18383e-18
8745.62 3.17123e-16 5.21198e-18
8748.98 3.05035e-16 5.24144e-18
8752.35 3.03363e-16 5.45338e-18
8755.71 3.06465e-16 5.7195e-18
8759.07 2.90669e-16 5.84103e-18
8762.44 2.96705e-16 6.0325e-18
8765.8 3.00929e-16 6.08143e-18
8769.16 2.8561e-16 6.0472e-18
8772.53 2.77047e-16 5.94585e-18
8775.89 2.64262e-16 5.67602e-18
8779.25 2.64424e-16 5.5234e-18
8782.62 2.71202e-16 5.47284e-18
8785.98 2.63886e-16 5.23383e-18
8789.34 2.5891e-16 4.98808e-18
8792.71 2.55947e-16 4.93249e-18
8796.07 2.44128e-16 4.78396e-18
8799.43 2.46778e-16 4.72892e-18
8802.8 2.42604e-16 4.64705e-18
8806.16 2.3697e-16 4.59106e-18
8809.52 2.24353e-16 4.50109e-18
8812.89 2.22139e-16 4.58004e-18
8816.25 2.33299e-16 5.03369e-18
8819.61 2.32064e-16 5.54454e-18
8822.98 2.18915e-16 5.73852e-18
8826.34 2.0337e-16 5.76269e-18
8829.7 2.01344e-16 5.81206e-18
8833.07 2.01181e-16 5.56754e-18
8836.43 2.13541e-16 5.21801e-18
8839.79 2.15089e-16 4.97034e-18
8843.16 2.11389e-16 4.81465e-18
8846.52 2.07943e-16 4.61942e-18
8849.88 1.98678e-16 4.43786e-18
8853.25 1.9743e-16 4.4276e-18
8856.61 1.96887e-16 4.45603e-18
8859.97 1.89824e-16 4.50024e-18
8863.34 1.91365e-16 4.54686e-18
8866.7 1.96103e-16 4.62638e-18
8870.06 1.89338e-16 4.5881e-18
8873.43 1.86233e-16 4.60089e-18
8876.79 1.88888e-16 4.83293e-18
8880.15 1.9586e-16 5.11559e-18
8883.52 2.06868e-16 5.2368e-18
8886.88 2.04647e-16 5.21516e-18
8890.24 2.13651e-16 5.16739e-18
8893.61 1.98136e-16 4.91423e-18
8896.97 1.97245e-16 4.77436e-18
8900.33 2.06613e-16 4.76193e-18
8903.7 2.0268e-16 4.75873e-18
8907.06 1.98224e-16 4.81419e-18
8910.42 2.07365e-16 5.08107e-18
8913.79 2.14364e-16 5.39864e-18
8917.15 2.0999e-16 5.42455e-18
8920.51 2.09537e-16 5.40312e-18
8923.88 2.10912e-16 5.28291e-18
8927.24 2.00495e-16 4.88267e-18
8930.6 1.99674e-16 4.55871e-18
8933.97 1.96711e-16 4.507e-18
8937.33 1.92222e-16 4.597e-18
8940.69 1.96017e-16 4.69104e-18
8944.06 2.0188e-16 4.76598e-18
8947.42 2.06992e-16 4.87424e-18
8950.78 1.98527e-16 5.02838e-18
8954.15 2.03047e-16 5.1058e-18
8957.51 2.00606e-16 5.06011e-18
8960.87 1.93111e-16 4.92569e-18
8964.24 1.87074e-16 4.72844e-18
8967.6 1.87289e-16 4.4721e-18
8970.96 1.91611e-16 4.29803e-18
8974.33 1.92164e-16 4.30215e-18
8977.69 1.89081e-16 4.33696e-18
8981.06 1.82315e-16 4.36163e-18
8984.42 1.75944e-16 4.32785e-18
8987.78 1.74829e-16 4.37781e-18
8991.15 1.76975e-16 4.50013e-18
8994.51 1.87217e-16 4.67776e-18
8997.87 1.86565e-16 4.68691e-18
9001.24 1.75832e-16 4.53674e-18
9004.6 1.73307e-16 4.4412e-18
9007.96 1.67564e-16 4.28998e-18
9011.33 1.69539e-16 4.13485e-18
9014.69 1.70467e-16 4.04564e-18
9018.05 1.59834e-16 3.93375e-18
9021.42 1.58104e-16 3.93745e-18
9024.78 1.63257e-16 4.01144e-18
9028.14 1.65637e-16 4.06929e-18
9031.51 1.62504e-16 4.08004e-18
9034.87 1.56802e-16 4.05986e-18
9038.23 1.58433e-16 4.13768e-18
9041.6 1.57906e-16 4.23731e-18
9044.96 1.48539e-16 4.16772e-18
9048.32 1.41655e-16 4.04981e-18
9051.69 1.4178e-16 3.99777e-18
9055.05 1.31065e-16 3.84024e-18
9058.41 1.17112e-16 3.63103e-18
9061.78 1.14057e-16 3.52943e-18
9065.14 1.10335e-16 3.45027e-18
9068.5 1.05763e-16 3.39136e-18
9071.87 1.0761e-16 3.41263e-18
9075.23 9.64014e-17 3.23776e-18
9078.59 9.70654e-17 3.223e-18
9081.96 9.31174e-17 3.21566e-18
9085.32 8.85589e-17 3.20656e-18
9088.68 8.84641e-17 3.23156e-18
9092.05 8.64626e-17 3.25387e-18
9095.41 8.72213e-17 3.30754e-18
9098.77 8.60778e-17 3.27724e-18
9102.14 8.52007e-17 3.24952e-18
9105.5 8.14193e-17 3.20814e-18
9108.86 8.69353e-17 3.23518e-18
9112.23 8.63975e-17 3.1477e-18
9115.59 8.22502e-17 3.04182e-18
9118.95 8.28996e-17 3.03865e-18
9122.32 8.07447e-17 3.01779e-18
9125.68 7.83447e-17 2.99342e-18
9129.04 8.36867e-17 3.05192e-18
9132.41 8.38062e-17 3.06396e-18
9135.77 7.61071e-17 3.02868e-18
9139.13 7.03495e-17 2.92236e-18
9142.5 7.55748e-17 3.00788e-18
9145.86 7.91866e-17 3.08946e-18
9149.22 7.59507e-17 3.04544e-18
9152.59 7.49371e-17 3.07456e-18
9155.95 7.4341e-17 3.09222e-18
9159.31 7.84159e-17 3.17757e-18
9162.68 8.82192e-17 3.23745e-18
9166.04 8.31771e-17 3.21708e-18
9169.4 8.27938e-17 3.16605e-18
9172.77 8.6329e-17 3.14441e-18
9176.13 8.52404e-17 3.11766e-18
9179.49 8.34127e-17 3.08651e-18
9182.86 8.48616e-17 3.13436e-18
9186.22 9.03911e-17 3.20486e-18
9189.58 8.94221e-17 3.18186e-18
9192.95 9.27856e-17 3.2347e-18
9196.31 1.01321e-16 3.33463e-18
9199.67 1.02331e-16 3.37719e-18
9203.04 1.0298e-16 3.4176e-18
9206.4 1.05994e-16 3.44511e-18
9209.76 1.02374e-16 3.41049e-18
9213.13 1.03429e-16 3.47149e-18
9216.49 1.18148e-16 3.66961e-18
9219.85 1.1592e-16 3.64509e-18
9223.22 1.02026e-16 3.47833e-18
9226.58 1.0326e-16 3.50169e-18
9229.94 1.08943e-16 3.5287e-18
9233.31 1.07624e-16 3.46627e-18
9236.67 1.13271e-16 3.55668e-18
9240.03 1.21658e-16 3.69204e-18
9243.4 1.16533e-16 3.61404e-18
9246.76 1.25807e-16 3.70456e-18
9250.12 1.24767e-16 3.68955e-18
9253.49 1.17876e-16 3.61179e-18
9256.85 1.16962e-16 3.60486e-18
9260.21 1.24845e-16 3.70837e-18
9263.58 1.27688e-16 3.73989e-18
9266.94 1.275e-16 3.71677e-18
9270.3 1.36901e-16 3.83091e-18
9273.67 1.30277e-16 3.77507e-18
9277.03 1.17823e-16 3.61066e-18
9280.4 1.1194e-16 3.57562e-18
9283.76 1.15967e-16 3.60725e-18
9287.12 1.21242e-16 3.65767e-18
9290.49 1.16728e-16 3.65749e-18
9293.85 1.10691e-16 3.64303e-18
9297.21 1.13145e-16 3.79309e-18
9300.58 1.11643e-16 4.08306e-18
9303.94 1.07812e-16 4.40237e-18
9307.3 1.1028e-16 4.7146e-18
9310.67 1.14972e-16 4.92588e-18
9314.03 1.15206e-16 4.92677e-18
9317.39 1.02843e-16 4.78204e-18
9320.76 1.00274e-16 4.5961e-18
9324.12 1.25259e-16 4.32495e-18
9327.48 1.27571e-16 4.04382e-18
9330.85 1.20489e-16 3.97739e-18
9334.21 1.04807e-16 3.61253e-18
9337.57 1.09501e-16 3.28728e-18
9340.94 1.14594e-16 3.15362e-18
9344.3 1.15854e-16 3.14582e-18
9347.66 1.15346e-16 3.17989e-18
9351.03 1.06065e-16 3.1973e-18
9354.39 1.08363e-16 3.19632e-18
9357.75 1.14614e-16 3.15229e-18
9361.12 1.00199e-16 3.14724e-18
9364.48 1.01681e-16 3.48973e-18
9367.84 1.17711e-16 4.0634e-18
9371.21 1.24523e-16 4.65158e-18
9374.57 1.08794e-16 4.9155e-18
9377.93 8.71577e-17 4.75759e-18
9381.3 8.81845e-17 4.56638e-18
9384.66 1.11512e-16 4.42652e-18
9388.02 1.05634e-16 3.90744e-18
9391.39 9.26148e-17 3.56054e-18
9394.75 9.22935e-17 3.59802e-18
9398.11 9.69646e-17 3.71183e-18
9401.48 1.0074e-16 3.74755e-18
9404.84 1.01816e-16 3.7097e-18
9408.2 9.88406e-17 3.64364e-18
9411.57 9.94382e-17 3.72597e-18
9414.93 1.01039e-16 3.88865e-18
9418.29 1.0243e-16 3.94924e-18
9421.66 9.64772e-17 3.88002e-18
9425.02 9.13723e-17 3.72514e-18
9428.38 9.97636e-17 3.66091e-18
9431.75 1.05701e-16 3.82146e-18
9435.11 1.00384e-16 4.10756e-18
9438.47 1.02379e-16 4.28634e-18
9441.84 1.0085e-16 4.2577e-18
9445.2 1.03597e-16 4.27127e-18
9448.56 9.76031e-17 4.16272e-18
9451.93 8.29421e-17 3.92743e-18
9455.29 8.17594e-17 3.81266e-18
9458.65 9.39304e-17 3.81688e-18
9462.02 9.50827e-17 3.74584e-18
9465.38 8.39223e-17 3.69742e-18
9468.74 7.98177e-17 3.85205e-18
9472.11 8.39626e-17 4.05376e-18
9475.47 8.95173e-17 4.30735e-18
9478.83 9.24383e-17 4.3594e-18
9482.2 9.75614e-17 4.26607e-18
9485.56 1.0059e-16 4.05995e-18
9488.92 8.68847e-17 3.67922e-18
9492.29 8.04148e-17 3.41851e-18
9495.65 8.48548e-17 3.46662e-18
9499.01 9.45266e-17 3.63592e-18
9502.38 8.92739e-17 3.64665e-18
9505.74 8.59213e-17 3.7648e-18
9509.1 8.55039e-17 3.90278e-18
9512.47 8.55663e-17 3.88081e-18
9515.83 8.10911e-17 3.73867e-18
9519.19 7.29767e-17 3.55692e-18
9522.56 8.2384e-17 3.57804e-18
9525.92 7.83926e-17 3.50719e-18
9529.28 7.17643e-17 3.45533e-18
9532.65 7.78112e-17 3.50981e-18
9536.01 8.72697e-17 3.60346e-18
9539.37 8.41947e-17 3.50677e-18
9542.74 7.57918e-17 3.32475e-18
9546.1 7.80808e-17 3.40917e-18
9549.46 6.93932e-17 3.43243e-18
9552.83 7.02419e-17 3.53398e-18
9556.19 8.21822e-17 3.68465e-18
9559.55 8.10591e-17 3.75365e-18
9562.92 7.72672e-17 3.86082e-18
9566.28 8.01509e-17 3.97289e-18
9569.64 8.19243e-17 3.98045e-18
9573.01 8.00821e-17 3.94286e-18
9576.37 6.34793e-17 3.66534e-18
9579.73 7.59527e-17 3.5561e-18
9583.1 7.55534e-17 3.36122e-18
9586.46 7.33491e-17 3.28954e-18
9589.83 7.74564e-17 3.31833e-18
9593.19 7.58878e-17 3.23443e-18
9596.55 7.71652e-17 3.20223e-18
9599.92 7.99965e-17 3.32792e-18
9603.28 7.41822e-17 3.41702e-18
9606.64 7.78908e-17 3.52617e-18
9610.01 7.81355e-17 3.55878e-18
9613.37 7.14488e-17 3.47466e-18
9616.73 7.38204e-17 3.52617e-18
9620.1 7.67673e-17 3.6371e-18
9623.46 7.2253e-17 3.54857e-18
9626.82 7.92176e-17 3.55877e-18
9630.19 8.43103e-17 3.6168e-18
9633.55 8.29718e-17 3.63196e-18
9636.91 8.3736e-17 3.51232e-18
9640.28 8.62458e-17 3.38135e-18
9643.64 8.06747e-17 3.29982e-18
9647 7.55301e-17 3.29731e-18
9650.37 7.94384e-17 3.35277e-18
9653.73 7.28765e-17 3.28277e-18
9657.09 7.83404e-17 3.47067e-18
9660.46 8.35179e-17 3.57063e-18
9663.82 8.32519e-17 3.54398e-18
9667.18 7.47859e-17 3.4709e-18
9670.55 7.19822e-17 3.48442e-18
9673.91 7.54046e-17 3.62966e-18
9677.27 7.597e-17 3.76107e-18
9680.64 8.166e-17 3.91558e-18
9684 7.38605e-17 3.85956e-18
9687.36 6.7e-17 3.76019e-18
9690.73 7.21733e-17 3.85918e-18
9694.09 7.56344e-17 3.92761e-18
9697.45 7.09588e-17 3.86664e-18
9700.82 7.01034e-17 3.86194e-18
9704.18 7.31264e-17 3.8137e-18
