4020 -3.31458e-16 -7.43055e-18
4029.2 1.36149e-16 3.05215e-18
4038.4 -1.76445e-16 -3.95549e-18
4047.6 9.99262e-17 2.24012e-18
4056.8 2.54318e-17 5.70124e-19
4066 6.18514e-18 1.38657e-19
4075.2 3.20092e-16 7.17575e-18
4084.4 -3.18139e-17 -7.13197e-19
4093.6 3.57185e-16 8.00728e-18
4102.8 3.17514e-16 7.11795e-18
4112 -3.64048e-16 -8.16113e-18
4121.2 5.62844e-17 1.26177e-18
4130.4 6.87808e-19 1.54191e-20
4139.6 2.7904e-17 6.25546e-19
4148.8 8.72237e-18 1.95536e-19
4158 1.19222e-16 2.67269e-18
4167.2 3.25725e-16 7.30203e-18
4176.4 3.15429e-16 7.0712e-18
4185.6 1.75187e-17 3.92731e-19
4194.8 4.14645e-17 9.2954e-19
4204 -4.54229e-17 -1.01828e-18
4213.2 6.20615e-17 1.39128e-18
4222.4 -1.84924e-18 -4.14558e-20
4231.6 3.13597e-16 7.03015e-18
4240.8 5.64892e-17 1.26636e-18
4250 4.32018e-17 9.68487e-19
4259.2 8.97543e-17 2.01209e-18
4268.4 2.10849e-16 4.72675e-18
4277.6 9.64334e-17 2.16182e-18
4286.8 7.21861e-17 1.61825e-18
4296 -1.16918e-16 -2.62105e-18
4305.2 4.90625e-17 1.09987e-18
4314.4 -2.46648e-17 -5.5293e-19
4323.6 1.03479e-16 2.31976e-18
4332.8 2.74994e-17 6.16474e-19
4342 6.64273e-17 1.48915e-18
4351.2 8.05469e-17 1.80568e-18
4360.4 1.03291e-16 2.31556e-18
4369.6 1.95586e-16 4.3846e-18
4378.8 1.80914e-16 4.05568e-18
4388 1.05486e-16 2.36477e-18
4397.2 1.11811e-16 2.50656e-18
4406.4 9.671e-17 2.16802e-18
4415.6 5.96978e-17 1.33829e-18
4424.8 1.39452e-16 3.1262e-18
4434 1.31414e-16 2.946e-18
4443.2 2.98748e-17 6.69726e-19
4452.4 2.50614e-16 5.61821e-18
4461.6 2.20314e-16 4.93895e-18
4470.8 1.30161e-16 2.91791e-18
4480 6.97469e-17 1.56357e-18
4489.2 1.15782e-16 2.59557e-18
4498.4 1.60238e-16 3.59218e-18
4507.6 2.15175e-16 4.82373e-18
4516.8 2.20563e-16 4.94453e-18
4526 1.92674e-16 4.31931e-18
4535.2 2.22765e-16 4.9939e-18
4544.4 1.48265e-16 3.32376e-18
4553.6 2.72443e-16 6.10755e-18
4562.8 1.73947e-16 3.89949e-18
4572 1.95126e-16 4.37429e-18
4581.2 1.56633e-16 3.51135e-18
4590.4 2.17616e-16 4.87847e-18
4599.6 1.57074e-16 3.52125e-18
4608.8 1.13351e-16 2.54108e-18
4618 2.00372e-16 4.49189e-18
4627.2 2.29394e-16 5.14249e-18
4636.4 3.2299e-16 7.24072e-18
4645.6 2.78895e-16 6.25221e-18
4654.8 2.94437e-16 6.60062e-18
4664 2.64976e-16 5.94016e-18
4673.2 2.58104e-16 5.78611e-18
4682.4 3.52816e-16 7.90935e-18
4691.6 3.26894e-16 7.32824e-18
4700.8 2.91058e-16 6.52487e-18
4710 2.68628e-16 6.02204e-18
4719.2 2.01339e-16 4.51356e-18
4728.4 2.66794e-16 5.98092e-18
4737.6 2.07164e-16 4.64416e-18
4746.8 2.05892e-16 4.61564e-18
4756 2.57222e-16 5.76634e-18
4765.2 2.02077e-16 4.53012e-18
4774.4 1.09561e-16 2.45611e-18
4783.6 2.28355e-16 5.1192e-18
4792.8 1.41502e-16 3.17216e-18
4802 1.41958e-16 3.18237e-18
4811.2 2.40558e-16 5.39277e-18
4820.4 2.10994e-16 4.73001e-18
4829.6 1.5705e-16 3.52071e-18
4838.8 2.1057e-16 4.72051e-18
4848 2.38223e-16 5.34042e-18
4857.2 1.7714e-16 3.97108e-18
4866.4 2.58487e-16 5.7947e-18
4875.6 1.59741e-16 3.58103e-18
4884.8 1.52357e-16 3.41551e-18
4894 1.53101e-16 3.43218e-18
4903.2 1.36702e-16 3.06455e-18
4912.4 1.65821e-16 3.71733e-18
4921.6 1.33974e-16 3.00339e-18
4930.8 9.23192e-17 2.06959e-18
4940 1.14497e-16 2.56676e-18
4949.2 1.65826e-16 3.71745e-18
4958.4 1.617e-16 3.62496e-18
4967.6 1.6384e-16 3.67292e-18
4976.8 1.95181e-16 4.37552e-18
4986 9.15828e-17 2.05308e-18
4995.2 1.13917e-16 2.55376e-18
5004.4 1.29093e-16 2.89398e-18
5013.6 1.44502e-16 3.23941e-18
5022.8 1.44192e-16 3.23245e-18
5032 1.67941e-16 3.76487e-18
5041.2 1.31416e-16 2.94605e-18
5050.4 1.32511e-16 2.97059e-18
5059.6 1.35963e-16 3.04799e-18
5068.8 1.04952e-16 2.35278e-18
5078 1.3653e-16 3.06069e-18
5087.2 1.46011e-16 3.27323e-18
5096.4 1.60649e-16 3.6014e-18
5105.6 1.58852e-16 3.5611e-18
5114.8 1.10455e-16 2.47616e-18
5124 1.88763e-16 4.23165e-18
5133.2 1.40091e-16 3.14052e-18
5142.4 1.14418e-16 2.56499e-18
5151.6 1.39975e-16 3.13793e-18
5160.8 1.71434e-16 3.84317e-18
5170 1.47046e-16 3.29643e-18
5179.2 2.12568e-16 4.76529e-18
5188.4 2.68485e-16 6.01882e-18
5197.6 2.44559e-16 5.48246e-18
5206.8 2.69908e-16 6.05073e-18
5216 2.91704e-16 6.53935e-18
5225.2 2.65356e-16 5.94869e-18
5234.4 2.74662e-16 6.1573e-18
5243.6 3.3179e-16 7.43798e-18
5252.8 3.23026e-16 7.24151e-18
5262 3.0924e-16 6.93246e-18
5271.2 3.58098e-16 8.02776e-18
5280.4 3.74568e-16 8.39698e-18
5289.6 3.45911e-16 7.75455e-18
5298.8 4.20943e-16 9.43659e-18
5308 4.09692e-16 9.18437e-18
5317.2 5.80031e-16 1.3003e-17
5326.4 3.96565e-16 8.89009e-18
5335.6 4.23579e-16 9.49569e-18
5344.8 4.54046e-16 1.01787e-17
5354 4.71987e-16 1.05809e-17
5363.2 4.66791e-16 1.04644e-17
5372.4 4.81761e-16 1.08e-17
5381.6 4.66938e-16 1.04677e-17
5390.8 4.81672e-16 1.0798e-17
5400 3.979e-16 8.92003e-18
5409.2 3.90168e-16 8.7467e-18
5418.4 4.16385e-16 9.33441e-18
5427.6 3.86884e-16 8.67306e-18
5436.8 3.7572e-16 8.42279e-18
5446 4.25127e-16 9.53039e-18
5455.2 4.1534e-16 9.31099e-18
5464.4 4.30201e-16 9.64414e-18
5473.6 3.71817e-16 8.33531e-18
5482.8 4.27382e-16 9.58095e-18
5492 4.4002e-16 9.86426e-18
5501.2 4.84857e-16 1.08694e-17
5510.4 4.84085e-16 1.08521e-17
5519.6 4.69882e-16 1.05337e-17
5528.8 4.93221e-16 1.10569e-17
5538 4.61634e-16 1.03488e-17
5547.2 4.91856e-16 1.10263e-17
5556.4 5.23656e-16 1.17392e-17
5565.6 4.56848e-16 1.02415e-17
5574.8 4.07614e-16 9.13779e-18
5584 4.92373e-16 1.10379e-17
5593.2 4.57673e-16 1.026e-17
5602.4 4.03957e-16 9.05581e-18
5611.6 4.07314e-16 9.13107e-18
5620.8 3.87645e-16 8.69014e-18
5630 3.70021e-16 8.29505e-18
5639.2 4.18012e-16 9.37088e-18
5648.4 4.21618e-16 9.45172e-18
5657.6 4.26977e-16 9.57187e-18
5666.8 4.6167e-16 1.03496e-17
5676 5.01495e-16 1.12424e-17
5685.2 5.16791e-16 1.15853e-17
5694.4 5.53869e-16 1.24165e-17
5703.6 5.24504e-16 1.17582e-17
5712.8 5.21123e-16 1.16824e-17
5722 5.11251e-16 1.14611e-17
5731.2 4.49077e-16 1.00673e-17
5740.4 4.37877e-16 9.81622e-18
5749.6 4.61853e-16 1.03537e-17
5758.8 3.73971e-16 8.38358e-18
5768 4.10208e-16 9.19594e-18
5777.2 4.03237e-16 9.03967e-18
5786.4 4.19905e-16 9.41332e-18
5795.6 3.68886e-16 8.2696e-18
5804.8 3.74698e-16 8.39989e-18
5814 3.94866e-16 8.852e-18
5823.2 3.78657e-16 8.48865e-18
5832.4 4.00722e-16 8.98328e-18
5841.6 3.71013e-16 8.31727e-18
5850.8 3.92804e-16 8.80578e-18
5860 4.37143e-16 9.79977e-18
5869.2 4.07657e-16 9.13876e-18
5878.4 3.98095e-16 8.9244e-18
5887.6 3.90788e-16 8.7606e-18
5896.8 3.95454e-16 8.8652e-18
5906 3.87105e-16 8.67803e-18
5915.2 3.04755e-16 6.83192e-18
5924.4 3.19079e-16 7.15304e-18
5933.6 3.4372e-16 7.70543e-18
5942.8 4.26312e-16 9.55695e-18
5952 3.33644e-16 7.47956e-18
5961.2 3.16968e-16 7.10571e-18
5970.4 3.84638e-16 8.62273e-18
5979.6 3.81123e-16 8.54392e-18
5988.8 3.91881e-16 8.78509e-18
5998 3.84526e-16 8.62021e-18
6007.2 3.84845e-16 8.62736e-18
6016.4 3.79373e-16 8.50468e-18
6025.6 4.03834e-16 9.05305e-18
6034.8 4.0126e-16 8.99535e-18
6044 4.05727e-16 9.09548e-18
6053.2 3.54041e-16 7.9368e-18
6062.4 3.75728e-16 8.42298e-18
6071.6 3.67595e-16 8.24065e-18
6080.8 3.88206e-16 8.70271e-18
6090 3.71351e-16 8.32485e-18
6099.2 3.87235e-16 8.68093e-18
6108.4 3.69388e-16 8.28085e-18
6117.6 3.53558e-16 7.92597e-18
6126.8 3.61191e-16 8.09709e-18
6136 3.21822e-16 7.21452e-18
6145.2 3.13737e-16 7.03329e-18
6154.4 3.37776e-16 7.57217e-18
6163.6 2.77381e-16 6.21826e-18
6172.8 2.71223e-16 6.08022e-18
6182 2.30081e-16 5.15791e-18
6191.2 2.17693e-16 4.88018e-18
6200.4 1.65795e-16 3.71675e-18
6209.6 1.83134e-16 4.10546e-18
6218.8 1.69298e-16 3.79528e-18
6228 1.5446e-16 3.46265e-18
6237.2 1.61428e-16 3.61886e-18
6246.4 1.38823e-16 3.1121e-18
6255.6 1.41737e-16 3.17743e-18
6264.8 1.54085e-16 3.45425e-18
6274 1.67523e-16 3.75549e-18
6283.2 1.72229e-16 3.86098e-18
6292.4 2.11603e-16 4.74367e-18
6301.6 2.03635e-16 4.56505e-18
6310.8 2.21709e-16 4.97021e-18
6320 2.08981e-16 4.68489e-18
6329.2 2.62923e-16 5.89414e-18
6338.4 2.37576e-16 5.32591e-18
6347.6 2.75601e-16 6.17836e-18
6356.8 2.90836e-16 6.51989e-18
6366 2.67671e-16 6.00058e-18
6375.2 3.01621e-16 6.76166e-18
6384.4 2.9831e-16 6.68745e-18
6393.6 3.00179e-16 6.72933e-18
6402.8 3.02768e-16 6.78737e-18
6412 3.12164e-16 6.99802e-18
6421.2 3.27152e-16 7.33401e-18
6430.4 3.24161e-16 7.26697e-18
6439.6 3.49285e-16 7.83018e-18
6448.8 3.44131e-16 7.71465e-18
6458 1.85242e-16 4.15272e-18
6467.2 3.80813e-16 8.53698e-18
6476.4 3.74255e-16 8.38995e-18
6485.6 4.37431e-16 9.80622e-18
6494.8 4.35464e-16 9.76213e-18
6504 4.64052e-16 1.0403e-17
6513.2 4.46557e-16 1.00108e-17
6522.4 4.48136e-16 1.00462e-17
6531.6 4.43297e-16 9.93772e-18
6540.8 4.66635e-16 1.04609e-17
6550 4.62321e-16 1.03642e-17
6559.2 4.53846e-16 1.01742e-17
6568.4 4.75632e-16 1.06626e-17
6577.6 4.53676e-16 1.01704e-17
6586.8 4.72081e-16 1.0583e-17
6596 4.65073e-16 1.04259e-17
6605.2 4.67469e-16 1.04796e-17
6614.4 4.70065e-16 1.05378e-17
6623.6 4.1308e-16 9.26032e-18
6632.8 4.15976e-16 9.32525e-18
6642 4.24395e-16 9.51398e-18
6651.2 3.9146e-16 8.77566e-18
6660.4 3.48969e-16 7.8231e-18
6669.6 3.8154e-16 8.55327e-18
6678.8 3.83111e-16 8.58849e-18
6688 3.92807e-16 8.80584e-18
6697.2 3.46417e-16 7.7659e-18
6706.4 4.05433e-16 9.0889e-18
6715.6 4.09735e-16 9.18534e-18
6724.8 3.88505e-16 8.70942e-18
6734 3.97983e-16 8.92189e-18
6743.2 3.91723e-16 8.78156e-18
6752.4 4.07292e-16 9.13057e-18
6761.6 3.90506e-16 8.75426e-18
6770.8 3.76888e-16 8.44898e-18
6780 4.07995e-16 9.14633e-18
6789.2 4.00255e-16 8.97281e-18
6798.4 4.3918e-16 9.84542e-18
6807.6 4.092e-16 9.17335e-18
6816.8 4.30993e-16 9.6619e-18
6826 4.21635e-16 9.45211e-18
6835.2 4.00728e-16 8.98342e-18
6844.4 4.34224e-16 9.73433e-18
6853.6 3.53515e-16 7.92501e-18
6862.8 3.17541e-16 7.11855e-18
6872 3.04917e-16 6.83555e-18
6881.2 3.24896e-16 7.28343e-18
6890.4 3.15752e-16 7.07844e-18
6899.6 3.04184e-16 6.81912e-18
6908.8 3.16691e-16 7.0995e-18
6918 3.04827e-16 6.83353e-18
6927.2 3.17063e-16 7.10784e-18
6936.4 3.07942e-16 6.90337e-18
6945.6 2.86396e-16 6.42035e-18
6954.8 2.94852e-16 6.60992e-18
6964 3.51013e-16 7.86892e-18
6973.2 3.2742e-16 7.34002e-18
6982.4 3.17017e-16 7.1068e-18
6991.6 3.1377e-16 7.03403e-18
7000.8 2.97603e-16 6.67158e-18
7010 3.38199e-16 7.58167e-18
7019.2 3.15255e-16 7.0673e-18
7028.4 3.30461e-16 7.4082e-18
7037.6 3.70778e-16 8.31201e-18
7046.8 3.23842e-16 7.25982e-18
7056 3.6584e-16 8.20131e-18
7065.2 3.39267e-16 7.60561e-18
7074.4 3.44445e-16 7.72169e-18
7083.6 3.03455e-16 6.80278e-18
7092.8 3.67993e-16 8.24958e-18
7102 3.27736e-16 7.3471e-18
7111.2 3.4505e-16 7.73525e-18
7120.4 3.15124e-16 7.06438e-18
7129.6 3.42127e-16 7.66973e-18
7138.8 2.95539e-16 6.62533e-18
7148 2.67092e-16 5.98761e-18
7157.2 2.73481e-16 6.13082e-18
7166.4 2.76194e-16 6.19164e-18
7175.6 2.43468e-16 5.45801e-18
7184.8 2.71405e-16 6.08428e-18
7194 2.69974e-16 6.0522e-18
7203.2 2.41026e-16 5.40326e-18
7212.4 2.70647e-16 6.0673e-18
7221.6 2.46333e-16 5.52224e-18
7230.8 2.34977e-16 5.26766e-18
7240 3.0997e-16 6.94884e-18
7249.2 1.96104e-16 4.39621e-18
7258.4 2.51725e-16 5.64311e-18
7267.6 2.20396e-16 4.94079e-18
7276.8 2.33055e-16 5.22456e-18
7286 2.63538e-16 5.90794e-18
7295.2 2.96981e-16 6.65764e-18
7304.4 2.64732e-16 5.93469e-18
7313.6 2.66967e-16 5.98479e-18
7322.8 2.68026e-16 6.00853e-18
7332 2.87686e-16 6.44927e-18
7341.2 2.61532e-16 5.86295e-18
7350.4 2.98913e-16 6.70096e-18
7359.6 2.82974e-16 6.34365e-18
7368.8 2.78518e-16 6.24374e-18
7378 2.97124e-16 6.66085e-18
7387.2 3.13356e-16 7.02474e-18
7396.4 2.43573e-16 5.46035e-18
7405.6 2.88004e-16 6.45641e-18
7414.8 3.24771e-16 7.28063e-18
7424 3.15831e-16 7.08022e-18
7433.2 3.1991e-16 7.17166e-18
7442.4 2.87042e-16 6.43484e-18
7451.6 3.09325e-16 6.93438e-18
7460.8 2.88524e-16 6.46805e-18
7470 3.41669e-16 7.65945e-18
7479.2 2.58657e-16 5.79851e-18
7488.4 2.43684e-16 5.46285e-18
7497.6 2.70578e-16 6.06575e-18
7506.8 2.23768e-16 5.01638e-18
7516 1.86411e-16 4.17891e-18
7525.2 2.0589e-16 4.61559e-18
7534.4 1.34704e-16 3.01976e-18
7543.6 1.04206e-16 2.33607e-18
7552.8 1.34445e-16 3.01396e-18
7562 7.24305e-17 1.62373e-18
7571.2 1.00496e-16 2.2529e-18
7580.4 9.46866e-17 2.12266e-18
7589.6 8.04813e-17 1.80421e-18
7598.8 2.25607e-17 5.0576e-19
7608 3.74165e-17 8.38795e-19
7617.2 2.93925e-17 6.58913e-19
7626.4 5.01295e-17 1.12379e-18
7635.6 5.49663e-17 1.23222e-18
7644.8 1.17854e-16 2.64203e-18
7654 1.35698e-16 3.04204e-18
7663.2 1.25482e-16 2.81303e-18
7672.4 1.71353e-16 3.84136e-18
7681.6 2.115e-16 4.74135e-18
7690.8 2.28899e-16 5.1314e-18
7700 2.65365e-16 5.94889e-18
7709.2 3.26853e-16 7.32731e-18
7718.4 2.45188e-16 5.49656e-18
7727.6 2.79972e-16 6.27635e-18
7736.8 3.10255e-16 6.95523e-18
7746 3.50946e-16 7.86742e-18
7755.2 3.17929e-16 7.12725e-18
7764.4 3.33798e-16 7.48301e-18
7773.6 3.60054e-16 8.07161e-18
7782.8 4.34866e-16 9.74873e-18
7792 3.05746e-16 6.85413e-18
7801.2 3.48105e-16 7.80373e-18
7810.4 3.44788e-16 7.72938e-18
7819.6 2.56639e-16 5.75328e-18
7828.8 3.42134e-16 7.66988e-18
7838 3.95731e-16 8.87141e-18
7847.2 3.47063e-16 7.78038e-18
7856.4 2.9323e-16 6.57355e-18
7865.6 1.81388e-16 4.06631e-18
7874.8 3.14713e-16 7.05515e-18
7884 3.83797e-16 8.60386e-18
7893.2 3.72913e-16 8.35987e-18
7902.4 2.20978e-16 4.95383e-18
7911.6 2.37655e-16 5.3277e-18
7920.8 2.83166e-16 6.34794e-18
7930 3.31887e-16 7.44016e-18
7939.2 2.57605e-16 5.77493e-18
7948.4 2.8503e-16 6.38974e-18
7957.6 2.70556e-16 6.06525e-18
7966.8 2.21881e-16 4.97407e-18
7976 2.48492e-16 5.57064e-18
7985.2 4.05906e-16 9.0995e-18
7994.4 3.40727e-16 7.63833e-18
