3339.87 1.66548e-17 1.42723e-17
3343.94 2.54155e-18 1.40675e-17
3348.02 2.40197e-17 1.42006e-17
3352.09 2.77094e-17 1.38553e-17
3356.17 -1.53268e-18 1.34559e-17
3360.24 9.36218e-18 1.33455e-17
3364.31 -1.10231e-17 1.29166e-17
3368.39 3.28162e-17 1.28576e-17
3372.46 8.59036e-18 1.22224e-17
3376.54 -5.63372e-18 1.21674e-17
3380.61 2.34636e-18 1.17298e-17
3384.69 6.14346e-18 1.16856e-17
3388.76 1.22259e-17 1.15762e-17
3392.84 -2.89989e-18 1.12966e-17
3396.91 3.19381e-18 1.0959e-17
3400.99 1.95706e-17 1.10589e-17
3405.06 1.57522e-17 1.07158e-17
3409.14 4.1669e-17 1.0856e-17
3413.21 3.39425e-18 1.03494e-17
3417.29 1.75012e-17 1.02064e-17
3421.36 2.67594e-17 1.01494e-17
3425.43 1.3676e-17 9.71553e-18
3429.51 8.8598e-18 9.54122e-18
3433.58 3.25932e-17 9.76857e-18
3437.66 1.18185e-18 9.30824e-18
3441.73 1.51267e-17 9.22104e-18
3445.81 9.70089e-18 8.91423e-18
3449.88 4.43708e-18 8.72511e-18
3453.96 3.58085e-17 8.83759e-18
3458.03 1.7385e-17 8.6252e-18
3462.11 2.11338e-17 8.53385e-18
3466.18 1.82862e-17 8.38245e-18
3470.26 -1.94504e-18 8.13096e-18
3474.33 1.94046e-17 8.27752e-18
3478.41 5.88953e-18 7.65087e-18
3482.48 -6.91078e-17 1.13398e-17
3486.56 -3.80108e-17 8.262e-18
3490.63 2.06775e-17 7.48312e-18
3494.7 1.39337e-17 7.4729e-18
3498.78 7.62542e-18 7.22229e-18
3502.85 2.46058e-17 7.34389e-18
3506.93 2.15007e-17 7.10792e-18
3511 5.67741e-18 6.68003e-18
3515.08 2.29551e-17 6.9108e-18
3519.15 2.88728e-18 6.58159e-18
3523.23 1.83949e-17 6.72755e-18
3527.3 2.8428e-17 6.75194e-18
3531.38 9.75341e-18 6.48034e-18
3535.45 1.4976e-17 6.65095e-18
3539.53 8.33931e-18 6.45346e-18
3543.6 1.86288e-17 6.41373e-18
3547.68 1.53238e-17 6.36615e-18
3551.75 1.1301e-17 6.10052e-18
3555.82 1.88192e-17 6.11048e-18
3559.9 1.7781e-17 5.92214e-18
3563.97 2.30032e-17 5.90626e-18
3568.05 2.03927e-17 5.81669e-18
3572.12 3.28964e-17 5.79055e-18
3576.2 1.16224e-17 5.42126e-18
3580.27 2.24047e-17 5.4916e-18
3584.35 9.92172e-18 5.37603e-18
3588.42 2.78892e-17 5.45218e-18
3592.5 1.23174e-17 5.27209e-18
3596.57 2.47256e-17 5.33716e-18
3600.65 1.909e-17 5.15874e-18
3604.72 2.82602e-17 5.25013e-18
3608.8 3.07485e-17 5.25792e-18
3612.87 3.55236e-17 5.26036e-18
3616.94 2.65015e-17 5.15443e-18
3621.02 2.82836e-17 5.10168e-18
3625.09 1.96486e-17 4.97136e-18
3629.17 3.46015e-17 5.13767e-18
3633.24 1.60899e-17 4.81621e-18
3637.32 2.83687e-17 4.97169e-18
3641.39 2.24524e-17 4.8135e-18
3645.47 2.82239e-17 4.79839e-18
3649.54 2.06806e-17 4.64434e-18
3653.62 2.36669e-17 4.66079e-18
3657.69 2.50794e-17 4.68313e-18
3661.77 2.04702e-17 4.52242e-18
3665.84 2.09247e-17 4.44523e-18
3669.92 2.27654e-17 4.38262e-18
3673.99 2.19792e-17 4.30789e-18
3678.07 2.11584e-17 4.34195e-18
3682.14 1.47397e-17 4.17996e-18
3686.21 1.41107e-17 4.15487e-18
3690.29 2.02571e-17 4.19435e-18
3694.36 1.89333e-17 4.06633e-18
3698.44 1.53851e-17 4.12606e-18
3702.51 1.55608e-17 4.05458e-18
3706.59 -2.93455e-17 6.8844e-18
3710.66 1.016e-17 3.95064e-18
3714.74 1.64307e-17 3.87756e-18
3718.81 1.4603e-17 3.88751e-18
3722.89 1.04524e-17 3.77998e-18
3726.96 2.07033e-17 3.86119e-18
3731.04 1.27769e-17 3.81879e-18
3735.11 1.8492e-17 3.84283e-18
3739.19 2.05015e-17 3.74442e-18
3743.26 1.60536e-17 3.65672e-18
3747.33 1.63479e-17 3.67541e-18
3751.41 8.75508e-18 3.50807e-18
3755.48 1.36445e-17 3.62796e-18
3759.56 1.55942e-17 3.51597e-18
3763.63 2.1467e-17 3.58634e-18
3767.71 1.32326e-17 3.45974e-18
3771.78 1.62329e-17 3.48959e-18
3775.86 1.48488e-17 3.49568e-18
3779.93 7.53435e-18 3.32355e-18
3784.01 1.78604e-17 3.46555e-18
3788.08 1.06871e-17 3.31595e-18
3792.16 1.4838e-17 3.29755e-18
3796.23 1.68374e-17 3.33386e-18
3800.31 1.37375e-17 3.27704e-18
3804.38 1.29651e-17 3.25355e-18
3808.45 2.17589e-17 3.28166e-18
3812.53 1.27901e-17 3.1663e-18
3816.6 2.27604e-17 3.30321e-18
3820.68 1.33327e-17 3.15883e-18
3824.75 1.40685e-17 3.15516e-18
3828.83 1.78808e-17 3.20767e-18
3832.9 2.16695e-17 3.24453e-18
3836.98 1.98233e-17 3.15047e-18
3841.05 2.07776e-17 3.23087e-18
3845.13 3.05619e-17 3.32036e-18
3849.2 3.02562e-17 3.32112e-18
3853.28 3.75422e-17 3.36085e-18
3857.35 3.35452e-17 3.31379e-18
3861.43 3.94761e-17 3.33452e-18
3865.5 3.77418e-17 3.2995e-18
3869.57 3.19723e-17 3.25246e-18
3873.65 4.19466e-17 3.36532e-18
3877.72 4.49253e-17 3.36917e-18
3881.8 4.32229e-17 3.3256e-18
3885.87 5.06516e-17 3.40554e-18
3889.95 4.79609e-17 3.32187e-18
3894.02 3.26201e-17 3.39592e-18
3898.1 3.28522e-17 3.35979e-18
3902.17 5.46972e-17 3.4336e-18
3906.25 5.78611e-17 3.50811e-18
3910.32 5.9664e-17 3.53884e-18
3914.4 6.72487e-17 3.58808e-18
3918.47 6.40847e-17 3.56879e-18
3922.55 7.63361e-17 3.64075e-18
3926.62 6.6778e-17 3.48588e-18
3930.7 6.65347e-17 3.46678e-18
3934.77 6.86235e-17 3.4653e-18
3938.84 7.20791e-17 3.51098e-18
3942.92 7.49209e-17 3.5475e-18
3946.99 7.39952e-17 3.5714e-18
3951.07 6.66464e-17 3.48297e-18
3955.14 7.21751e-17 3.59257e-18
3959.22 6.72935e-17 3.48191e-18
3963.29 7.78188e-17 3.54518e-18
3967.37 7.24866e-17 3.47969e-18
3971.44 6.36378e-17 3.36994e-18
3975.52 6.7561e-17 3.4304e-18
3979.59 6.15588e-17 3.4221e-18
3983.67 6.83136e-17 3.50243e-18
3987.74 6.47719e-17 3.44789e-18
3991.82 5.85071e-17 3.36034e-18
3995.89 6.27083e-17 3.40582e-18
3999.96 6.09062e-17 3.35942e-18
4004.04 6.57856e-17 3.40009e-18
4008.11 5.84855e-17 3.38703e-18
4012.19 5.82465e-17 3.40453e-18
4016.26 6.27289e-17 3.45621e-18
4020.34 6.23589e-17 3.43799e-18
4024.41 5.30285e-17 3.29179e-18
4028.49 6.22983e-17 3.37109e-18
4032.56 6.30982e-17 3.35176e-18
4036.64 6.59043e-17 3.40025e-18
4040.71 6.30164e-17 3.38642e-18
4044.79 6.23951e-17 3.41636e-18
4048.86 6.33888e-17 3.41401e-18
4052.94 6.95491e-17 3.48334e-18
4057.01 6.42199e-17 3.41692e-18
4061.08 6.4564e-17 3.39926e-18
4065.16 5.9869e-17 3.3802e-18
4069.23 6.0476e-17 3.38988e-18
4073.31 5.31597e-17 3.29867e-18
4077.38 6.06618e-17 3.32847e-18
4081.46 5.08945e-17 3.25636e-18
4085.53 5.41506e-17 3.27361e-18
4089.61 4.43519e-17 3.16461e-18
4093.68 5.3905e-17 3.25411e-18
4097.76 4.49448e-17 3.15014e-18
4101.83 4.87345e-17 3.2043e-18
4105.91 5.0665e-17 3.16764e-18
4109.98 4.53389e-17 3.09704e-18
4114.06 4.52423e-17 3.14399e-18
4118.13 4.3649e-17 3.14719e-18
4122.2 4.57898e-17 3.1631e-18
4126.28 4.56058e-17 3.14231e-18
4130.35 5.2864e-17 3.21121e-18
4134.43 5.04543e-17 3.16804e-18
4138.5 4.85149e-17 3.17635e-18
4142.58 4.72455e-17 3.10567e-18
4146.65 5.28999e-17 3.213e-18
4150.73 4.49372e-17 3.07557e-18
4154.8 5.15437e-17 3.18205e-18
4158.88 4.78884e-17 3.16374e-18
4162.95 4.86959e-17 3.1753e-18
4167.03 4.53236e-17 3.12656e-18
4171.1 4.10559e-17 3.10264e-18
4175.18 4.67587e-17 3.12027e-18
4179.25 4.58555e-17 3.11899e-18
4183.32 4.2911e-17 3.04673e-18
4187.4 4.28305e-17 3.0725e-18
4191.47 4.5349e-17 3.09131e-18
4195.55 5.07413e-17 3.14633e-18
4199.62 4.21867e-17 3.02312e-18
4203.7 4.88897e-17 3.11575e-18
4207.77 3.71046e-17 2.94323e-18
4211.85 4.42408e-17 3.0462e-18
4215.92 4.66045e-17 3.07666e-18
4220 4.31263e-17 3.03877e-18
4224.07 4.03927e-17 2.99148e-18
4228.15 4.00041e-17 2.97596e-18
4232.22 3.94971e-17 2.96607e-18
4236.3 3.71641e-17 2.93035e-18
4240.37 3.5239e-17 2.92198e-18
4244.45 4.31234e-17 2.9904e-18
4248.52 4.13812e-17 2.97143e-18
4252.59 4.18507e-17 2.98748e-18
4256.67 4.25629e-17 2.97531e-18
4260.74 4.38151e-17 3.00487e-18
4264.82 4.23308e-17 2.96844e-18
4268.89 4.04825e-17 2.95373e-18
4272.97 4.76889e-17 3.01861e-18
4277.04 4.38247e-17 2.9877e-18
4281.12 4.58452e-17 3.00253e-18
4285.19 4.40257e-17 3.00263e-18
4289.27 4.16039e-17 2.9674e-18
4293.34 4.26526e-17 2.97144e-18
4297.42 4.74377e-17 2.98492e-18
4301.49 4.5191e-17 2.95693e-18
4305.57 4.58276e-17 2.96499e-18
4309.64 4.51145e-17 2.94253e-18
4313.71 4.5672e-17 2.98178e-18
4317.79 4.63948e-17 2.99548e-18
4321.86 4.56299e-17 3.01241e-18
4325.94 4.08702e-17 2.96299e-18
4330.01 4.90465e-17 3.01496e-18
4334.09 4.95658e-17 3.04604e-18
4338.16 5.04652e-17 3.04062e-18
4342.24 4.61483e-17 2.96885e-18
4346.31 5.26685e-17 3.03931e-18
4350.39 5.55303e-17 3.09606e-18
4354.46 4.74004e-17 3.02285e-18
4358.54 4.82403e-17 3.03759e-18
4362.61 5.25128e-17 3.10056e-18
4366.69 5.42395e-17 3.11569e-18
4370.76 5.96062e-17 3.13674e-18
4374.83 5.92397e-17 3.13234e-18
4378.91 6.7707e-17 3.22381e-18
4382.98 6.57046e-17 3.20714e-18
4387.06 6.60917e-17 3.2107e-18
4391.13 7.28537e-17 3.28657e-18
4395.21 7.50431e-17 3.31562e-18
4399.28 7.94205e-17 3.37059e-18
4403.36 8.14663e-17 3.39885e-18
4407.43 8.35481e-17 3.45414e-18
4411.51 8.63282e-17 3.4703e-18
4415.58 8.7837e-17 3.48045e-18
4419.66 8.91919e-17 3.4949e-18
4423.73 9.0183e-17 3.53138e-18
4427.81 9.56797e-17 3.61099e-18
4431.88 9.87346e-17 3.61739e-18
4435.96 1.03359e-16 3.62699e-18
4440.03 1.01737e-16 3.6487e-18
4444.1 1.04955e-16 3.67882e-18
4448.18 1.03308e-16 3.64668e-18
4452.25 1.03656e-16 3.62976e-18
4456.33 1.13183e-16 3.70812e-18
4460.4 1.09428e-16 3.68798e-18
4464.48 1.14824e-16 3.73478e-18
4468.55 1.16493e-16 3.75622e-18
4472.63 1.13385e-16 3.74349e-18
4476.7 1.22492e-16 3.82329e-18
4480.78 1.16051e-16 3.77159e-18
4484.85 1.18487e-16 3.77515e-18
4488.93 1.22189e-16 3.81494e-18
4493 1.23069e-16 3.82582e-18
4497.08 1.32392e-16 3.9242e-18
4501.15 1.30332e-16 3.91011e-18
4505.22 1.25076e-16 3.86742e-18
4509.3 1.28091e-16 3.89648e-18
4513.37 1.32709e-16 3.92842e-18
4517.45 1.34571e-16 3.96448e-18
4521.52 1.33984e-16 3.94651e-18
4525.6 1.30171e-16 3.89912e-18
4529.67 1.28621e-16 3.87574e-18
4533.75 1.30831e-16 3.90934e-18
4537.82 1.22549e-16 3.83302e-18
4541.9 1.21557e-16 3.84301e-18
4545.97 1.17919e-16 3.79813e-18
4550.05 1.16527e-16 3.79043e-18
4554.12 1.1461e-16 3.75462e-18
4558.2 1.21494e-16 3.81638e-18
4562.27 1.20094e-16 3.81701e-18
4566.34 1.18532e-16 3.80447e-18
4570.42 1.19586e-16 3.80009e-18
4574.49 1.20623e-16 3.81727e-18
4578.57 1.23441e-16 3.85995e-18
4582.64 1.25315e-16 3.86891e-18
4586.72 1.2442e-16 3.86367e-18
4590.79 1.25482e-16 3.8642e-18
4594.87 1.31427e-16 3.91975e-18
4598.94 1.33184e-16 3.93454e-18
4603.02 1.33075e-16 3.92078e-18
4607.09 1.41306e-16 3.9861e-18
4611.17 1.39831e-16 3.98434e-18
4615.24 1.4158e-16 4.00444e-18
4619.32 1.47328e-16 4.05507e-18
4623.39 1.45818e-16 4.05957e-18
4627.46 1.49039e-16 4.07825e-18
4631.54 1.52228e-16 4.11177e-18
4635.61 1.51283e-16 4.10806e-18
4639.69 1.52297e-16 4.12858e-18
4643.76 1.62478e-16 4.18762e-18
4647.84 1.63397e-16 4.1971e-18
4651.91 1.72129e-16 4.25881e-18
4655.99 1.75776e-16 4.30952e-18
4660.06 1.90827e-16 4.43681e-18
4664.14 2.01829e-16 4.53594e-18
4668.21 2.01711e-16 4.54912e-18
4672.29 2.09262e-16 4.59098e-18
4676.36 2.14152e-16 4.62023e-18
4680.44 2.23301e-16 4.69185e-18
4684.51 2.2325e-16 4.68804e-18
4688.59 2.19741e-16 4.66752e-18
4692.66 2.17983e-16 4.64246e-18
4696.73 2.1713e-16 4.63679e-18
4700.81 2.18198e-16 4.64846e-18
4704.88 2.20589e-16 4.66248e-18
4708.96 2.09816e-16 4.59497e-18
4713.03 2.14574e-16 4.59565e-18
4717.11 2.11596e-16 4.61205e-18
4721.18 1.98076e-16 4.51394e-18
4725.26 1.87004e-16 4.40258e-18
4729.33 1.81371e-16 4.36343e-18
4733.41 1.823e-16 4.36615e-18
4737.48 1.81962e-16 4.35851e-18
4741.56 1.72031e-16 4.29431e-18
4745.63 1.66293e-16 4.24809e-18
4749.71 1.63675e-16 4.19686e-18
4753.78 1.55895e-16 4.16016e-18
4757.85 1.54269e-16 4.12301e-18
4761.93 1.47047e-16 4.05771e-18
4766 1.51211e-16 4.10659e-18
4770.08 1.43091e-16 4.04238e-18
4774.15 1.3894e-16 3.99542e-18
4778.23 1.3503e-16 3.96435e-18
4782.3 1.32602e-16 3.93148e-18
4786.38 1.37255e-16 3.98894e-18
4790.45 1.33843e-16 3.96991e-18
4794.53 1.34481e-16 3.9645e-18
4798.6 1.34266e-16 3.9797e-18
4802.68 1.37379e-16 4.00715e-18
4806.75 1.45332e-16 4.07807e-18
4810.83 1.48724e-16 4.08923e-18
4814.9 1.54944e-16 4.13811e-18
4818.97 1.58523e-16 4.18903e-18
4823.05 1.52651e-16 4.1494e-18
4827.12 1.58537e-16 4.1969e-18
4831.2 1.56185e-16 4.18711e-18
4835.27 1.57295e-16 4.17445e-18
4839.35 1.54331e-16 4.14777e-18
4843.42 1.62403e-16 4.22337e-18
4847.5 1.48234e-16 4.10759e-18
4851.57 1.56569e-16 4.13877e-18
4855.65 1.51248e-16 4.11783e-18
4859.72 1.58785e-16 4.17086e-18
4863.8 1.51761e-16 4.10237e-18
4867.87 1.44907e-16 4.06715e-18
4871.95 1.5391e-16 4.11899e-18
4876.02 1.47019e-16 4.07903e-18
4880.1 1.3852e-16 4.00974e-18
4884.17 1.38762e-16 4.01774e-18
4888.24 1.3556e-16 4.00301e-18
4892.32 1.32517e-16 3.96757e-18
4896.39 1.29381e-16 3.93271e-18
4900.47 1.31911e-16 3.95002e-18
4904.54 1.36146e-16 3.99506e-18
4908.62 1.30285e-16 3.9431e-18
4912.69 1.23944e-16 3.88299e-18
4916.77 1.1862e-16 3.82109e-18
4920.84 1.14381e-16 3.77109e-18
4924.92 1.07818e-16 3.72448e-18
4928.99 1.10015e-16 3.73695e-18
4933.07 1.03178e-16 3.67724e-18
4937.14 9.49861e-17 3.60638e-18
4941.22 1.02305e-16 3.67223e-18
4945.29 1.0237e-16 3.64917e-18
4949.36 9.51019e-17 3.60646e-18
4953.44 9.63652e-17 3.62006e-18
4957.51 9.64902e-17 3.6067e-18
4961.59 9.37095e-17 3.58879e-18
4965.66 1.05965e-16 3.70611e-18
4969.74 1.00564e-16 3.68027e-18
4973.81 9.31856e-17 3.62242e-18
4977.89 1.04271e-16 3.71837e-18
4981.96 1.01933e-16 3.68831e-18
4986.04 1.04102e-16 3.70991e-18
4990.11 1.05416e-16 3.72567e-18
4994.19 1.04525e-16 3.72165e-18
4998.26 1.12202e-16 3.7773e-18
5002.34 1.07785e-16 3.7747e-18
5006.41 1.07669e-16 3.80083e-18
5010.48 1.13386e-16 3.80064e-18
5014.56 1.20655e-16 3.85302e-18
5018.63 1.17806e-16 3.83262e-18
5022.71 1.14781e-16 3.80957e-18
5026.78 1.17617e-16 3.82991e-18
5030.86 1.17415e-16 3.84407e-18
5034.93 1.24745e-16 3.89381e-18
5039.01 1.1837e-16 3.82105e-18
5043.08 1.15293e-16 3.82977e-18
5047.16 1.17709e-16 3.83851e-18
5051.23 1.1682e-16 3.81508e-18
5055.31 1.12804e-16 3.80598e-18
5059.38 1.10212e-16 3.79777e-18
5063.46 1.04111e-16 3.71347e-18
5067.53 1.06778e-16 3.75554e-18
5071.6 1.00057e-16 3.6701e-18
5075.68 1.06265e-16 3.74234e-18
5079.75 1.00005e-16 3.67768e-18
5083.83 1.02681e-16 3.69683e-18
5087.9 1.09933e-16 3.7766e-18
5091.98 9.90212e-17 3.65298e-18
5096.05 1.10708e-16 3.7678e-18
5100.13 1.05897e-16 3.71704e-18
5104.2 1.05884e-16 3.72768e-18
5108.28 1.09948e-16 3.77015e-18
5112.35 1.14403e-16 3.82542e-18
5116.43 1.18672e-16 3.8482e-18
5120.5 1.17326e-16 3.85892e-18
5124.58 1.09622e-16 3.78047e-18
5128.65 1.13172e-16 3.79882e-18
5132.73 1.12532e-16 3.82419e-18
5136.8 1.18324e-16 3.86978e-18
5140.87 1.18322e-16 3.87037e-18
5144.95 1.23692e-16 3.94884e-18
5149.02 1.30479e-16 3.99802e-18
5153.1 1.36183e-16 4.04654e-18
5157.17 1.35869e-16 4.05956e-18
5161.25 1.43121e-16 4.10665e-18
5165.32 1.46074e-16 4.09412e-18
5169.4 1.52585e-16 4.17733e-18
5173.47 1.54647e-16 4.20975e-18
5177.55 1.54458e-16 4.18863e-18
5181.62 1.64472e-16 4.32021e-18
5185.7 1.7097e-16 4.37729e-18
5189.77 1.83463e-16 4.46187e-18
5193.85 1.92942e-16 4.54591e-18
5197.92 1.94006e-16 4.58667e-18
5201.99 2.02179e-16 4.64234e-18
5206.07 2.12591e-16 4.70605e-18
5210.14 2.11571e-16 4.69435e-18
5214.22 2.15701e-16 4.7393e-18
5218.29 2.11657e-16 4.70033e-18
5222.37 2.31794e-16 4.88063e-18
5226.44 2.29982e-16 4.85687e-18
5230.52 2.25756e-16 4.82527e-18
5234.59 2.22344e-16 4.79932e-18
5238.67 2.40143e-16 4.93682e-18
5242.74 2.42176e-16 4.96991e-18
5246.82 2.39066e-16 4.94036e-18
5250.89 2.43025e-16 4.96467e-18
5254.97 2.52268e-16 5.02685e-18
5259.04 2.70107e-16 5.14899e-18
5263.11 2.61685e-16 5.08031e-18
5267.19 2.60137e-16 5.08068e-18
5271.26 2.62376e-16 5.10692e-18
5275.34 2.72523e-16 5.17329e-18
5279.41 2.85168e-16 5.28928e-18
5283.49 2.82762e-16 5.27956e-18
5287.56 2.84659e-16 5.27877e-18
5291.64 2.88767e-16 5.31848e-18
5295.71 2.92397e-16 5.34734e-18
5299.79 2.94052e-16 5.37152e-18
5303.86 2.97587e-16 5.39602e-18
5307.94 3.07515e-16 5.45936e-18
5312.01 3.03614e-16 5.44973e-18
5316.09 3.04655e-16 5.462e-18
5320.16 3.14427e-16 5.5358e-18
5324.23 3.09706e-16 5.49386e-18
5328.31 3.16236e-16 5.53863e-18
5332.38 3.2109e-16 5.58447e-18
5336.46 3.22568e-16 5.59449e-18
5340.53 3.29194e-16 5.62761e-18
5344.61 3.29947e-16 5.64668e-18
5348.68 3.28377e-16 5.62653e-18
5352.76 3.39603e-16 5.71132e-18
5356.83 3.40563e-16 5.71155e-18
5360.91 3.32334e-16 5.66463e-18
5364.98 3.29205e-16 5.63777e-18
5369.06 3.3696e-16 5.703e-18
5373.13 3.41083e-16 5.73637e-18
5377.21 3.41135e-16 5.73729e-18
5381.28 3.45513e-16 5.77837e-18
5385.35 3.45199e-16 5.78329e-18
5389.43 3.39694e-16 5.75883e-18
5393.5 3.40154e-16 5.78237e-18
5397.58 3.43724e-16 5.80393e-18
5401.65 3.31236e-16 5.70436e-18
5405.73 3.32695e-16 5.71055e-18
5409.8 3.34835e-16 5.73988e-18
5413.88 3.26527e-16 5.66804e-18
5417.95 3.23932e-16 5.65035e-18
5422.03 3.12296e-16 5.60436e-18
5426.1 3.12335e-16 5.58502e-18
5430.18 3.12903e-16 5.59152e-18
5434.25 3.04558e-16 5.5532e-18
5438.33 3.07483e-16 5.56705e-18
5442.4 3.04179e-16 5.55526e-18
5446.48 3.11216e-16 5.60277e-18
5450.55 3.05203e-16 5.56314e-18
5454.62 2.98797e-16 5.5136e-18
5458.7 3.07881e-16 5.60709e-18
5462.77 3.03332e-16 5.56947e-18
5466.85 3.11715e-16 5.63544e-18
5470.92 3.10808e-16 5.62758e-18
5475 3.11445e-16 5.64514e-18
5479.07 3.25585e-16 5.72595e-18
5483.15 3.32162e-16 5.76518e-18
5487.22 3.33991e-16 5.79521e-18
5491.3 3.38587e-16 5.83428e-18
5495.37 3.47729e-16 5.89352e-18
5499.45 3.56938e-16 5.96066e-18
5503.52 3.60854e-16 6.0068e-18
5507.6 3.68662e-16 6.04877e-18
5511.67 3.75809e-16 6.1007e-18
5515.74 3.85681e-16 6.16274e-18
5519.82 3.97175e-16 6.2358e-18
5523.89 4.10624e-16 6.34958e-18
5527.97 4.20554e-16 6.40054e-18
5532.04 4.12158e-16 6.34659e-18
5536.12 4.33651e-16 6.48979e-18
5540.19 4.37733e-16 6.52674e-18
5544.27 4.31179e-16 6.49995e-18
5548.34 4.26534e-16 6.46116e-18
5552.42 4.30445e-16 6.48109e-18
5556.49 4.29037e-16 6.47698e-18
5560.57 4.22423e-16 6.45991e-18
5564.64 4.2301e-16 6.46239e-18
5568.72 4.24673e-16 6.87854e-18
5572.79 4.28829e-16 7.18844e-18
5576.86 4.23473e-16 7.20629e-18
5580.94 4.12064e-16 7.13215e-18
5585.01 4.0893e-16 6.76069e-18
5589.09 4.11528e-16 6.43327e-18
5593.16 4.2013e-16 6.47189e-18
5597.24 4.17854e-16 6.4495e-18
5601.31 4.11243e-16 6.42448e-18
5605.39 4.117e-16 6.41876e-18
5609.46 4.03021e-16 6.35915e-18
5613.54 4.08099e-16 6.39628e-18
5617.61 4.12455e-16 6.42581e-18
5621.69 3.89055e-16 6.30007e-18
5625.76 3.9056e-16 6.28168e-18
5629.84 4.05301e-16 6.37568e-18
5633.91 3.93484e-16 6.32632e-18
5637.99 3.99599e-16 6.3684e-18
5642.06 3.97064e-16 6.34356e-18
5646.13 3.90564e-16 6.33362e-18
5650.21 3.8364e-16 6.41684e-18
5654.28 4.10834e-16 6.9644e-18
5658.36 4.08737e-16 6.78924e-18
5662.43 4.07514e-16 6.47993e-18
5666.51 4.21889e-16 6.51989e-18
5670.58 4.14992e-16 6.50026e-18
5674.66 4.33586e-16 6.60433e-18
5678.73 4.40255e-16 6.63388e-18
5682.81 4.49993e-16 6.70871e-18
5686.88 4.66406e-16 6.80717e-18
5690.96 4.6619e-16 6.82125e-18
5695.03 4.66715e-16 6.82783e-18
5699.11 4.67466e-16 6.81952e-18
5703.18 4.75987e-16 6.88128e-18
5707.25 4.75479e-16 6.88395e-18
5711.33 4.85129e-16 6.93404e-18
5715.4 4.81285e-16 6.93571e-18
5719.48 4.87387e-16 6.94902e-18
5723.55 4.68106e-16 6.85183e-18
5727.63 4.59256e-16 6.80642e-18
5731.7 4.54585e-16 6.76916e-18
5735.78 4.46439e-16 6.7264e-18
5739.85 4.48952e-16 6.72827e-18
5743.93 4.3792e-16 6.67031e-18
5748 4.21929e-16 6.57829e-18
5752.08 4.18346e-16 6.55886e-18
5756.15 4.14164e-16 6.55292e-18
5760.23 4.08277e-16 6.5057e-18
5764.3 4.00182e-16 6.4742e-18
5768.37 4.04598e-16 6.4828e-18
5772.45 3.92045e-16 6.39069e-18
5776.52 3.89231e-16 6.40333e-18
5780.6 3.80922e-16 6.34007e-18
5784.67 3.8114e-16 6.35587e-18
5788.75 3.727e-16 6.29741e-18
5792.82 3.68472e-16 6.27628e-18
5796.9 3.74797e-16 6.31468e-18
5800.97 3.76756e-16 6.32685e-18
5805.05 3.76099e-16 6.32579e-18
5809.12 3.70717e-16 6.30738e-18
5813.2 3.68719e-16 6.29507e-18
5817.27 3.72012e-16 6.30112e-18
5821.35 3.72333e-16 6.31335e-18
5825.42 3.79872e-16 6.38239e-18
5829.49 3.80419e-16 6.38593e-18
5833.57 3.69939e-16 6.29915e-18
5837.64 3.68919e-16 6.30351e-18
5841.72 3.66338e-16 6.31488e-18
5845.79 3.7057e-16 6.3254e-18
5849.87 3.6326e-16 6.28315e-18
5853.94 3.53787e-16 6.20833e-18
5858.02 3.5505e-16 6.25352e-18
5862.09 3.56798e-16 6.28241e-18
5866.17 3.63553e-16 6.34327e-18
5870.24 3.56243e-16 6.30972e-18
5874.32 3.57629e-16 6.28834e-18
5878.39 3.60347e-16 6.32239e-18
5882.47 3.56606e-16 6.37504e-18
5886.54 3.55864e-16 6.45635e-18
5890.62 3.48847e-16 6.48226e-18
5894.69 3.52968e-16 6.48519e-18
5898.76 3.5172e-16 6.38768e-18
5902.84 3.41079e-16 6.24298e-18
5906.91 3.39963e-16 6.1779e-18
5910.99 3.42756e-16 6.21826e-18
5915.06 3.39943e-16 6.20063e-18
5919.14 3.35939e-16 6.17856e-18
5923.21 3.1832e-16 6.05441e-18
5927.29 3.12041e-16 6.01731e-18
5931.36 3.04556e-16 5.96978e-18
5935.44 3.02786e-16 5.94122e-18
5939.51 2.96247e-16 5.89436e-18
5943.59 2.87557e-16 5.83792e-18
5947.66 2.9238e-16 5.85814e-18
5951.74 2.86582e-16 5.82921e-18
5955.81 2.81347e-16 5.77428e-18
5959.88 2.84255e-16 5.78066e-18
5963.96 2.77011e-16 5.73935e-18
5968.03 2.8901e-16 5.83961e-18
5972.11 2.96748e-16 5.89058e-18
5976.18 2.84103e-16 5.80908e-18
5980.26 2.92923e-16 5.87408e-18
5984.33 2.92675e-16 5.85485e-18
5988.41 3.01204e-16 5.89774e-18
5992.48 3.02714e-16 5.89697e-18
5996.56 2.95869e-16 5.87986e-18
6000.63 3.0373e-16 5.93866e-18
6004.71 3.0267e-16 5.92944e-18
6008.78 3.03699e-16 5.95097e-18
6012.86 3.17015e-16 6.03142e-18
6016.93 3.04962e-16 5.95769e-18
6021 2.96752e-16 5.89116e-18
6025.08 3.03941e-16 5.95795e-18
6029.15 3.00171e-16 5.9126e-18
6033.23 3.04307e-16 5.94464e-18
6037.3 3.0387e-16 5.95987e-18
6041.38 3.03559e-16 5.94561e-18
6045.45 3.01781e-16 5.93522e-18
6049.53 3.0115e-16 5.93003e-18
6053.6 3.05245e-16 5.96493e-18
6057.68 2.94139e-16 5.90101e-18
6061.75 2.97496e-16 5.91817e-18
6065.83 3.03139e-16 5.96011e-18
6069.9 2.95932e-16 5.89899e-18
6073.98 2.99221e-16 5.92118e-18
6078.05 2.98534e-16 5.93138e-18
6082.12 2.88718e-16 5.84307e-18
6086.2 2.93907e-16 5.87494e-18
6090.27 2.92328e-16 5.85199e-18
6094.35 2.92545e-16 5.85529e-18
6098.42 2.83314e-16 5.80988e-18
6102.5 2.84376e-16 5.81974e-18
6106.57 2.83349e-16 5.82604e-18
6110.65 2.85341e-16 5.82502e-18
6114.72 2.95494e-16 5.8987e-18
6118.8 2.88024e-16 5.85529e-18
6122.87 2.87625e-16 5.83977e-18
6126.95 2.83988e-16 5.80375e-18
6131.02 2.76128e-16 5.7616e-18
6135.1 2.80482e-16 5.80861e-18
6139.17 2.68587e-16 5.7264e-18
6143.25 2.59708e-16 5.6856e-18
6147.32 2.7034e-16 5.73828e-18
6151.39 2.61111e-16 5.65168e-18
6155.47 2.62812e-16 5.69543e-18
6159.54 2.47898e-16 5.5584e-18
6163.62 2.40525e-16 5.51487e-18
6167.69 2.42821e-16 5.55444e-18
6171.77 2.20015e-16 5.33972e-18
6175.84 2.15176e-16 5.32037e-18
6179.92 2.10041e-16 5.25573e-18
6183.99 1.94475e-16 5.1346e-18
6188.07 1.87458e-16 5.06607e-18
6192.14 1.83947e-16 5.01454e-18
6196.22 1.84013e-16 5.02882e-18
6200.29 1.77579e-16 4.96942e-18
6204.37 1.77232e-16 4.97253e-18
6208.44 1.64832e-16 4.87823e-18
6212.51 1.59928e-16 4.79438e-18
6216.59 1.47025e-16 4.71185e-18
6220.66 1.49283e-16 4.72047e-18
6224.74 1.4215e-16 4.649e-18
6228.81 1.42057e-16 4.6911e-18
6232.89 1.29007e-16 4.625e-18
6236.96 1.23915e-16 4.59046e-18
6241.04 1.27876e-16 4.59951e-18
6245.11 1.22444e-16 4.51038e-18
6249.19 1.15265e-16 4.43179e-18
6253.26 1.11255e-16 4.39667e-18
6257.34 1.10216e-16 4.39104e-18
6261.41 1.10713e-16 4.42723e-18
6265.49 1.17213e-16 4.47476e-18
6269.56 1.16811e-16 4.42119e-18
6273.63 1.22627e-16 4.45987e-18
6277.71 1.1475e-16 4.36988e-18
6281.78 1.18508e-16 4.43509e-18
6285.86 1.25496e-16 4.52063e-18
6289.93 1.35438e-16 4.71529e-18
6294.01 1.28391e-16 4.99685e-18
6298.08 1.38777e-16 5.24471e-18
6302.16 1.42346e-16 5.32611e-18
6306.23 1.32279e-16 5.1738e-18
6310.31 1.40075e-16 4.91552e-18
6314.38 1.48535e-16 4.78913e-18
6318.46 1.60002e-16 4.88523e-18
6322.53 1.65795e-16 4.94584e-18
6326.61 1.72149e-16 5.02043e-18
6330.68 1.84437e-16 5.12528e-18
6334.76 1.7947e-16 5.06017e-18
6338.83 1.91044e-16 5.14967e-18
6342.9 1.95137e-16 5.17624e-18
6346.98 1.97761e-16 5.21086e-18
6351.05 1.94496e-16 5.22098e-18
6355.13 2.09415e-16 5.4027e-18
6359.2 2.16626e-16 5.55096e-18
6363.28 2.01244e-16 5.46025e-18
6367.35 2.15465e-16 5.53966e-18
6371.43 2.31426e-16 5.62312e-18
6375.5 2.24228e-16 5.45999e-18
6379.58 2.2148e-16 5.43491e-18
6383.65 2.20814e-16 5.46227e-18
6387.73 2.33014e-16 5.53416e-18
6391.8 2.24388e-16 5.46206e-18
6395.88 2.27106e-16 5.449e-18
6399.95 2.36043e-16 5.54796e-18
6404.02 2.38385e-16 5.54847e-18
6408.1 2.36358e-16 5.536e-18
6412.17 2.37353e-16 5.56813e-18
6416.25 2.41309e-16 5.62309e-18
6420.32 2.49007e-16 5.6877e-18
6424.4 2.53494e-16 5.70716e-18
6428.47 2.58644e-16 5.74486e-18
6432.55 2.56685e-16 5.73425e-18
6436.62 2.59804e-16 5.7523e-18
6440.7 2.65302e-16 5.81409e-18
6444.77 2.81753e-16 5.91779e-18
6448.85 2.75859e-16 5.87949e-18
6452.92 2.84987e-16 5.96931e-18
6457 2.91759e-16 6.0411e-18
6461.07 2.88233e-16 6.05647e-18
6465.14 2.82963e-16 6.05655e-18
6469.22 2.86638e-16 6.09078e-18
6473.29 3.00596e-16 6.15744e-18
6477.37 3.00476e-16 6.12578e-18
6481.44 2.96179e-16 6.06399e-18
6485.52 2.97112e-16 6.07e-18
6489.59 3.02179e-16 6.11352e-18
6493.67 3.08088e-16 6.24849e-18
6497.74 3.25933e-16 6.39329e-18
6501.82 3.20724e-16 6.36063e-18
6505.89 3.28548e-16 6.41272e-18
6509.97 3.32929e-16 6.40238e-18
6514.04 3.37529e-16 6.41207e-18
6518.12 3.50813e-16 6.50629e-18
6522.19 3.61612e-16 6.59898e-18
6526.26 3.69372e-16 6.68779e-18
6530.34 3.78197e-16 6.75892e-18
6534.41 3.80388e-16 6.78815e-18
6538.49 3.81533e-16 6.79339e-18
6542.56 3.83149e-16 6.8003e-18
6546.64 3.84331e-16 6.80976e-18
6550.71 3.89467e-16 6.85197e-18
6554.79 3.75812e-16 6.78362e-18
6558.86 3.8468e-16 6.83637e-18
6562.94 3.79416e-16 6.76666e-18
6567.01 3.72038e-16 6.72115e-18
6571.09 3.68067e-16 6.72038e-18
6575.16 3.61248e-16 6.6596e-18
6579.24 3.68109e-16 6.70535e-18
6583.31 3.74259e-16 6.74856e-18
6587.39 3.65073e-16 6.67076e-18
6591.46 3.75802e-16 6.72865e-18
6595.53 3.76419e-16 6.71908e-18
6599.61 3.77624e-16 6.7818e-18
6603.68 3.70879e-16 6.73202e-18
6607.76 3.7048e-16 6.7407e-18
6611.83 3.80711e-16 6.79674e-18
6615.91 3.80543e-16 6.77784e-18
6619.98 3.84825e-16 6.79054e-18
6624.06 3.76947e-16 6.74083e-18
6628.13 3.60436e-16 6.65224e-18
6632.21 3.63153e-16 6.66254e-18
6636.28 3.5912e-16 6.63404e-18
6640.36 3.52285e-16 6.58591e-18
6644.43 3.62155e-16 6.6312e-18
6648.51 3.57737e-16 6.63872e-18
6652.58 3.48545e-16 6.55586e-18
6656.65 3.37958e-16 6.48183e-18
6660.73 3.37846e-16 6.50162e-18
6664.8 3.35095e-16 6.49212e-18
6668.88 3.23202e-16 6.37207e-18
6672.95 3.16548e-16 6.32165e-18
6677.03 3.1164e-16 6.29546e-18
6681.1 3.18889e-16 6.34839e-18
6685.18 3.26654e-16 6.40822e-18
6689.25 3.11662e-16 6.30267e-18
6693.33 3.10262e-16 6.29671e-18
6697.4 3.1513e-16 6.33384e-18
6701.48 3.3338e-16 6.46007e-18
6705.55 3.36152e-16 6.47425e-18
6709.63 3.14721e-16 6.34365e-18
6713.7 3.25408e-16 6.40204e-18
6717.77 3.33747e-16 6.48094e-18
6721.85 3.36691e-16 6.49015e-18
6722.37 3.26718e-16 5.06402e-18
6726.58 3.27135e-16 5.05102e-18
6730.79 3.19204e-16 4.99018e-18
6734.99 3.19209e-16 4.9973e-18
6739.2 3.20704e-16 5.00355e-18
6743.41 3.16765e-16 4.97245e-18
6747.62 3.22868e-16 5.01885e-18
6751.83 3.17369e-16 4.97301e-18
6756.03 3.10511e-16 4.92765e-18
6760.24 3.1443e-16 4.94206e-18
6764.45 3.12435e-16 4.92807e-18
6768.66 3.07673e-16 4.88189e-18
6772.86 3.00457e-16 4.86956e-18
6777.07 3.02387e-16 4.8774e-18
6781.28 2.97452e-16 4.8533e-18
6785.49 2.98791e-16 4.84709e-18
6789.7 2.99719e-16 4.84255e-18
6793.9 3.02771e-16 4.86778e-18
6798.11 3.09273e-16 4.90501e-18
6802.32 3.06401e-16 4.8994e-18
6806.53 3.0678e-16 4.88781e-18
6810.74 3.11292e-16 4.90302e-18
6814.94 3.09161e-16 4.94093e-18
6819.15 3.15229e-16 5.11536e-18
6823.36 3.22479e-16 5.31409e-18
6827.57 3.19732e-16 5.40096e-18
6831.77 3.15916e-16 5.32428e-18
6835.98 3.20567e-16 5.21589e-18
6840.19 3.19223e-16 5.06148e-18
6844.4 3.09007e-16 4.91398e-18
6848.61 3.19104e-16 4.95566e-18
6852.81 3.19473e-16 5.08557e-18
6857.02 3.1015e-16 5.19383e-18
6861.23 2.93898e-16 5.08756e-18
6865.44 2.84715e-16 4.88262e-18
6869.65 2.55822e-16 4.4606e-18
6873.85 2.56383e-16 4.34063e-18
6878.06 2.85668e-16 4.55182e-18
6882.27 2.91902e-16 4.6425e-18
6886.48 2.73799e-16 4.56097e-18
6890.68 2.72214e-16 4.58907e-18
6894.89 2.67707e-16 4.54482e-18
6899.1 2.58031e-16 4.49781e-18
6903.31 2.58358e-16 4.56747e-18
6907.52 2.63044e-16 4.59633e-18
6911.72 2.59297e-16 4.67568e-18
6915.93 2.63545e-16 4.74687e-18
6920.14 2.20768e-16 4.63869e-18
6924.35 2.39454e-16 4.64647e-18
6928.56 2.4576e-16 4.55689e-18
6932.76 2.43104e-16 4.53633e-18
6936.97 2.51876e-16 4.65654e-18
6941.18 2.48319e-16 4.77634e-18
6945.39 2.4038e-16 4.71349e-18
6949.59 2.3943e-16 4.66784e-18
6953.8 2.38906e-16 4.52238e-18
6958.01 2.41917e-16 4.48959e-18
6962.22 2.45021e-16 4.52537e-18
6966.43 2.47662e-16 4.61055e-18
6970.63 2.41028e-16 4.61604e-18
6974.84 2.45532e-16 4.65705e-18
6979.05 2.48894e-16 4.62674e-18
6983.26 2.36681e-16 4.47463e-18
6987.47 2.4308e-16 4.46605e-18
6991.67 2.37381e-16 4.43447e-18
6995.88 2.49763e-16 4.52196e-18
7000.09 2.47003e-16 4.53899e-18
7004.3 2.44885e-16 4.55328e-18
7008.5 2.58903e-16 4.60865e-18
7012.71 2.55605e-16 4.58911e-18
7016.92 2.52028e-16 4.51188e-18
7021.13 2.59609e-16 4.53391e-18
7025.34 2.61495e-16 4.54789e-18
7029.54 2.61862e-16 4.55596e-18
7033.75 2.62514e-16 4.59531e-18
7037.96 2.73392e-16 4.68809e-18
7042.17 2.74102e-16 4.69403e-18
7046.38 2.75167e-16 4.71161e-18
7050.58 2.76784e-16 4.71612e-18
7054.79 2.80929e-16 4.71281e-18
7059 2.73341e-16 4.6663e-18
7063.21 2.65957e-16 4.62955e-18
7067.41 2.77611e-16 4.68847e-18
7071.62 2.79133e-16 4.699e-18
7075.83 2.76392e-16 4.69437e-18
7080.04 2.69179e-16 4.67246e-18
7084.25 2.70904e-16 4.66865e-18
7088.45 2.69744e-16 4.64839e-18
7092.66 2.60248e-16 4.56665e-18
7096.87 2.69307e-16 4.6083e-18
7101.08 2.6517e-16 4.59024e-18
7105.29 2.59756e-16 4.5679e-18
7109.49 2.56625e-16 4.54219e-18
7113.7 2.4459e-16 4.48781e-18
7117.91 2.41394e-16 4.45074e-18
7122.12 2.35331e-16 4.42416e-18
7126.32 2.37322e-16 4.44621e-18
7130.53 2.33415e-16 4.42794e-18
7134.74 2.27117e-16 4.39607e-18
7138.95 2.3243e-16 4.42566e-18
7143.16 2.23875e-16 4.36953e-18
7147.36 2.16626e-16 4.33199e-18
7151.57 2.02235e-16 4.23259e-18
7155.78 1.99793e-16 4.19753e-18
7159.99 2.03883e-16 4.2303e-18
7164.2 2.02984e-16 4.21902e-18
7168.4 1.96e-16 4.16014e-18
7172.61 1.97781e-16 4.14249e-18
7176.82 1.8846e-16 4.07465e-18
7181.03 1.96007e-16 4.10494e-18
7185.23 1.88149e-16 4.02181e-18
7189.44 2.02576e-16 4.09965e-18
7193.65 2.0067e-16 4.08395e-18
7197.86 1.9684e-16 4.06886e-18
7202.07 1.90662e-16 4.04808e-18
7206.27 1.89453e-16 4.06013e-18
7210.48 1.94679e-16 4.11831e-18
7214.69 1.95931e-16 4.14581e-18
7218.9 1.96017e-16 4.15574e-18
7223.1 2.01268e-16 4.17877e-18
7227.31 1.98672e-16 4.32946e-18
7231.52 1.90239e-16 4.68761e-18
7235.73 1.84914e-16 4.97493e-18
7239.94 1.78926e-16 5.03453e-18
7244.14 1.8716e-16 4.9174e-18
7248.35 1.90996e-16 4.56146e-18
7252.56 1.79341e-16 4.23482e-18
7256.77 1.79732e-16 4.11843e-18
7260.98 1.80284e-16 4.11564e-18
7265.18 1.76457e-16 4.4733e-18
7269.39 1.73541e-16 4.85421e-18
7273.6 1.86697e-16 5.07953e-18
7277.81 1.81425e-16 5.04852e-18
7282.02 1.95381e-16 4.70893e-18
7286.22 1.85992e-16 4.43751e-18
7290.43 1.90082e-16 4.33806e-18
7294.64 1.94443e-16 4.39697e-18
7298.85 1.8842e-16 4.37096e-18
7303.05 1.91975e-16 4.4643e-18
7307.26 2.11084e-16 4.87863e-18
7311.47 2.19804e-16 4.94223e-18
7315.68 2.22238e-16 4.95648e-18
7319.89 2.27014e-16 4.92656e-18
7324.09 2.15815e-16 4.61865e-18
7328.3 2.22306e-16 4.81834e-18
7332.51 2.23051e-16 5.13774e-18
7336.72 2.27804e-16 5.12076e-18
7340.93 2.32337e-16 5.08736e-18
7345.13 2.34118e-16 4.85053e-18
7349.34 2.22772e-16 4.57794e-18
7353.55 2.1882e-16 4.60707e-18
7357.76 2.16905e-16 4.78475e-18
7361.96 2.08458e-16 4.92949e-18
7366.17 2.15351e-16 4.89206e-18
7370.38 2.23278e-16 4.85296e-18
7374.59 2.1256e-16 4.54492e-18
7378.8 2.13688e-16 4.36384e-18
7383 1.98555e-16 4.36388e-18
7387.21 2.01298e-16 4.45158e-18
7391.42 2.03951e-16 4.59099e-18
7395.63 2.09308e-16 4.70036e-18
7399.84 2.13377e-16 4.66868e-18
7404.04 2.12803e-16 4.59129e-18
7408.25 1.99539e-16 4.30627e-18
7412.46 2.03494e-16 4.26929e-18
7416.67 1.9681e-16 4.25465e-18
7420.87 2.08887e-16 4.37007e-18
7425.08 2.16103e-16 5.70232e-18
7429.29 2.19031e-16 5.81772e-18
7433.5 2.04509e-16 4.50065e-18
7437.71 2.13104e-16 4.49989e-18
7441.91 1.99111e-16 4.3403e-18
7446.12 2.00763e-16 4.27833e-18
7450.33 2.01727e-16 4.27827e-18
7454.54 2.11421e-16 4.38786e-18
7458.74 2.18024e-16 4.49569e-18
7462.95 2.08246e-16 4.55197e-18
7467.16 2.01897e-16 4.61809e-18
7471.37 2.02581e-16 4.69869e-18
7475.58 1.95692e-16 4.67337e-18
7479.78 1.95598e-16 4.59185e-18
7483.99 1.98536e-16 4.52443e-18
7488.2 1.88757e-16 4.35254e-18
7492.41 1.82008e-16 4.22257e-18
7496.62 1.63518e-16 4.07965e-18
7500.82 1.53847e-16 3.97783e-18
7505.03 1.51424e-16 3.94525e-18
7509.24 1.36029e-16 3.94235e-18
7513.45 1.28812e-16 4.21202e-18
7517.65 1.25094e-16 4.43548e-18
7521.86 1.26619e-16 4.51505e-18
7526.07 1.06042e-16 4.29801e-18
7530.28 9.68412e-17 3.92378e-18
7534.49 9.23629e-17 3.67209e-18
7538.69 9.26311e-17 3.57168e-18
7542.9 8.61159e-17 3.48966e-18
7547.11 8.09057e-17 3.5034e-18
7551.32 7.93396e-17 3.53815e-18
7555.53 7.59572e-17 3.50839e-18
7559.73 6.70628e-17 3.60124e-18
7563.94 6.46518e-17 3.75479e-18
7568.15 6.05043e-17 3.74059e-18
7572.36 4.92701e-17 3.63368e-18
7576.56 4.9139e-17 3.50475e-18
7580.77 5.86655e-17 3.38806e-18
7584.98 6.13973e-17 3.38092e-18
7589.19 5.8564e-17 3.26766e-18
7593.4 5.45304e-17 3.00405e-18
7597.6 4.00023e-17 2.74992e-18
7601.81 3.90627e-17 2.58711e-18
7606.02 4.61759e-17 2.61433e-18
7610.23 4.76989e-17 2.74587e-18
7614.44 5.9986e-17 2.95734e-18
7618.64 7.72801e-17 3.16419e-18
7622.85 6.23145e-17 3.08489e-18
7627.06 6.01936e-17 2.9731e-18
7631.27 6.15211e-17 2.93044e-18
7635.47 5.3359e-17 2.82481e-18
7639.68 5.52591e-17 2.86702e-18
7643.89 6.46927e-17 3.00587e-18
7648.1 6.63027e-17 3.1206e-18
7652.31 7.42468e-17 3.33361e-18
7656.51 8.15048e-17 3.44129e-18
7660.72 8.13066e-17 3.48362e-18
7664.93 1.00173e-16 3.60487e-18
7669.14 1.08374e-16 3.61771e-18
7673.35 1.05428e-16 3.6169e-18
7677.55 1.05313e-16 3.66939e-18
7681.76 1.16583e-16 3.7997e-18
7685.97 1.26528e-16 3.90731e-18
7690.18 1.3711e-16 4.04524e-18
7694.38 1.37987e-16 4.09882e-18
7698.59 1.50847e-16 4.30471e-18
7702.8 1.70257e-16 4.84046e-18
7707.01 1.77738e-16 5.36338e-18
7711.22 1.83976e-16 5.61031e-18
7715.42 1.81884e-16 5.50562e-18
7719.63 1.85908e-16 5.14413e-18
7723.84 2.10784e-16 4.88119e-18
7728.05 2.16021e-16 4.75124e-18
7732.26 2.31096e-16 4.73694e-18
7736.46 2.28426e-16 4.90065e-18
7740.67 2.28028e-16 5.39907e-18
7744.88 2.29821e-16 5.71883e-18
7749.09 2.21391e-16 5.77541e-18
7753.29 2.2295e-16 5.67342e-18
7757.5 2.48014e-16 5.33978e-18
7761.71 2.65933e-16 5.34776e-18
7765.92 2.60404e-16 5.27967e-18
7770.13 2.5895e-16 5.33341e-18
7774.33 2.64013e-16 5.37766e-18
7778.54 2.56549e-16 5.29266e-18
7782.75 2.65093e-16 5.51082e-18
7786.96 2.80663e-16 5.77615e-18
7791.17 2.7811e-16 5.75657e-18
7795.37 2.78317e-16 5.7225e-18
7799.58 2.79267e-16 5.50746e-18
7803.79 2.81097e-16 5.38222e-18
7808 2.82734e-16 5.58643e-18
7812.2 2.87668e-16 5.95065e-18
7816.41 2.7312e-16 5.91219e-18
7820.62 2.66662e-16 5.81784e-18
7824.83 2.65232e-16 5.56384e-18
7829.04 2.75615e-16 5.29413e-18
7833.24 2.82076e-16 5.37009e-18
7837.45 2.83952e-16 5.46685e-18
7841.66 2.82053e-16 5.85143e-18
7845.87 2.7394e-16 6.17296e-18
7850.08 2.71002e-16 6.31744e-18
7854.28 2.77328e-16 6.37115e-18
7858.49 2.83424e-16 6.21229e-18
7862.7 2.90981e-16 6.09768e-18
7866.91 2.95038e-16 6.0116e-18
7871.11 2.80915e-16 5.96131e-18
7875.32 2.70453e-16 5.72737e-18
7879.53 2.8402e-16 5.85011e-18
7883.74 2.79399e-16 5.83579e-18
7887.95 3.01327e-16 5.7981e-18
7892.15 2.90373e-16 5.61756e-18
7896.36 2.75451e-16 5.34183e-18
7900.57 2.80838e-16 5.66887e-18
7904.78 2.76142e-16 6.35158e-18
7908.99 2.67448e-16 6.66196e-18
7913.19 2.57355e-16 6.8168e-18
7917.4 2.70428e-16 6.49112e-18
7921.61 2.54964e-16 5.94459e-18
7925.82 2.24518e-16 5.48808e-18
7930.02 2.22925e-16 5.29557e-18
7934.23 2.09871e-16 5.11397e-18
7938.44 1.99783e-16 5.04878e-18
7942.65 2.00028e-16 5.11397e-18
7946.86 2.02733e-16 5.1258e-18
7951.06 1.85889e-16 5.19306e-18
7955.27 1.73085e-16 5.54812e-18
7959.48 1.77653e-16 5.71565e-18
7963.69 1.74719e-16 5.75542e-18
7967.9 1.68058e-16 5.54496e-18
7972.1 1.60817e-16 5.16665e-18
7976.31 1.5125e-16 5.0097e-18
7980.52 1.40888e-16 5.25364e-18
7984.73 1.49946e-16 5.67137e-18
7988.93 1.47479e-16 5.73447e-18
7993.14 1.40987e-16 5.57048e-18
7997.35 1.4121e-16 5.05425e-18
8001.56 1.35834e-16 4.6319e-18
8005.77 1.29332e-16 4.61301e-18
8009.97 1.29118e-16 4.71783e-18
8014.18 1.15513e-16 5.03224e-18
8018.39 1.13948e-16 5.24798e-18
8022.6 1.08034e-16 5.16056e-18
8026.81 9.82004e-17 4.91186e-18
8031.01 8.67587e-17 4.36409e-18
8035.22 8.16458e-17 3.96831e-18
8039.43 8.12138e-17 4.02329e-18
8043.64 7.11857e-17 4.05282e-18
8047.84 7.38404e-17 4.1912e-18
8052.05 6.63276e-17 4.33415e-18
8056.26 4.92297e-17 4.26065e-18
8060.47 5.40926e-17 4.20481e-18
8064.68 5.8766e-17 4.07191e-18
8068.88 4.86598e-17 3.75874e-18
8073.09 4.21743e-17 3.58068e-18
8077.3 3.74997e-17 3.56498e-18
8081.51 3.64284e-17 3.59097e-18
8085.72 3.50279e-17 3.63522e-18
8089.92 2.81746e-17 3.63799e-18
8094.13 2.75198e-17 3.70105e-18
8098.34 2.66419e-17 3.6917e-18
8102.55 2.38355e-17 3.60582e-18
8106.75 2.34022e-17 3.5179e-18
8110.96 1.94472e-17 3.34994e-18
8115.17 2.51466e-17 3.39195e-18
8119.38 1.96919e-17 3.35509e-18
8123.59 1.75336e-17 3.3282e-18
8127.79 1.70912e-17 3.37507e-18
8132 1.6284e-17 3.42018e-18
8136.21 1.98027e-17 3.47622e-18
8140.42 1.79572e-17 3.47998e-18
8144.63 1.37416e-17 3.38861e-18
8148.83 1.78122e-17 3.38168e-18
8153.04 2.189e-17 3.36046e-18
8157.25 2.37067e-17 3.35018e-18
8161.46 2.7283e-17 3.39018e-18
8165.66 2.14906e-17 3.36594e-18
8169.87 1.81784e-17 3.31076e-18
8174.08 1.87194e-17 3.36387e-18
8178.29 2.33973e-17 3.40054e-18
8182.5 2.22327e-17 3.40014e-18
8186.7 2.3803e-17 3.43943e-18
8190.91 2.40765e-17 3.44233e-18
8195.12 2.46583e-17 3.43825e-18
8199.33 2.28466e-17 3.44384e-18
8203.54 2.7524e-17 3.46495e-18
8207.74 2.34369e-17 3.44401e-18
8211.95 2.10159e-17 3.43806e-18
8216.16 2.37835e-17 3.41258e-18
8220.37 1.73555e-17 3.3186e-18
8224.57 1.6235e-17 3.31891e-18
8228.78 1.41816e-17 3.30278e-18
8232.99 1.37166e-17 3.37486e-18
8237.2 1.86441e-17 3.40988e-18
8241.41 1.36351e-17 3.39328e-18
8245.61 1.33025e-17 3.43836e-18
8249.82 1.2763e-17 3.40287e-18
8254.03 1.43519e-17 3.42636e-18
8258.24 1.47518e-17 3.41964e-18
8262.45 2.11744e-17 3.45297e-18
8266.65 2.12086e-17 3.76031e-18
8270.86 1.75579e-17 4.23805e-18
8275.07 1.48204e-17 4.78825e-18
8279.28 1.262e-17 5.27594e-18
8283.48 1.51565e-17 5.4119e-18
8287.69 1.52831e-17 5.63999e-18
8291.9 3.0418e-17 5.61915e-18
8296.11 2.34695e-17 5.24755e-18
8300.32 2.08558e-17 4.94379e-18
8304.52 2.46254e-17 4.42935e-18
8308.73 1.56038e-17 3.98157e-18
8312.94 1.99893e-17 3.88451e-18
8317.15 2.54611e-17 3.70737e-18
8321.36 2.13868e-17 3.59039e-18
8325.56 2.75043e-17 3.598e-18
8329.77 2.55995e-17 4.12869e-18
8333.98 1.80057e-17 5.50932e-18
8338.19 1.92599e-17 6.53522e-18
8342.39 3.56433e-17 6.94533e-18
8346.6 4.4252e-17 6.70832e-18
8350.81 3.22256e-17 5.47439e-18
8355.02 2.01203e-17 4.76241e-18
8359.23 2.497e-17 4.39478e-18
8363.43 2.71153e-17 4.15489e-18
8367.64 2.84998e-17 4.16984e-18
8371.85 3.55391e-17 4.38389e-18
8376.06 2.99053e-17 4.52368e-18
8380.27 3.73011e-17 4.65986e-18
8384.47 3.73775e-17 4.77793e-18
8388.68 2.79027e-17 5.58984e-18
8392.89 2.17165e-17 6.02327e-18
8397.1 1.78232e-17 5.91534e-18
8401.3 4.6299e-17 5.69226e-18
8405.51 3.9178e-17 5.04645e-18
8409.72 3.15842e-17 4.80632e-18
8413.93 3.39001e-17 4.91738e-18
8418.14 3.87863e-17 5.59807e-18
8422.34 3.70208e-17 6.21072e-18
8426.55 4.0487e-17 6.3412e-18
8430.76 3.93681e-17 6.20262e-18
8434.97 4.5242e-17 5.10166e-18
8439.18 4.06607e-17 4.52646e-18
8443.38 4.70652e-17 4.86107e-18
8447.59 4.17799e-17 4.91142e-18
8451.8 6.02236e-17 5.31697e-18
8456.01 6.18324e-17 5.87006e-18
8460.21 5.68674e-17 5.95693e-18
8464.42 6.00297e-17 6.00405e-18
8468.63 6.0777e-17 5.47042e-18
8472.84 6.19263e-17 4.60985e-18
8477.05 6.08062e-17 4.33319e-18
8481.25 6.77781e-17 4.59829e-18
8485.46 6.7675e-17 4.80541e-18
8489.67 6.26221e-17 4.91728e-18
8493.88 7.21479e-17 5.39555e-18
8498.09 8.0912e-17 5.59665e-18
8502.29 8.90927e-17 5.55306e-18
8506.5 9.38543e-17 5.44094e-18
8510.71 9.3762e-17 4.94536e-18
8514.92 9.05296e-17 4.65862e-18
8519.12 9.89781e-17 4.74103e-18
8523.33 1.03451e-16 4.79723e-18
8527.54 9.69058e-17 4.82305e-18
8531.75 9.83349e-17 4.92557e-18
8535.96 1.05247e-16 5.1146e-18
8540.16 1.1197e-16 5.39062e-18
8544.37 1.12834e-16 5.36895e-18
8548.58 1.29059e-16 5.41079e-18
8552.79 1.38601e-16 5.35629e-18
8557 1.36291e-16 5.11145e-18
8561.2 1.29637e-16 5.06139e-18
8565.41 1.33182e-16 5.12733e-18
8569.62 1.33849e-16 5.12923e-18
8573.83 1.41648e-16 5.22117e-18
8578.03 1.55704e-16 5.36684e-18
8582.24 1.52352e-16 5.39793e-18
8586.45 1.65306e-16 5.62198e-18
8590.66 1.74333e-16 5.6698e-18
8594.87 1.68023e-16 5.62754e-18
8599.07 1.68332e-16 5.59189e-18
8603.28 1.89159e-16 5.72156e-18
8607.49 1.88093e-16 5.7422e-18
8611.7 1.9125e-16 5.93977e-18
8615.91 2.01267e-16 6.15899e-18
8620.11 1.98223e-16 6.37107e-18
8624.32 2.05826e-16 6.51551e-18
8628.53 2.10291e-16 6.60508e-18
8632.74 2.23015e-16 6.57073e-18
8636.94 2.34933e-16 6.53436e-18
8641.15 2.44931e-16 6.61894e-18
8645.36 2.45199e-16 6.75555e-18
8649.57 2.47261e-16 6.86574e-18
8653.78 2.5784e-16 6.98087e-18
8657.98 2.43153e-16 6.93801e-18
8662.19 2.50153e-16 6.87715e-18
8666.4 2.6574e-16 6.8529e-18
8670.61 2.73316e-16 6.75974e-18
8674.82 2.84356e-16 6.73655e-18
8679.02 2.87708e-16 6.68369e-18
8683.23 2.85577e-16 6.60734e-18
8687.44 2.88978e-16 6.64654e-18
8691.65 2.75899e-16 6.59215e-18
8695.85 2.71425e-16 6.54553e-18
8700.06 2.90783e-16 6.68145e-18
8704.27 2.89415e-16 6.69086e-18
8708.48 2.97098e-16 6.70305e-18
8712.69 3.04482e-16 6.72517e-18
8716.89 3.00283e-16 6.70106e-18
8721.1 3.14343e-16 6.83789e-18
8725.31 3.1306e-16 6.82962e-18
8729.52 3.05396e-16 6.77348e-18
8733.73 3.0966e-16 6.79979e-18
8737.93 2.88651e-16 6.70404e-18
8742.14 2.80187e-16 6.67028e-18
8746.35 2.92102e-16 6.89347e-18
8750.56 2.7568e-16 7.62261e-18
8754.76 2.76005e-16 8.40086e-18
8758.97 2.68785e-16 9.15307e-18
8763.18 2.91106e-16 9.30765e-18
8767.39 2.54705e-16 9.44061e-18
8771.6 2.56218e-16 9.13415e-18
8775.8 2.35661e-16 8.48417e-18
8780.01 2.46489e-16 8.30243e-18
8784.22 2.26613e-16 7.33147e-18
8788.43 2.42998e-16 7.0303e-18
8792.64 2.39872e-16 6.91068e-18
8796.84 2.25529e-16 6.50946e-18
8801.05 2.23822e-16 6.32774e-18
8805.26 2.10503e-16 6.33929e-18
8809.47 2.27208e-16 6.33886e-18
8813.67 2.32469e-16 7.52631e-18
8817.88 2.19071e-16 9.25872e-18
8822.09 2.01602e-16 1.00658e-17
8826.3 1.79935e-16 1.04865e-17
8830.51 1.76735e-16 9.64572e-18
8834.71 1.84258e-16 7.98192e-18
8838.92 1.78475e-16 7.52927e-18
8843.13 1.86363e-16 6.94019e-18
8847.34 2.06481e-16 6.82833e-18
8851.55 2.03343e-16 6.79903e-18
8855.75 2.09994e-16 6.96917e-18
8859.96 1.96938e-16 7.264e-18
8864.17 1.95413e-16 7.33173e-18
8868.38 1.88671e-16 7.20064e-18
8872.58 2.00732e-16 7.45841e-18
8876.79 2.16334e-16 8.9091e-18
8881 2.12446e-16 9.16445e-18
8885.21 2.27149e-16 9.13722e-18
8889.42 1.98098e-16 8.27338e-18
8893.62 1.94059e-16 7.58558e-18
8897.83 2.16156e-16 7.69695e-18
8902.04 2.09781e-16 7.72157e-18
8906.25 2.228e-16 8.04354e-18
8910.45 2.03856e-16 9.14222e-18
8914.66 2.25596e-16 9.52759e-18
8918.87 1.99685e-16 9.57417e-18
8923.08 1.94648e-16 8.55127e-18
8927.29 2.13201e-16 7.09301e-18
8931.49 2.0996e-16 7.08232e-18
8935.7 2.1605e-16 7.56407e-18
8939.91 2.21943e-16 7.56243e-18
8944.12 2.10323e-16 7.87143e-18
8948.33 2.10896e-16 8.64027e-18
8952.53 2.10346e-16 8.83453e-18
8956.74 2.26329e-16 8.98355e-18
8960.95 2.41615e-16 8.47311e-18
8965.16 2.23777e-16 7.13886e-18
8969.36 2.22356e-16 6.66767e-18
8973.57 2.19939e-16 6.80644e-18
8977.78 2.05435e-16 6.99913e-18
8981.99 2.07687e-16 7.23506e-18
8986.2 1.89758e-16 7.14443e-18
8990.4 2.18871e-16 8.93527e-18
8994.61 2.28238e-16 9.4794e-18
8998.82 1.99572e-16 7.80691e-18
9003.03 2.05814e-16 7.66105e-18
9007.24 1.96854e-16 6.88341e-18
9011.44 2.02979e-16 6.56617e-18
9015.65 1.86493e-16 6.4229e-18
9019.86 1.78521e-16 6.41154e-18
9024.07 1.74169e-16 6.45484e-18
9028.27 1.678e-16 6.64855e-18
9032.48 1.75946e-16 6.81351e-18
9036.69 1.55881e-16 6.88295e-18
9040.9 1.46921e-16 7.10726e-18
9045.11 1.48788e-16 6.99328e-18
9049.31 1.26937e-16 6.81819e-18
9053.52 1.24112e-16 6.44012e-18
9057.73 1.27324e-16 6.22592e-18
9061.94 1.21709e-16 6.11554e-18
9066.15 1.13974e-16 6.03856e-18
9070.35 1.13717e-16 6.00564e-18
9074.56 1.21725e-16 6.04334e-18
9078.77 1.05192e-16 5.95413e-18
9082.98 9.84075e-17 6.00848e-18
9087.18 9.01287e-17 6.04716e-18
9091.39 9.18143e-17 6.205e-18
9095.6 8.92623e-17 6.25701e-18
9099.81 8.90599e-17 6.14912e-18
9104.02 8.88368e-17 6.08664e-18
9108.22 7.78432e-17 5.85265e-18
9112.43 8.68723e-17 5.77028e-18
9116.64 9.81836e-17 5.92252e-18
9120.85 8.65799e-17 5.90583e-18
9125.06 9.03721e-17 5.85502e-18
9129.26 1.00402e-16 5.94741e-18
9133.47 9.42451e-17 5.99534e-18
9137.68 9.057e-17 5.97189e-18
9141.89 9.38571e-17 6.15212e-18
9146.09 9.30903e-17 6.17734e-18
9150.3 9.14584e-17 6.26372e-18
9154.51 8.30161e-17 6.24652e-18
9158.72 1.00363e-16 6.33432e-18
9162.93 8.73184e-17 6.20517e-18
9167.13 1.08148e-16 6.21778e-18
9171.34 1.08001e-16 6.24237e-18
9175.55 1.06676e-16 6.3076e-18
9179.76 1.1598e-16 6.36959e-18
9183.97 1.04231e-16 6.29827e-18
9188.17 1.20382e-16 6.46007e-18
9192.38 1.29136e-16 6.52712e-18
9196.59 1.20673e-16 6.48424e-18
9200.8 1.10611e-16 6.48877e-18
9205 1.30579e-16 6.71067e-18
9209.21 1.33074e-16 6.75596e-18
9213.42 1.38223e-16 6.87399e-18
9217.63 1.46327e-16 7.08544e-18
9221.84 1.42139e-16 7.0064e-18
9226.04 1.36222e-16 6.94427e-18
9230.25 1.51682e-16 7.05483e-18
9234.46 1.70952e-16 7.0392e-18
9238.67 1.20439e-16 7.00062e-18
9242.88 9.62705e-17 6.98895e-18
9247.08 1.46e-16 7.03852e-18
9251.29 1.62488e-16 7.26749e-18
9255.5 1.62307e-16 7.31592e-18
9259.71 1.54687e-16 7.24671e-18
9263.91 1.59298e-16 7.32109e-18
9268.12 1.60065e-16 7.31312e-18
9272.33 1.57331e-16 7.20865e-18
9276.54 1.22534e-16 7.18977e-18
9280.75 1.07196e-17 8.03489e-18
9284.95 1.3992e-16 7.36991e-18
9289.16 1.65816e-16 7.47546e-18
9293.37 1.56233e-16 7.67557e-18
9297.58 1.67497e-16 9.16693e-18
9301.79 1.4257e-16 1.06936e-17
9305.99 1.29273e-16 1.16749e-17
9310.2 1.38218e-16 1.1691e-17
9314.41 1.47181e-16 1.19741e-17
9318.62 1.5441e-16 1.07897e-17
9322.82 1.49562e-16 1.00496e-17
9327.03 1.41163e-16 9.41041e-18
9331.24 1.6854e-16 8.47004e-18
9335.45 1.5368e-16 7.94433e-18
9339.66 1.5484e-16 7.93392e-18
9343.86 1.39375e-16 7.42696e-18
9348.07 1.61276e-16 7.36803e-18
9352.28 1.74112e-16 7.57603e-18
9356.49 1.44047e-16 7.27602e-18
9360.7 1.67612e-16 8.02649e-18
9364.9 1.83503e-16 1.11332e-17
9369.11 1.37754e-16 1.32504e-17
9373.32 1.78776e-16 1.35752e-17
9377.53 2.19153e-16 1.31824e-17
9381.73 1.69061e-16 1.01585e-17
9385.94 1.51681e-16 8.14159e-18
9390.15 1.5272e-16 8.31266e-18
9394.36 1.57537e-16 8.68291e-18
9398.57 1.62868e-16 8.71986e-18
9402.77 1.65676e-16 8.61982e-18
9406.98 1.64022e-16 8.60656e-18
9411.19 1.66352e-16 9.35868e-18
9415.4 1.51667e-16 9.42395e-18
9419.61 1.55666e-16 9.49986e-18
9423.81 1.54973e-16 8.9673e-18
9428.02 1.59433e-16 1.00608e-17
9432.23 1.5332e-16 1.16007e-17
9436.44 1.48551e-16 1.20378e-17
9440.64 1.50244e-16 1.21047e-17
9444.85 1.57995e-16 1.0233e-17
9449.06 1.65033e-16 1.00963e-17
9453.27 1.50017e-16 1.02277e-17
9457.48 1.25034e-16 9.95069e-18
9461.68 1.37957e-16 9.49023e-18
9465.89 1.59993e-16 1.09246e-17
9470.1 1.73843e-16 1.22403e-17
9474.31 1.78014e-16 1.24721e-17
9478.52 1.67095e-16 1.20618e-17
9482.72 1.68234e-16 1.01651e-17
9486.93 1.82857e-16 8.75177e-18
9491.14 1.69581e-16 9.36812e-18
9495.35 1.51123e-16 1.00189e-17
9499.55 1.35188e-16 9.94971e-18
9503.76 1.27245e-16 9.94836e-18
9507.97 1.81534e-16 1.05806e-17
9512.18 1.72943e-16 1.10917e-17
9516.39 1.5696e-16 1.10126e-17
9520.59 1.4711e-16 1.08636e-17
9524.8 1.57619e-16 9.70346e-18
9529.01 1.63948e-16 9.10508e-18
9533.22 1.86779e-16 9.26585e-18
9537.43 1.66364e-16 9.16008e-18
9541.63 1.6257e-16 9.64613e-18
9545.84 1.49486e-16 9.90054e-18
9550.05 1.50502e-16 1.00878e-17
9554.26 1.50356e-16 1.06178e-17
9558.46 1.55589e-16 1.14268e-17
9562.67 1.49028e-16 1.14935e-17
9566.88 1.35514e-16 1.15651e-17
9571.09 1.72499e-16 1.08815e-17
9575.3 1.98474e-16 9.89483e-18
9579.5 1.69683e-16 9.42664e-18
9583.71 1.68951e-16 9.50768e-18
9587.92 1.79273e-16 9.62359e-18
9592.13 1.59892e-16 9.42189e-18
9596.34 1.62254e-16 9.79694e-18
9600.54 1.72385e-16 1.02622e-17
9604.75 1.60935e-16 1.03337e-17
9608.96 1.65313e-16 1.07411e-17
9613.17 1.69104e-16 1.09035e-17
9617.37 1.73544e-16 1.08808e-17
9621.58 1.64779e-16 1.09078e-17
9625.79 1.60648e-16 1.0515e-17
9630 1.60259e-16 1.01225e-17
9634.21 1.50959e-16 1.00243e-17
9638.41 1.67433e-16 1.01022e-17
9642.62 1.46823e-16 1.01119e-17
9646.83 1.32948e-16 1.01859e-17
9651.04 1.54119e-16 1.05208e-17
9655.25 1.66341e-16 1.09497e-17
9659.45 1.73214e-16 1.14856e-17
9663.66 1.37081e-16 1.15368e-17
9667.87 1.60338e-16 1.19833e-17
9672.08 1.58883e-16 1.27256e-17
9676.28 1.47375e-16 1.27052e-17
9680.49 1.57512e-16 1.30616e-17
9684.7 1.32868e-16 1.27715e-17
9688.91 1.4461e-16 1.34384e-17
9693.12 1.59578e-16 1.39388e-17
9697.32 1.51824e-16 1.37636e-17
9701.53 1.55673e-16 1.37775e-17
9705.74 1.59263e-16 1.35671e-17
9709.95 1.47363e-16 1.45e-17
9714.16 1.48718e-16 1.52817e-17
9718.36 1.69255e-16 1.51187e-17
9722.57 1.6657e-16 1.45301e-17
9726.78 1.39434e-16 1.32221e-17
9730.99 1.20712e-16 1.30773e-17
9735.19 1.29357e-16 1.33361e-17
9739.4 1.38296e-16 1.3311e-17
9743.61 1.66126e-16 1.30264e-17
9747.82 1.47253e-16 1.24021e-17
9752.03 1.43517e-16 1.22275e-17
9756.23 1.56407e-16 1.23182e-17
9760.44 1.43835e-16 1.23206e-17
9764.65 1.54563e-16 1.24561e-17
9768.86 1.34543e-16 1.27148e-17
9773.07 1.44675e-16 1.27659e-17
9777.27 1.09872e-16 1.39813e-17
9781.48 1.5321e-16 1.84072e-17
9785.69 1.23992e-16 1.97744e-17
9789.9 1.23425e-16 2.09305e-17
9794.1 1.29592e-16 1.99823e-17
9798.31 1.14928e-16 1.70516e-17
9802.52 1.38013e-16 1.61512e-17
9806.73 1.37718e-16 1.55526e-17
9810.94 1.02357e-16 1.47831e-17
9815.14 9.83395e-17 1.46467e-17
9819.35 1.2054e-16 1.45057e-17
9823.56 1.22031e-16 1.43057e-17
9827.77 9.38481e-17 1.42696e-17
9831.98 9.23839e-17 1.41524e-17
9836.18 1.29635e-16 1.51846e-17
9840.39 1.20211e-16 1.63623e-17
9844.6 8.96637e-17 1.64182e-17
9848.81 1.00267e-16 1.6591e-17
9853.01 1.09003e-16 1.59022e-17
9857.22 1.1616e-16 1.59045e-17
9861.43 1.22295e-16 1.92345e-17
9865.64 1.46713e-16 2.19301e-17
9869.85 1.01299e-16 2.18879e-17
9874.05 1.1521e-16 2.15747e-17
9878.26 1.00472e-16 1.7854e-17
9882.47 1.04004e-16 1.74804e-17
9886.68 8.63471e-17 1.84156e-17
9890.89 8.53042e-17 1.86793e-17
9895.09 9.63674e-17 1.88542e-17
9899.3 1.30756e-16 1.83398e-17
9903.51 1.17634e-16 2.08743e-17
9907.72 1.32974e-16 2.32309e-17
9911.92 1.18392e-16 2.36976e-17
9916.13 1.21056e-16 2.31235e-17
9920.34 1.02959e-16 1.95911e-17
9924.55 1.02145e-16 1.75625e-17
9928.76 9.21915e-17 1.79983e-17
9932.96 1.1899e-16 2.14918e-17
9937.17 1.58393e-16 2.49011e-17
9941.38 6.03956e-17 2.59619e-17
9945.59 5.98567e-17 2.69001e-17
9949.8 1.49896e-16 2.72908e-17
9954 9.61294e-17 2.64688e-17
9958.21 6.20785e-17 2.5876e-17
9962.42 9.5084e-17 2.42277e-17
9966.63 8.56077e-17 2.15731e-17
9970.83 1.32881e-16 2.02164e-17
9975.04 1.24318e-16 1.97515e-17
9979.25 1.2488e-16 1.9832e-17
