3339.92 1.50586e-18 1.49641e-17
3343.99 2.15404e-17 1.56658e-17
3348.07 1.237e-17 1.56785e-17
3352.14 2.50523e-17 1.64411e-17
3356.22 -8.39067e-18 1.62847e-17
3360.29 -4.17746e-17 1.66643e-17
3364.37 5.79868e-17 1.68757e-17
3368.44 3.96212e-17 1.70605e-17
3372.52 -3.10585e-17 1.69906e-17
3376.59 4.55722e-17 1.75242e-17
3380.67 6.35598e-18 1.73261e-17
3384.74 2.29273e-17 1.74823e-17
3388.82 5.68436e-17 1.7614e-17
3392.89 -2.28082e-17 1.74692e-17
3396.97 -1.50092e-17 1.75934e-17
3401.04 2.86418e-17 1.74245e-17
3405.12 4.40453e-17 1.75104e-17
3409.19 1.0295e-17 1.6899e-17
3413.27 2.10863e-17 1.66448e-17
3417.34 3.584e-17 1.6661e-17
3421.42 -6.47628e-18 1.61823e-17
3425.49 -4.08975e-18 1.55915e-17
3429.57 2.92695e-17 1.54459e-17
3433.64 6.33502e-17 1.5589e-17
3437.72 1.24292e-17 1.50155e-17
3441.79 4.40631e-17 1.49535e-17
3445.87 1.50957e-17 1.4694e-17
3449.94 -2.6503e-17 1.42389e-17
3454.02 3.99633e-17 1.39691e-17
3458.09 -9.11425e-18 1.34643e-17
3462.17 4.71882e-18 1.32432e-17
3466.24 2.27244e-17 1.34417e-17
3470.32 -1.23974e-17 1.31195e-17
3474.39 -1.27404e-17 1.28172e-17
3478.47 6.03724e-17 1.29447e-17
3482.54 3.70544e-17 1.23463e-17
3486.61 2.23636e-17 1.19522e-17
3490.69 1.80018e-17 1.17739e-17
3494.76 3.85713e-17 1.19097e-17
3498.84 8.40447e-18 1.11977e-17
3502.91 -3.7165e-18 1.1185e-17
3506.99 2.09944e-17 1.10524e-17
3511.06 2.58466e-17 1.09482e-17
3515.14 1.12219e-18 1.05572e-17
3519.21 3.64473e-17 1.07529e-17
3523.29 4.24108e-17 1.06886e-17
3527.36 1.74688e-17 1.04168e-17
3531.44 -1.23856e-17 1.04768e-17
3535.51 2.40802e-17 1.06215e-17
3539.59 1.19515e-17 1.0387e-17
3543.66 1.45546e-17 1.0133e-17
3547.74 2.08669e-17 1.02014e-17
3551.81 1.37072e-17 9.80278e-18
3555.89 1.26116e-17 9.5336e-18
3559.96 1.05046e-17 9.1158e-18
3564.04 3.72151e-18 8.89647e-18
3568.11 1.72747e-17 8.8257e-18
3572.19 1.19246e-17 8.61669e-18
3576.26 4.58608e-18 8.41055e-18
3580.34 1.94968e-17 8.41125e-18
3584.41 2.40099e-17 8.49511e-18
3588.49 2.66974e-17 8.62698e-18
3592.56 1.93567e-17 8.43068e-18
3596.64 2.60848e-17 8.33876e-18
3600.71 -3.10571e-18 7.89467e-18
3604.79 2.59231e-17 8.06768e-18
3608.86 1.18751e-17 7.8905e-18
3612.94 1.54824e-17 7.87098e-18
3617.01 7.95771e-18 7.87838e-18
3621.09 3.41131e-17 7.99743e-18
3625.16 7.97563e-18 7.7216e-18
3629.24 1.96345e-17 7.77384e-18
3633.31 2.70494e-17 7.82656e-18
3637.39 2.18398e-17 7.67852e-18
3641.46 4.24589e-17 7.53717e-18
3645.54 7.91097e-19 7.3464e-18
3649.61 3.23825e-17 7.36817e-18
3653.69 1.93207e-17 7.42135e-18
3657.76 7.06435e-18 7.34097e-18
3661.84 2.78085e-17 7.30139e-18
3665.91 1.47735e-17 7.19445e-18
3669.99 9.13786e-18 6.96235e-18
3674.06 -8.72699e-18 6.95227e-18
3678.14 1.27184e-19 6.77569e-18
3682.21 2.24358e-17 6.76782e-18
3686.29 1.76845e-17 6.71776e-18
3690.36 2.70367e-17 6.78726e-18
3694.44 5.29673e-18 6.86245e-18
3698.51 1.59925e-17 6.80211e-18
3702.59 1.37384e-17 6.62226e-18
3706.66 1.62093e-17 6.60645e-18
3710.74 1.15922e-18 6.53249e-18
3714.81 1.55475e-17 6.52751e-18
3718.89 -1.36525e-17 6.43697e-18
3722.96 8.55677e-18 6.34095e-18
3727.04 1.16178e-17 6.36181e-18
3731.11 6.81022e-18 6.2451e-18
3735.19 2.60748e-17 6.29428e-18
3739.26 1.04624e-18 6.16737e-18
3743.34 1.89307e-17 6.20321e-18
3747.41 1.66151e-17 6.12324e-18
3751.49 2.19158e-17 6.2788e-18
3755.56 8.3981e-18 6.06513e-18
3759.64 1.59583e-17 6.02058e-18
3763.71 2.26522e-18 5.8631e-18
3767.79 8.59202e-18 5.81668e-18
3771.86 2.47154e-17 6.01004e-18
3775.94 1.02144e-17 5.93482e-18
3780.01 -3.61719e-18 5.86085e-18
3784.09 1.8412e-17 5.91521e-18
3788.16 1.33399e-17 5.86199e-18
3792.24 3.41122e-17 5.85742e-18
3796.31 2.33313e-17 5.6524e-18
3800.39 2.37113e-17 5.57884e-18
3804.46 1.41906e-17 5.59624e-18
3808.54 1.60083e-17 5.59009e-18
3812.61 5.35489e-18 5.4259e-18
3816.69 3.19454e-18 5.36651e-18
3820.76 1.23388e-17 5.26739e-18
3824.84 1.34992e-17 5.21972e-18
3828.91 1.13374e-17 5.15773e-18
3832.99 2.13929e-17 5.26738e-18
3837.06 1.24741e-17 5.17863e-18
3841.14 1.39751e-17 5.21351e-18
3845.21 3.37399e-17 5.31505e-18
3849.29 2.37133e-17 5.24017e-18
3853.36 4.22691e-17 5.33423e-18
3857.44 2.5553e-17 5.13222e-18
3861.51 2.42346e-17 5.03574e-18
3865.59 3.32446e-17 5.07189e-18
3869.66 4.15462e-17 5.1713e-18
3873.74 2.45908e-17 5.03071e-18
3877.81 3.85471e-17 5.01299e-18
3881.89 2.81078e-17 4.96257e-18
3885.96 5.97237e-17 5.07742e-18
3890.04 4.07104e-17 4.97129e-18
3894.11 3.53019e-17 4.95877e-18
3898.19 4.17533e-17 5.05022e-18
3902.26 5.44436e-17 5.11398e-18
3906.34 4.28039e-17 5.09962e-18
3910.41 5.47136e-17 5.25977e-18
3914.49 4.32144e-17 5.16628e-18
3918.56 6.88015e-17 5.19048e-18
3922.64 5.31346e-17 5.0186e-18
3926.71 4.86743e-17 4.84722e-18
3930.79 5.95213e-17 4.70961e-18
3934.86 6.83686e-17 4.70335e-18
3938.94 6.59921e-17 4.7428e-18
3943.01 6.05768e-17 4.78994e-18
3947.09 5.59253e-17 4.90582e-18
3951.16 5.66127e-17 4.94464e-18
3955.24 7.41077e-17 5.0226e-18
3959.31 4.00538e-17 4.74775e-18
3963.39 5.23294e-17 4.67937e-18
3967.46 5.70309e-17 4.56884e-18
3971.53 5.75989e-17 4.49206e-18
3975.61 5.47952e-17 4.57924e-18
3979.68 7.31918e-17 4.86398e-18
3983.76 5.60232e-17 4.8823e-18
3987.83 4.20766e-17 5.48085e-18
3991.91 7.62652e-17 5.52357e-18
3995.98 3.45758e-17 4.68829e-18
4000.06 6.41751e-17 4.87652e-18
4004.13 5.97705e-17 4.84246e-18
4008.21 5.23055e-17 4.85063e-18
4012.28 4.62441e-17 4.83087e-18
4016.36 5.63678e-17 4.91096e-18
4020.43 4.70151e-17 4.82857e-18
4024.51 3.37413e-17 4.71131e-18
4028.58 4.71623e-17 4.80264e-18
4032.66 4.77869e-17 4.73655e-18
4036.73 4.36409e-17 4.62024e-18
4040.81 5.05143e-17 4.73219e-18
4044.88 5.31128e-17 4.73867e-18
4048.96 5.31391e-17 4.76924e-18
4053.03 5.64823e-17 4.78396e-18
4057.11 3.67876e-17 4.63415e-18
4061.18 4.41606e-17 4.68251e-18
4065.26 5.78011e-17 4.77067e-18
4069.33 4.31241e-17 4.6267e-18
4073.41 3.0517e-17 4.56698e-18
4077.48 6.35392e-17 4.78015e-18
4081.56 2.72116e-17 4.51353e-18
4085.63 4.82859e-17 4.67897e-18
4089.71 2.9453e-17 4.56675e-18
4093.78 4.53872e-17 4.70781e-18
4097.86 3.80986e-17 4.71234e-18
4101.93 3.96973e-17 4.49109e-18
4106.01 4.45166e-17 4.4148e-18
4110.08 3.61806e-17 4.43718e-18
4114.16 3.61291e-17 4.45327e-18
4118.23 3.585e-17 4.48185e-18
4122.31 3.03129e-17 4.48571e-18
4126.38 2.58609e-17 4.42599e-18
4130.46 4.51545e-17 4.5059e-18
4134.53 4.29361e-17 4.49777e-18
4138.61 3.93641e-17 4.48733e-18
4142.68 3.75033e-17 4.41958e-18
4146.76 3.2152e-17 4.43298e-18
4150.83 3.51998e-17 4.3768e-18
4154.91 4.76436e-17 4.47394e-18
4158.98 3.63099e-17 4.42429e-18
4163.06 3.66054e-17 4.4429e-18
4167.13 5.22055e-17 4.54424e-18
4171.21 4.34038e-17 4.51885e-18
4175.28 3.79968e-17 4.44922e-18
4179.36 3.92184e-17 4.40727e-18
4183.43 3.51687e-17 4.32463e-18
4187.51 3.98325e-17 4.3121e-18
4191.58 3.79698e-17 4.32814e-18
4195.66 4.49356e-17 4.36734e-18
4199.73 3.88969e-17 4.30459e-18
4203.81 4.53559e-17 4.31354e-18
4207.88 3.51375e-17 4.24826e-18
4211.96 3.10882e-17 4.26271e-18
4216.03 3.17469e-17 4.30375e-18
4220.11 3.8026e-17 4.32124e-18
4224.18 4.37614e-17 4.33137e-18
4228.26 4.53232e-17 4.27432e-18
4232.33 3.21798e-17 4.18299e-18
4236.41 3.16248e-17 4.17909e-18
4240.48 1.55038e-17 4.09586e-18
4244.56 3.80864e-17 4.24858e-18
4248.63 3.35964e-17 4.24208e-18
4252.71 3.87924e-17 4.24759e-18
4256.78 3.41664e-17 4.21637e-18
4260.86 2.5654e-17 4.14503e-18
4264.93 3.38556e-17 4.18146e-18
4269.01 3.46661e-17 4.18233e-18
4273.08 3.71931e-17 4.15224e-18
4277.16 4.15624e-17 4.17338e-18
4281.23 4.09704e-17 4.17138e-18
4285.31 3.25787e-17 4.1629e-18
4289.38 4.28322e-17 4.19732e-18
4293.46 3.78573e-17 4.12264e-18
4297.53 2.94762e-17 4.01212e-18
4301.61 4.2636e-17 4.08306e-18
4305.68 4.12937e-17 4.0325e-18
4309.76 4.00556e-17 3.99472e-18
4313.83 4.21043e-17 4.04206e-18
4317.91 3.15751e-17 4.09409e-18
4321.98 3.03696e-17 4.16207e-18
4326.06 2.97043e-17 4.17027e-18
4330.13 3.50647e-17 4.16892e-18
4334.21 2.94074e-17 4.11475e-18
4338.28 3.14885e-17 4.09733e-18
4342.36 3.24043e-17 4.11355e-18
4346.43 4.21223e-17 4.13328e-18
4350.51 3.53002e-17 4.10057e-18
4354.58 4.37165e-17 4.16208e-18
4358.66 5.13254e-17 4.24725e-18
4362.73 5.53096e-17 4.29417e-18
4366.81 4.28914e-17 4.27954e-18
4370.88 4.423e-17 4.21821e-18
4374.96 1.50642e-17 4.17622e-18
4379.03 2.28773e-17 4.22203e-18
4383.11 5.06503e-17 4.14202e-18
4387.18 5.59048e-17 4.22512e-18
4391.26 5.75942e-17 4.28029e-18
4395.33 7.31032e-17 4.38669e-18
4399.41 7.21765e-17 4.40393e-18
4403.48 5.77064e-17 4.31109e-18
4407.56 6.42862e-17 4.37369e-18
4411.63 7.70077e-17 4.46327e-18
4415.71 6.83129e-17 4.46082e-18
4419.78 7.44683e-17 4.48996e-18
4423.86 8.89659e-17 4.58051e-18
4427.93 8.11354e-17 4.52304e-18
4432.01 9.07395e-17 4.59058e-18
4436.08 7.95501e-17 4.5122e-18
4440.15 8.33656e-17 4.53561e-18
4444.23 8.57169e-17 4.58612e-18
4448.3 8.5304e-17 4.5537e-18
4452.38 9.06715e-17 4.57011e-18
4456.45 9.07407e-17 4.53329e-18
4460.53 8.5451e-17 4.4933e-18
4464.6 9.58977e-17 4.56065e-18
4468.68 9.61216e-17 4.5924e-18
4472.75 1.0055e-16 4.63408e-18
4476.83 9.49676e-17 4.59599e-18
4480.9 1.06309e-16 4.66071e-18
4484.98 1.10441e-16 4.70064e-18
4489.05 1.13585e-16 4.72349e-18
4493.13 1.06577e-16 4.68208e-18
4497.2 9.71415e-17 4.63604e-18
4501.28 1.11743e-16 4.73732e-18
4505.35 1.17803e-16 4.78912e-18
4509.43 1.07359e-16 4.72933e-18
4513.5 1.09951e-16 4.74911e-18
4517.58 1.11143e-16 4.75957e-18
4521.65 9.87947e-17 4.67951e-18
4525.73 1.01863e-16 4.69066e-18
4529.8 1.0919e-16 4.72565e-18
4533.88 1.08598e-16 4.6766e-18
4537.95 1.20163e-16 4.74993e-18
4542.03 1.07396e-16 4.69158e-18
4546.1 1.01453e-16 4.68082e-18
4550.18 1.14735e-16 4.74887e-18
4554.25 9.56146e-17 4.6167e-18
4558.33 1.12634e-16 4.71716e-18
4562.4 9.86201e-17 4.62033e-18
4566.48 1.14283e-16 4.70358e-18
4570.55 9.58578e-17 4.5636e-18
4574.63 9.45676e-17 4.64035e-18
4578.7 1.03693e-16 4.65401e-18
4582.78 1.02394e-16 4.70331e-18
4586.85 1.12204e-16 4.71439e-18
4590.93 1.02494e-16 4.64853e-18
4595 1.09042e-16 4.6606e-18
4599.08 1.07931e-16 4.66442e-18
4603.15 1.28853e-16 4.77794e-18
4607.23 1.24594e-16 4.76638e-18
4611.3 1.0787e-16 4.68724e-18
4615.38 1.10913e-16 4.74193e-18
4619.45 1.25127e-16 4.81126e-18
4623.53 1.25339e-16 4.79489e-18
4627.6 1.26692e-16 4.83268e-18
4631.68 1.41565e-16 4.91827e-18
4635.75 1.38853e-16 4.87422e-18
4639.83 1.35106e-16 4.84404e-18
4643.9 1.44881e-16 4.91758e-18
4647.98 1.49172e-16 4.93862e-18
4652.05 1.46123e-16 4.93025e-18
4656.13 1.59873e-16 5.01598e-18
4660.2 1.59114e-16 5.02891e-18
4664.28 1.61448e-16 5.04196e-18
4668.35 1.74151e-16 5.12532e-18
4672.43 1.74381e-16 5.12044e-18
4676.5 1.84979e-16 5.1906e-18
4680.58 1.96976e-16 5.27999e-18
4684.65 2.0155e-16 5.30422e-18
4688.73 1.92788e-16 5.23729e-18
4692.8 1.77115e-16 5.14461e-18
4696.88 1.92031e-16 5.22321e-18
4700.95 1.89665e-16 5.22321e-18
4705.03 1.73099e-16 5.13865e-18
4709.1 1.72977e-16 5.07109e-18
4713.18 1.85109e-16 5.17464e-18
4717.25 1.74763e-16 5.12587e-18
4721.33 1.56641e-16 5.02439e-18
4725.4 1.59422e-16 5.03017e-18
4729.48 1.67126e-16 5.05635e-18
4733.55 1.52842e-16 4.97241e-18
4737.63 1.40375e-16 4.89991e-18
4741.7 1.39166e-16 4.88472e-18
4745.78 1.39899e-16 4.89486e-18
4749.85 1.37107e-16 4.84845e-18
4753.93 1.22935e-16 4.75387e-18
4758 1.13654e-16 4.69641e-18
4762.08 1.18814e-16 4.71224e-18
4766.15 1.21816e-16 4.7658e-18
4770.23 1.03523e-16 4.65668e-18
4774.3 1.12375e-16 4.69012e-18
4778.38 1.13697e-16 4.73375e-18
4782.45 1.17887e-16 4.73011e-18
4786.53 1.07399e-16 4.69117e-18
4790.6 1.14427e-16 4.69946e-18
4794.68 1.05189e-16 4.68469e-18
4798.75 1.04709e-16 4.70758e-18
4802.83 1.06257e-16 4.6892e-18
4806.9 1.10494e-16 4.73454e-18
4810.98 1.21286e-16 4.79237e-18
4815.05 1.23188e-16 4.82098e-18
4819.13 1.2182e-16 4.84279e-18
4823.2 1.22191e-16 4.84443e-18
4827.28 1.23192e-16 4.86402e-18
4831.35 1.25759e-16 4.85594e-18
4835.43 1.23777e-16 4.84105e-18
4839.5 1.25963e-16 4.87754e-18
4843.58 1.20744e-16 4.8512e-18
4847.65 1.19636e-16 4.81073e-18
4851.73 1.41516e-16 4.91151e-18
4855.8 1.19642e-16 4.7382e-18
4859.88 1.20623e-16 4.70749e-18
4863.95 1.10158e-16 4.66482e-18
4868.03 1.07996e-16 4.61688e-18
4872.1 1.25562e-16 4.7945e-18
4876.18 1.13547e-16 4.7457e-18
4880.25 1.04505e-16 4.64447e-18
4884.33 1.21473e-16 4.75737e-18
4888.4 1.172e-16 4.76525e-18
4892.48 1.11474e-16 4.7053e-18
4896.55 1.1332e-16 4.73375e-18
4900.63 1.08113e-16 4.72467e-18
4904.7 1.00294e-16 4.66928e-18
4908.78 9.72836e-17 4.62756e-18
4912.85 1.09505e-16 4.69081e-18
4916.93 1.00759e-16 4.61598e-18
4921 9.01819e-17 4.53241e-18
4925.07 8.45826e-17 4.49496e-18
4929.15 7.65951e-17 4.46528e-18
4933.22 8.5083e-17 4.53567e-18
4937.3 9.24808e-17 4.57116e-18
4941.37 7.79099e-17 4.48043e-18
4945.45 7.1296e-17 4.4501e-18
4949.52 7.67856e-17 4.48381e-18
4953.6 8.15274e-17 4.489e-18
4957.67 8.29589e-17 4.50802e-18
4961.75 7.0294e-17 4.42902e-18
4965.82 8.28926e-17 4.48707e-18
4969.9 8.29063e-17 4.53173e-18
4973.97 7.35554e-17 4.46401e-18
4978.05 8.09324e-17 4.50812e-18
4982.12 7.8019e-17 4.50835e-18
4986.2 8.81342e-17 4.54324e-18
4990.27 9.1309e-17 4.60031e-18
4994.35 8.87614e-17 4.58121e-18
4998.42 8.81321e-17 4.56612e-18
5002.5 8.76593e-17 4.5565e-18
5006.57 9.05625e-17 4.555e-18
5010.65 1.02562e-16 4.64335e-18
5014.72 9.99136e-17 4.64139e-18
5018.8 9.22774e-17 4.57826e-18
5022.87 9.99207e-17 4.62382e-18
5026.95 9.72622e-17 4.64454e-18
5031.02 9.26415e-17 4.60896e-18
5035.1 1.09612e-16 4.69168e-18
5039.17 9.15303e-17 4.58125e-18
5043.25 9.50499e-17 4.57691e-18
5047.32 8.62561e-17 4.57879e-18
5051.4 9.22258e-17 4.5954e-18
5055.47 9.61297e-17 4.59012e-18
5059.55 9.46607e-17 4.57704e-18
5063.62 9.70991e-17 4.63743e-18
5067.7 9.37901e-17 4.59559e-18
5071.77 9.04528e-17 4.55616e-18
5075.85 7.92012e-17 4.48068e-18
5079.92 7.93804e-17 4.40195e-18
5084 7.88876e-17 4.4508e-18
5088.07 8.45488e-17 4.51659e-18
5092.15 8.83635e-17 4.55692e-18
5096.22 7.80856e-17 4.47535e-18
5100.3 7.41699e-17 4.47046e-18
5104.37 7.9331e-17 4.44797e-18
5108.45 8.00703e-17 4.46172e-18
5112.52 8.23673e-17 4.47479e-18
5116.6 7.97026e-17 4.4726e-18
5120.67 8.31652e-17 4.4786e-18
5124.75 9.08421e-17 4.54919e-18
5128.82 8.94995e-17 4.53131e-18
5132.9 8.71186e-17 4.52439e-18
5136.97 8.67438e-17 4.57057e-18
5141.05 9.01164e-17 4.57071e-18
5145.12 9.17272e-17 4.59414e-18
5149.2 9.55082e-17 4.62752e-18
5153.27 9.69664e-17 4.683e-18
5157.35 1.02354e-16 4.67608e-18
5161.42 1.04004e-16 4.63938e-18
5165.5 1.15572e-16 4.69909e-18
5169.57 1.16674e-16 4.72438e-18
5173.65 1.18568e-16 4.73553e-18
5177.72 1.26896e-16 4.78308e-18
5181.8 1.21438e-16 4.78084e-18
5185.87 1.27883e-16 4.83732e-18
5189.95 1.49262e-16 4.98266e-18
5194.02 1.56196e-16 5.06679e-18
5198.1 1.51453e-16 5.09935e-18
5202.17 1.60064e-16 5.13704e-18
5206.25 1.58709e-16 5.10851e-18
5210.32 1.63806e-16 5.14045e-18
5214.4 1.75912e-16 5.20258e-18
5218.47 1.77747e-16 5.24661e-18
5222.55 1.76775e-16 5.20481e-18
5226.62 1.79623e-16 5.24943e-18
5230.7 1.78925e-16 5.234e-18
5234.77 1.76093e-16 5.25932e-18
5238.85 1.87267e-16 5.34319e-18
5242.92 1.82536e-16 5.27698e-18
5247 1.93484e-16 5.32062e-18
5251.07 2.05177e-16 5.40133e-18
5255.15 2.00203e-16 5.38854e-18
5259.22 1.93509e-16 5.34356e-18
5263.3 1.98688e-16 5.36222e-18
5267.37 2.08848e-16 5.40691e-18
5271.45 2.10558e-16 5.44117e-18
5275.52 2.13223e-16 5.42749e-18
5279.6 2.07841e-16 5.43967e-18
5283.67 2.04752e-16 5.47133e-18
5287.75 2.27439e-16 5.56788e-18
5291.82 2.24638e-16 5.55831e-18
5295.9 2.22149e-16 5.55145e-18
5299.97 2.26633e-16 5.59606e-18
5304.05 2.26401e-16 5.59771e-18
5308.12 2.30782e-16 5.62648e-18
5312.2 2.30994e-16 5.64046e-18
5316.27 2.35361e-16 5.67551e-18
5320.35 2.44315e-16 5.71524e-18
5324.42 2.37666e-16 5.7014e-18
5328.5 2.39933e-16 5.69583e-18
5332.57 2.55403e-16 5.76917e-18
5336.65 2.42474e-16 5.69447e-18
5340.72 2.48215e-16 5.73142e-18
5344.8 2.45446e-16 5.71578e-18
5348.87 2.5457e-16 5.76186e-18
5352.95 2.53541e-16 5.80719e-18
5357.02 2.37552e-16 5.70035e-18
5361.1 2.53875e-16 5.78516e-18
5365.17 2.58578e-16 5.80728e-18
5369.25 2.68448e-16 5.89349e-18
5373.32 2.71611e-16 5.86358e-18
5377.4 2.49923e-16 5.81242e-18
5381.47 2.47261e-16 5.79364e-18
5385.55 2.39986e-16 5.76089e-18
5389.62 2.64999e-16 5.882e-18
5393.69 2.62209e-16 5.87338e-18
5397.77 2.65027e-16 5.88209e-18
5401.84 2.65568e-16 5.87565e-18
5405.92 2.62416e-16 5.85777e-18
5409.99 2.60722e-16 5.82846e-18
5414.07 2.51682e-16 5.79225e-18
5418.14 2.57801e-16 5.82198e-18
5422.22 2.47268e-16 5.76494e-18
5426.29 2.39099e-16 5.72303e-18
5430.37 2.33694e-16 5.66541e-18
5434.44 2.43253e-16 5.75733e-18
5438.52 2.39686e-16 5.75347e-18
5442.59 2.40541e-16 5.75158e-18
5446.67 2.39042e-16 5.77333e-18
5450.74 2.12018e-16 5.61969e-18
5454.82 2.37004e-16 5.72702e-18
5458.89 2.41188e-16 5.77104e-18
5462.97 2.25257e-16 5.6784e-18
5467.04 2.34176e-16 5.72872e-18
5471.12 2.45213e-16 5.786e-18
5475.19 2.3681e-16 5.77525e-18
5479.27 2.48288e-16 5.78609e-18
5483.34 2.51525e-16 5.96005e-18
5487.42 2.43709e-16 5.92259e-18
5491.49 2.58369e-16 5.89143e-18
5495.57 2.73312e-16 5.99694e-18
5499.64 2.78537e-16 6.04029e-18
5503.72 2.68931e-16 6.00526e-18
5507.79 2.73458e-16 6.02493e-18
5511.87 3.01178e-16 6.18082e-18
5515.94 3.08799e-16 7.13934e-18
5520.02 3.27169e-16 7.52638e-18
5524.09 3.15265e-16 6.72281e-18
5528.17 3.32867e-16 6.37872e-18
5532.24 3.39219e-16 6.42361e-18
5536.32 3.36727e-16 6.39707e-18
5540.39 3.55477e-16 6.52337e-18
5544.47 3.37877e-16 6.45493e-18
5548.54 3.49319e-16 6.51935e-18
5552.62 3.42574e-16 6.4514e-18
5556.69 3.49207e-16 6.50935e-18
5560.77 3.61607e-16 6.57227e-18
5564.84 3.559e-16 6.53612e-18
5568.92 3.61167e-16 7.52824e-18
5572.99 3.56033e-16 8.4385e-18
5577.07 3.63083e-16 8.62711e-18
5581.14 3.71452e-16 8.59358e-18
5585.22 3.55889e-16 7.69606e-18
5589.29 3.51252e-16 6.61841e-18
5593.37 3.52164e-16 6.53504e-18
5597.44 3.35855e-16 6.44588e-18
5601.52 3.46919e-16 6.52617e-18
5605.59 3.46454e-16 6.53012e-18
5609.67 3.51667e-16 6.54885e-18
5613.74 3.65838e-16 6.64728e-18
5617.82 3.41582e-16 6.49625e-18
5621.89 3.56776e-16 6.56806e-18
5625.97 3.51877e-16 6.53569e-18
5630.04 3.37165e-16 6.45047e-18
5634.12 3.56175e-16 6.55981e-18
5638.19 3.51217e-16 6.51516e-18
5642.27 3.37339e-16 6.46669e-18
5646.34 3.54106e-16 6.58653e-18
5650.42 3.39283e-16 6.49804e-18
5654.49 3.45989e-16 6.50222e-18
5658.57 3.64138e-16 6.60699e-18
5662.64 3.69253e-16 6.64093e-18
5666.72 3.68312e-16 6.63149e-18
5670.79 3.64081e-16 6.624e-18
5674.87 3.65838e-16 6.65212e-18
5678.94 3.73719e-16 6.68553e-18
5683.02 3.94077e-16 6.78143e-18
5687.09 3.92037e-16 6.80626e-18
5691.17 3.94843e-16 6.83006e-18
5695.24 4.35288e-16 7.00771e-18
5699.32 4.13917e-16 6.91543e-18
5703.39 4.15404e-16 6.92296e-18
5707.47 4.12297e-16 6.90287e-18
5711.54 4.10424e-16 6.91133e-18
5715.62 4.30085e-16 6.96942e-18
5719.69 4.10648e-16 6.89857e-18
5723.77 4.02966e-16 6.88178e-18
5727.84 4.14103e-16 6.92919e-18
5731.92 4.11597e-16 6.87795e-18
5735.99 4.06765e-16 6.85626e-18
5740.07 4.01106e-16 6.87458e-18
5744.14 4.0139e-16 6.87569e-18
5748.22 3.90289e-16 6.812e-18
5752.29 3.77379e-16 6.71955e-18
5756.37 3.88491e-16 6.75964e-18
5760.44 3.92358e-16 6.80471e-18
5764.52 3.79726e-16 6.7599e-18
5768.59 3.75594e-16 6.68122e-18
5772.67 3.58664e-16 6.61446e-18
5776.74 3.5257e-16 6.58006e-18
5780.82 3.46446e-16 6.54241e-18
5784.89 3.46285e-16 6.53943e-18
5788.97 3.38084e-16 6.49713e-18
5793.04 3.34335e-16 6.50993e-18
5797.12 3.3026e-16 6.49071e-18
5801.19 3.4441e-16 6.53444e-18
5805.27 3.3716e-16 6.4947e-18
5809.34 3.26997e-16 6.44769e-18
5813.42 3.27448e-16 6.46154e-18
5817.49 3.25271e-16 6.4708e-18
5821.57 3.40337e-16 6.54003e-18
5825.64 3.31088e-16 6.50475e-18
5829.72 3.32525e-16 6.52486e-18
5833.79 3.35989e-16 6.52537e-18
5837.87 3.27077e-16 6.47381e-18
5841.94 3.50085e-16 6.6022e-18
5846.02 3.37354e-16 6.51757e-18
5850.09 3.34787e-16 6.50923e-18
5854.17 3.39653e-16 6.52735e-18
5858.24 3.35175e-16 6.51829e-18
5862.32 3.14402e-16 6.45755e-18
5866.39 3.12066e-16 6.49235e-18
5870.47 3.15186e-16 6.50944e-18
5874.54 3.07432e-16 6.43706e-18
5878.61 3.26301e-16 6.51585e-18
5882.69 3.31211e-16 6.69086e-18
5886.76 3.08838e-16 6.80902e-18
5890.84 2.99425e-16 6.88637e-18
5894.91 2.9571e-16 6.83158e-18
5898.99 3.10883e-16 6.73683e-18
5903.06 3.18281e-16 6.56697e-18
5907.14 3.03528e-16 6.43017e-18
5911.21 3.12309e-16 6.44431e-18
5915.29 3.10739e-16 6.45988e-18
5919.36 3.09422e-16 6.43783e-18
5923.44 3.1575e-16 6.47052e-18
5927.51 2.96312e-16 6.40454e-18
5931.59 2.86019e-16 6.35445e-18
5935.66 2.88646e-16 6.32344e-18
5939.74 3.01356e-16 6.31437e-18
5943.81 2.45552e-16 6.28621e-18
5947.89 2.25308e-16 6.23989e-18
5951.96 2.70124e-16 6.19453e-18
5956.04 2.59375e-16 6.14201e-18
5960.11 2.68702e-16 6.20076e-18
5964.19 2.58541e-16 6.10254e-18
5968.26 2.62382e-16 6.12194e-18
5972.34 2.69342e-16 6.20655e-18
5976.41 2.58861e-16 6.1389e-18
5980.49 2.59461e-16 6.1275e-18
5984.56 2.65838e-16 6.11648e-18
5988.64 2.69714e-16 6.09876e-18
5992.71 2.55256e-16 6.07866e-18
5996.79 2.62988e-16 6.12193e-18
6000.86 2.74544e-16 6.16116e-18
6004.94 2.79647e-16 6.21854e-18
6009.01 2.75561e-16 6.16423e-18
6013.09 2.59728e-16 6.03786e-18
6017.16 2.60347e-16 6.0817e-18
6021.24 2.57944e-16 6.06471e-18
6025.31 2.54471e-16 6.04612e-18
6029.39 2.58005e-16 6.07947e-18
6033.46 2.69858e-16 6.13163e-18
6037.54 2.5967e-16 6.05961e-18
6041.61 2.7522e-16 6.14884e-18
6045.69 2.7674e-16 6.13163e-18
6049.76 2.62121e-16 6.06131e-18
6053.84 2.7806e-16 6.16455e-18
6057.91 2.70234e-16 6.10102e-18
6061.99 2.47362e-16 6.01191e-18
6066.06 2.54153e-16 6.02824e-18
6070.14 2.52476e-16 6.00578e-18
6074.21 2.57375e-16 6.01304e-18
6078.29 2.61041e-16 6.05001e-18
6082.36 2.69044e-16 6.07891e-18
6086.44 2.60537e-16 6.05874e-18
6090.51 2.68197e-16 6.05659e-18
6094.59 2.4667e-16 5.9654e-18
6098.66 2.59726e-16 5.99861e-18
6102.74 2.46324e-16 5.9395e-18
6106.81 2.5966e-16 6.02398e-18
6110.89 2.49926e-16 5.99654e-18
6114.96 2.55267e-16 6.00148e-18
6119.04 2.54782e-16 5.96509e-18
6123.11 2.45526e-16 5.89045e-18
6127.19 2.52328e-16 5.95986e-18
6131.26 2.5871e-16 6.00441e-18
6135.34 2.47788e-16 5.93615e-18
6139.41 2.4482e-16 5.94778e-18
6143.49 2.4386e-16 5.97804e-18
6147.56 2.38102e-16 5.92717e-18
6151.64 2.45882e-16 5.96572e-18
6155.71 2.31951e-16 5.90656e-18
6159.79 2.37751e-16 5.86998e-18
6163.86 2.35063e-16 5.88644e-18
6167.94 2.17352e-16 5.80474e-18
6172.01 1.95898e-16 5.68239e-18
6176.09 2.02907e-16 5.71187e-18
6180.16 1.97337e-16 5.67227e-18
6184.24 1.8788e-16 5.58615e-18
6188.31 1.87118e-16 5.54963e-18
6192.39 1.78036e-16 5.47678e-18
6196.46 1.67322e-16 5.45756e-18
6200.54 1.72432e-16 5.46963e-18
6204.61 1.54746e-16 5.39675e-18
6208.69 1.54282e-16 5.39322e-18
6212.76 1.63248e-16 5.4002e-18
6216.84 1.5773e-16 5.34017e-18
6220.91 1.43866e-16 5.30182e-18
6224.99 1.48033e-16 5.2796e-18
6229.06 1.32781e-16 5.27865e-18
6233.14 1.16858e-16 5.24463e-18
6237.21 1.23137e-16 5.32166e-18
6241.29 1.14995e-16 5.27475e-18
6245.36 1.09788e-16 5.15746e-18
6249.44 1.24786e-16 5.207e-18
6253.51 1.26744e-16 5.21787e-18
6257.59 1.0815e-16 5.16835e-18
6261.66 1.05187e-16 5.15149e-18
6265.74 1.01101e-16 5.08685e-18
6269.81 1.16183e-16 5.12017e-18
6273.89 1.06261e-16 5.00851e-18
6277.96 1.06791e-16 5.009e-18
6282.04 4.51162e-17 5.01956e-18
6286.11 7.09064e-17 5.03132e-18
6290.19 1.03369e-16 5.18822e-18
6294.26 1.15889e-16 5.91455e-18
6298.34 1.12531e-16 6.39543e-18
6302.41 1.17802e-16 6.45952e-18
6306.49 1.23952e-16 6.35642e-18
6310.56 1.2166e-16 5.76145e-18
6314.64 1.30365e-16 5.28634e-18
6318.71 1.30655e-16 5.25982e-18
6322.79 1.10583e-16 5.25323e-18
6326.86 1.44001e-16 5.4048e-18
6330.94 1.60602e-16 5.46463e-18
6335.01 1.48148e-16 5.41294e-18
6339.09 1.59287e-16 5.43968e-18
6343.16 1.71974e-16 5.4394e-18
6347.23 1.77074e-16 5.51781e-18
6351.31 1.83936e-16 5.62114e-18
6355.39 1.86906e-16 5.72777e-18
6359.46 1.86918e-16 5.92405e-18
6363.53 1.9472e-16 6.05122e-18
6367.61 1.90152e-16 6.04864e-18
6371.68 1.98203e-16 5.97292e-18
6375.76 1.92393e-16 5.66231e-18
6379.83 1.98892e-16 5.67512e-18
6383.91 2.14793e-16 5.754e-18
6387.98 1.88811e-16 5.66151e-18
6392.06 2.02993e-16 5.68717e-18
6396.13 2.08213e-16 5.727e-18
6400.21 2.02182e-16 5.70434e-18
6404.28 2.06018e-16 5.71391e-18
6408.36 2.3032e-16 5.81342e-18
6412.43 2.34479e-16 5.87158e-18
6416.51 2.21276e-16 5.82138e-18
6420.58 2.19536e-16 5.8098e-18
6424.66 2.32504e-16 5.88465e-18
6428.73 2.34915e-16 5.88919e-18
6432.81 2.29186e-16 5.84654e-18
6436.88 2.44189e-16 5.91725e-18
6440.96 2.5072e-16 5.9553e-18
6445.03 2.37121e-16 5.88077e-18
6449.11 2.34036e-16 5.87396e-18
6453.18 2.45512e-16 5.98147e-18
6457.26 2.57554e-16 6.07724e-18
6461.33 2.66111e-16 6.14634e-18
6465.41 2.5719e-16 6.16882e-18
6469.48 2.56637e-16 6.16159e-18
6473.56 2.69356e-16 6.19314e-18
6477.63 2.7082e-16 6.15696e-18
6481.71 2.60533e-16 6.0487e-18
6485.78 2.81988e-16 6.18153e-18
6489.86 2.65915e-16 6.06822e-18
6493.93 2.69717e-16 6.18471e-18
6498.01 2.8768e-16 6.37939e-18
6502.08 2.78202e-16 6.33605e-18
6506.16 2.86437e-16 6.3571e-18
6510.23 2.88985e-16 6.34225e-18
6514.31 3.05295e-16 6.37794e-18
6518.38 3.10831e-16 6.3632e-18
6522.46 2.99713e-16 6.3286e-18
6526.53 3.18242e-16 6.47633e-18
6530.61 3.27148e-16 6.56524e-18
6534.68 3.38686e-16 6.60829e-18
6538.76 3.46492e-16 6.70933e-18
6542.83 3.46757e-16 6.62097e-18
6546.91 3.46749e-16 6.68143e-18
6550.98 3.43879e-16 6.70599e-18
6555.06 3.51457e-16 6.73131e-18
6559.13 3.57386e-16 6.77589e-18
6563.21 3.58636e-16 6.73459e-18
6567.28 3.5233e-16 6.63585e-18
6571.36 3.5791e-16 6.70648e-18
6575.43 3.54006e-16 6.72326e-18
6579.51 3.33174e-16 6.63117e-18
6583.58 3.46244e-16 6.67147e-18
6587.66 3.46839e-16 6.62797e-18
6591.73 3.50548e-16 6.62664e-18
6595.81 3.301e-16 6.53389e-18
6599.88 3.4197e-16 6.61356e-18
6603.96 3.59177e-16 6.71608e-18
6608.03 3.61472e-16 6.68868e-18
6612.11 3.46809e-16 6.61816e-18
6616.18 3.55132e-16 6.65958e-18
6620.26 3.68586e-16 6.74126e-18
6624.33 3.52585e-16 6.65421e-18
6628.41 3.48125e-16 6.62164e-18
6632.48 3.637e-16 6.71527e-18
6636.56 3.45868e-16 6.64155e-18
6640.63 3.38413e-16 6.56297e-18
6644.71 3.30557e-16 6.54972e-18
6648.78 3.30366e-16 6.52186e-18
6652.86 3.49506e-16 6.61367e-18
6656.93 3.20968e-16 6.49156e-18
6661.01 3.36676e-16 6.58657e-18
6665.08 3.31007e-16 6.58185e-18
6669.16 3.30753e-16 6.55037e-18
6673.23 3.49437e-16 6.62349e-18
6677.31 3.23717e-16 6.50755e-18
6681.38 3.11135e-16 6.44166e-18
6685.46 3.25388e-16 6.52039e-18
6689.53 3.09757e-16 6.45692e-18
6693.61 3.19865e-16 6.4889e-18
6697.68 3.12368e-16 6.49546e-18
6701.76 3.33371e-16 6.55823e-18
6705.83 3.16435e-16 6.47929e-18
6709.91 3.16573e-16 6.4951e-18
6713.98 3.23176e-16 6.49773e-18
6718.06 3.37608e-16 6.60439e-18
6722.13 3.51431e-16 6.66844e-18
6722.57 3.28605e-16 2.84275e-18
6726.78 3.32627e-16 2.86221e-18
6730.99 3.36e-16 2.86784e-18
6735.2 3.27183e-16 2.84282e-18
6739.41 3.25021e-16 2.82953e-18
6743.62 3.25546e-16 2.83713e-18
6747.83 3.27552e-16 2.83293e-18
6752.04 3.17998e-16 2.80196e-18
6756.25 3.16988e-16 2.79734e-18
6760.46 3.15909e-16 2.79125e-18
6764.67 3.06383e-16 2.76453e-18
6768.87 3.00021e-16 2.74563e-18
6773.08 2.95239e-16 2.73043e-18
6777.29 3.02131e-16 2.74745e-18
6781.5 2.97701e-16 2.72649e-18
6785.71 2.90565e-16 2.69156e-18
6789.92 2.95211e-16 2.70647e-18
6794.13 2.90779e-16 2.69731e-18
6798.34 2.88511e-16 2.68929e-18
6802.55 2.8445e-16 2.66802e-18
6806.76 2.96173e-16 2.70864e-18
6810.97 2.86577e-16 2.67774e-18
6815.18 2.85277e-16 2.68837e-18
6819.38 2.8975e-16 2.76149e-18
6823.59 2.89042e-16 2.81663e-18
6827.8 2.92533e-16 2.85144e-18
6832.01 2.8408e-16 2.81456e-18
6836.22 2.95259e-16 2.78541e-18
6840.43 2.94449e-16 2.74359e-18
6844.64 2.89378e-16 2.69699e-18
6848.85 2.99271e-16 2.7174e-18
6853.06 2.95373e-16 2.75536e-18
6857.27 2.94284e-16 2.78139e-18
6861.48 2.93587e-16 2.73338e-18
6865.68 2.7469e-16 2.61383e-18
6869.89 2.5795e-16 2.44693e-18
6874.1 2.71475e-16 2.45178e-18
6878.31 2.88299e-16 2.53616e-18
6882.52 2.87735e-16 2.55301e-18
6886.73 2.85053e-16 2.55531e-18
6890.94 2.7109e-16 2.52784e-18
6895.15 2.69816e-16 2.51915e-18
6899.36 2.71832e-16 2.54098e-18
6903.57 2.72131e-16 2.55919e-18
6907.78 2.66313e-16 2.54959e-18
6911.98 2.61764e-16 2.58357e-18
6916.19 2.61292e-16 2.60015e-18
6920.4 2.51554e-16 2.57217e-18
6924.61 2.45906e-16 2.54136e-18
6928.82 2.43347e-16 2.50545e-18
6933.03 2.39634e-16 2.48453e-18
6937.24 2.38209e-16 2.51524e-18
6941.45 2.3494e-16 2.53579e-18
6945.66 2.31338e-16 2.52097e-18
6949.87 2.26822e-16 2.49045e-18
6954.08 2.23907e-16 2.44254e-18
6958.28 2.2899e-16 2.43224e-18
6962.49 2.29652e-16 2.46983e-18
6966.7 2.3113e-16 2.49265e-18
6970.91 2.35652e-16 2.52911e-18
6975.12 2.31609e-16 2.51083e-18
6979.33 2.35797e-16 2.51721e-18
6983.54 2.33963e-16 2.48102e-18
6987.75 2.29653e-16 2.44562e-18
6991.96 2.40026e-16 2.47819e-18
6996.17 2.37692e-16 2.48766e-18
7000.38 2.36188e-16 2.4849e-18
7004.59 2.36071e-16 2.49461e-18
7008.79 2.39453e-16 2.49963e-18
7013 2.44435e-16 2.50378e-18
7017.21 2.45731e-16 2.49561e-18
7021.42 2.48329e-16 2.50781e-18
7025.63 2.54203e-16 2.53303e-18
7029.84 2.58685e-16 2.54593e-18
7034.05 2.62007e-16 2.57212e-18
7038.26 2.57093e-16 2.57233e-18
7042.47 2.65205e-16 2.60623e-18
7046.68 2.58815e-16 2.59362e-18
7050.89 2.66219e-16 2.61114e-18
7055.09 2.72717e-16 2.62683e-18
7059.3 2.71444e-16 2.61976e-18
7063.51 2.69901e-16 2.62388e-18
7067.72 2.69454e-16 2.62272e-18
7071.93 2.72775e-16 2.6312e-18
7076.14 2.69128e-16 2.62679e-18
7080.35 2.74216e-16 2.64448e-18
7084.56 2.70923e-16 2.63669e-18
7088.77 2.57608e-16 2.59236e-18
7092.98 2.61848e-16 2.59778e-18
7097.19 2.6264e-16 2.59871e-18
7101.39 2.57738e-16 2.58292e-18
7105.6 2.59029e-16 2.586e-18
7109.81 2.55324e-16 2.57664e-18
7114.02 2.49752e-16 2.55406e-18
7118.23 2.43619e-16 2.52766e-18
7122.44 2.3679e-16 2.50812e-18
7126.65 2.28144e-16 2.46911e-18
7130.86 2.33255e-16 2.49301e-18
7135.07 2.24381e-16 2.46794e-18
7139.28 2.31067e-16 2.49632e-18
7143.49 2.18141e-16 2.44178e-18
7147.69 2.01854e-16 2.37958e-18
7151.9 2.01964e-16 2.36938e-18
7156.11 2.00857e-16 2.36408e-18
7160.32 2.01843e-16 2.35106e-18
7164.53 1.99404e-16 2.32997e-18
7168.74 1.92396e-16 2.26795e-18
7172.95 1.85313e-16 2.23118e-18
7177.16 1.8264e-16 2.19957e-18
7181.37 1.82897e-16 2.18891e-18
7185.58 1.81118e-16 2.17438e-18
7189.79 1.83846e-16 2.1814e-18
7193.99 1.88216e-16 2.1934e-18
7198.2 1.89698e-16 2.21576e-18
7202.41 1.81603e-16 2.18942e-18
7206.62 1.90933e-16 2.2426e-18
7210.83 1.86125e-16 2.25128e-18
7215.04 1.85517e-16 2.26841e-18
7219.25 1.88162e-16 2.29056e-18
7223.46 1.89734e-16 2.285e-18
7227.67 1.82693e-16 2.31285e-18
7231.88 1.82328e-16 2.44045e-18
7236.09 1.78039e-16 2.55169e-18
7240.3 1.80459e-16 2.56905e-18
7244.5 1.76346e-16 2.49609e-18
7248.71 1.74031e-16 2.36697e-18
7252.92 1.7074e-16 2.24506e-18
7257.13 1.68167e-16 2.21325e-18
7261.34 1.73059e-16 2.21958e-18
7265.55 1.70019e-16 2.34588e-18
7269.76 1.69947e-16 2.47225e-18
7273.97 1.72675e-16 2.53593e-18
7278.18 1.73442e-16 2.5264e-18
7282.39 1.70426e-16 2.38472e-18
7286.6 1.7957e-16 2.35721e-18
7290.8 1.65541e-16 2.24891e-18
7295.01 1.79692e-16 2.31702e-18
7299.22 1.78263e-16 2.31638e-18
7303.43 1.81987e-16 2.36577e-18
7307.64 1.90066e-16 2.50397e-18
7311.85 1.90729e-16 2.52255e-18
7316.06 1.93692e-16 2.53661e-18
7320.27 1.97988e-16 2.5204e-18
7324.48 2.03481e-16 2.46224e-18
7328.69 1.94835e-16 2.50912e-18
7332.9 2.02202e-16 2.64892e-18
7337.1 2.06953e-16 2.64163e-18
7341.31 2.10114e-16 2.63595e-18
7345.52 2.12805e-16 2.56814e-18
7349.73 2.0465e-16 2.46894e-18
7353.94 2.08503e-16 2.49425e-18
7358.15 2.11033e-16 2.55863e-18
7362.36 2.00302e-16 2.58912e-18
7366.57 2.0463e-16 2.5893e-18
7370.78 2.08725e-16 2.56465e-18
7374.99 2.02495e-16 2.43402e-18
7379.2 2.00282e-16 2.38145e-18
7383.4 1.9636e-16 2.39344e-18
7387.61 1.94679e-16 2.41292e-18
7391.82 1.93551e-16 2.46888e-18
7396.03 1.96944e-16 2.49118e-18
7400.24 2.02397e-16 2.48929e-18
7404.45 1.98933e-16 2.44897e-18
7408.66 1.92607e-16 2.36412e-18
7412.87 1.89677e-16 2.32519e-18
7417.08 1.86503e-16 2.31917e-18
7421.29 1.91487e-16 2.35011e-18
7425.5 1.93439e-16 2.38679e-18
7429.71 1.98629e-16 2.43775e-18
7433.91 1.97007e-16 2.4266e-18
7438.12 1.9088e-16 2.38997e-18
7442.33 1.91938e-16 2.36599e-18
7446.54 1.92522e-16 2.3315e-18
7450.75 1.94138e-16 2.34355e-18
7454.96 1.97868e-16 2.38554e-18
7459.17 1.92715e-16 2.38883e-18
7463.38 1.8692e-16 2.39939e-18
7467.59 1.87984e-16 2.43989e-18
7471.8 1.8699e-16 2.45234e-18
7476.01 1.84081e-16 2.44816e-18
7480.21 1.8434e-16 2.41388e-18
7484.42 1.85193e-16 2.38598e-18
7488.63 1.81545e-16 2.34337e-18
7492.84 1.70965e-16 2.26257e-18
7497.05 1.63474e-16 2.21487e-18
7501.26 1.54873e-16 2.17551e-18
7505.47 1.47981e-16 2.13963e-18
7509.68 1.42251e-16 2.14799e-18
7513.89 1.39403e-16 2.23212e-18
7518.1 1.30186e-16 2.266e-18
7522.31 1.18228e-16 2.24155e-18
7526.51 1.12907e-16 2.16947e-18
7530.72 1.00796e-16 2.02188e-18
7534.93 9.24268e-17 1.9226e-18
7539.14 8.94073e-17 1.86428e-18
7543.35 8.45789e-17 1.83137e-18
7547.56 8.13141e-17 1.83661e-18
7551.77 7.6067e-17 1.82427e-18
7555.98 6.91127e-17 1.79138e-18
7560.19 6.41589e-17 1.81543e-18
7564.4 6.46468e-17 1.86615e-18
7568.61 6.21906e-17 1.85071e-18
7572.81 5.2243e-17 1.78596e-18
7577.02 4.90523e-17 1.71877e-18
7581.23 5.18117e-17 1.66754e-18
7585.44 4.98883e-17 1.63705e-18
7589.65 5.03832e-17 1.57618e-18
7593.86 4.96571e-17 1.46224e-18
7598.07 4.25638e-17 1.32091e-18
7602.28 3.4981e-17 1.2273e-18
7606.49 5.42917e-17 1.28929e-18
7610.7 6.39398e-17 1.38758e-18
7614.91 5.50558e-17 1.44797e-18
7619.12 6.59999e-17 1.55131e-18
7623.32 6.5006e-17 1.53324e-18
7627.53 6.23038e-17 1.4813e-18
7631.74 6.3875e-17 1.47624e-18
7635.95 6.11824e-17 1.45544e-18
7640.16 6.64522e-17 1.49606e-18
7644.37 6.62542e-17 1.54703e-18
7648.58 6.77135e-17 1.60898e-18
7652.79 7.44038e-17 1.6973e-18
7657 8.07439e-17 1.77577e-18
7661.21 8.78134e-17 1.81924e-18
7665.42 8.48389e-17 1.80908e-18
7669.62 9.13127e-17 1.84221e-18
7673.83 9.85331e-17 1.891e-18
7678.04 1.0278e-16 1.94998e-18
7682.25 1.07064e-16 1.99036e-18
7686.46 1.15403e-16 2.04309e-18
7690.67 1.24816e-16 2.11662e-18
7694.88 1.27293e-16 2.13133e-18
7699.09 1.40579e-16 2.24367e-18
7703.3 1.48316e-16 2.46938e-18
7707.51 1.44618e-16 2.63776e-18
7711.72 1.55466e-16 2.74871e-18
7715.92 1.60058e-16 2.73954e-18
7720.13 1.68147e-16 2.61999e-18
7724.34 1.84547e-16 2.52062e-18
7728.55 1.9687e-16 2.51924e-18
7732.76 2.08748e-16 2.53402e-18
7736.97 2.10343e-16 2.6066e-18
7741.18 2.16311e-16 2.81798e-18
7745.39 2.27529e-16 2.95697e-18
7749.6 2.20351e-16 2.97333e-18
7753.81 2.28685e-16 2.93912e-18
7758.02 2.40504e-16 2.83428e-18
7762.22 2.51586e-16 2.8283e-18
7766.43 2.46153e-16 2.80413e-18
7770.64 2.57369e-16 2.8584e-18
7774.85 2.5566e-16 2.85305e-18
7779.06 2.62513e-16 2.87659e-18
7783.27 2.55613e-16 2.93538e-18
7787.48 2.6645e-16 3.03189e-18
7791.69 2.68969e-16 3.04058e-18
7795.9 2.75314e-16 3.0529e-18
7800.11 2.73085e-16 2.97813e-18
7804.32 2.68834e-16 3.00483e-18
7808.52 2.73348e-16 3.42641e-18
7812.73 2.79921e-16 3.57604e-18
7816.94 2.7547e-16 3.14813e-18
7821.15 2.65955e-16 3.09835e-18
7825.36 2.737e-16 3.0224e-18
7829.57 2.75672e-16 2.92693e-18
7833.78 2.78072e-16 2.96585e-18
7837.99 2.84309e-16 3.02434e-18
7842.2 2.78576e-16 3.14677e-18
7846.41 2.72093e-16 3.25113e-18
7850.62 2.89084e-16 3.36101e-18
7854.83 2.79231e-16 4.48977e-18
7859.03 2.84224e-16 3.63677e-18
7863.24 2.78592e-16 3.18832e-18
7867.45 2.72455e-16 3.13619e-18
7871.66 2.68724e-16 3.12112e-18
7875.87 2.67812e-16 3.08144e-18
7880.08 2.74568e-16 3.13201e-18
7884.29 2.77945e-16 3.13038e-18
7888.5 2.79614e-16 3.08478e-18
7892.71 2.70895e-16 3.00465e-18
7896.92 2.6913e-16 2.91522e-18
7901.13 2.67485e-16 3.03383e-18
7905.33 2.62223e-16 3.25921e-18
7909.54 2.49247e-16 3.33695e-18
7913.75 2.43474e-16 3.384e-18
7917.96 2.39508e-16 3.22625e-18
7922.17 2.31885e-16 3.04492e-18
7926.38 2.24246e-16 2.92288e-18
7930.59 2.08691e-16 2.80423e-18
7934.8 2.0126e-16 2.73868e-18
7939.01 1.99822e-16 2.72234e-18
7943.22 1.92694e-16 2.71591e-18
7947.43 1.91404e-16 2.70454e-18
7951.63 1.81939e-16 2.72787e-18
7955.84 1.7437e-16 2.83647e-18
7960.05 1.75577e-16 2.87655e-18
7964.26 1.66005e-16 2.85697e-18
7968.47 1.62359e-16 2.77849e-18
7972.68 1.54159e-16 2.64432e-18
7976.89 1.43831e-16 2.58688e-18
7981.1 1.47522e-16 2.71399e-18
7985.31 1.50894e-16 2.8327e-18
7989.52 1.38496e-16 2.79117e-18
7993.73 1.35283e-16 2.75032e-18
7997.93 1.25426e-16 2.5089e-18
8002.14 1.2494e-16 2.36872e-18
8006.35 1.21756e-16 2.39431e-18
8010.56 1.20144e-16 2.42407e-18
8014.77 1.14984e-16 2.54832e-18
8018.98 1.11013e-16 2.59707e-18
8023.19 1.01559e-16 2.52624e-18
8027.4 9.59556e-17 2.43603e-18
8031.61 8.95085e-17 2.24044e-18
8035.82 8.02751e-17 2.0653e-18
8040.03 7.60527e-17 2.0571e-18
8044.24 7.04997e-17 2.08044e-18
8048.44 6.91013e-17 2.10711e-18
8052.65 6.33718e-17 2.1606e-18
8056.86 5.16405e-17 2.09985e-18
8061.07 5.39815e-17 2.07069e-18
8065.28 5.20797e-17 2.00031e-18
8069.49 4.19708e-17 1.83849e-18
8073.7 4.37498e-17 1.82918e-18
8077.91 3.91866e-17 1.80555e-18
8082.12 3.28119e-17 1.77018e-18
8086.33 3.2712e-17 1.79197e-18
8090.54 3.13513e-17 1.80407e-18
8094.74 3.21282e-17 1.83598e-18
8098.95 3.04088e-17 1.83059e-18
8103.16 2.35838e-17 1.75886e-18
8107.37 2.01933e-17 1.69239e-18
8111.58 2.30556e-17 1.67582e-18
8115.79 2.56863e-17 1.66207e-18
8120 2.29871e-17 1.66138e-18
8124.21 1.8307e-17 1.63842e-18
8128.42 2.50989e-17 1.69786e-18
8132.63 2.15733e-17 1.68517e-18
8136.84 1.7142e-17 1.67548e-18
8141.04 2.02795e-17 1.68617e-18
8145.25 2.54384e-17 1.69967e-18
8149.46 2.301e-17 1.66382e-18
8153.67 2.48222e-17 1.65582e-18
8157.88 2.40099e-17 1.64455e-18
8162.09 2.7063e-17 1.66353e-18
8166.3 3.13439e-17 1.70321e-18
8170.51 3.32842e-17 1.71637e-18
8174.72 3.08716e-17 1.70742e-18
8178.93 2.99896e-17 1.7002e-18
8183.14 2.14753e-17 1.66837e-18
8187.34 2.54792e-17 1.69996e-18
8191.55 2.48615e-17 1.69652e-18
8195.76 2.98575e-17 1.73647e-18
8199.97 2.81851e-17 1.74077e-18
8204.18 2.0183e-17 1.68225e-18
8208.39 2.32352e-17 1.70639e-18
8212.6 2.61116e-17 1.7236e-18
8216.81 2.96305e-17 1.72629e-18
8221.02 2.50844e-17 1.67139e-18
8225.23 2.52241e-17 1.64897e-18
8229.44 2.0504e-17 1.62357e-18
8233.65 2.15946e-17 1.67338e-18
8237.85 2.13569e-17 1.69853e-18
8242.06 2.17037e-17 1.72072e-18
8246.27 1.9904e-17 1.70119e-18
8250.48 1.79539e-17 1.67519e-18
8254.69 2.7493e-17 1.75138e-18
8258.9 1.92207e-17 1.69033e-18
8263.11 2.00033e-17 1.70427e-18
8267.32 2.15753e-17 1.83529e-18
8271.53 2.23454e-17 2.05109e-18
8275.74 2.10436e-17 2.29321e-18
8279.95 2.79071e-17 2.51623e-18
8284.15 2.05333e-17 2.50916e-18
8288.36 1.81388e-17 2.59266e-18
8292.57 2.70867e-17 2.55917e-18
8296.78 1.92232e-17 2.39437e-18
8300.99 1.81028e-17 2.28899e-18
8305.2 2.1556e-17 2.06104e-18
8309.41 2.06034e-17 1.90535e-18
8313.62 2.17081e-17 1.87561e-18
8317.83 2.11969e-17 1.77477e-18
8322.04 2.19322e-17 1.75381e-18
8326.25 2.66085e-17 1.76784e-18
8330.45 2.17442e-17 1.99377e-18
8334.66 2.15706e-17 2.58014e-18
8338.87 2.95127e-17 2.98534e-18
8343.08 2.76771e-17 3.122e-18
8347.29 2.43251e-17 2.93949e-18
8351.5 2.58302e-17 2.45499e-18
8355.71 2.94978e-17 2.27415e-18
8359.92 2.83916e-17 2.07695e-18
8364.13 3.08826e-17 2.02523e-18
8368.34 3.10462e-17 2.0214e-18
8372.55 3.18255e-17 2.10047e-18
8376.75 3.38287e-17 2.18735e-18
8380.96 3.18245e-17 2.17745e-18
8385.17 3.4226e-17 2.27193e-18
8389.38 4.0172e-17 2.63851e-18
8393.59 3.81146e-17 2.75914e-18
8397.8 2.89095e-17 2.69819e-18
8402.01 3.70415e-17 2.57572e-18
8406.22 3.78582e-17 2.31934e-18
8410.43 3.96989e-17 2.30872e-18
8414.64 3.88294e-17 2.34556e-18
8418.85 4.41795e-17 2.67056e-18
8423.06 5.09703e-17 2.90779e-18
8427.26 3.79652e-17 2.87369e-18
8431.47 3.91368e-17 2.7806e-18
8435.68 4.19877e-17 2.31527e-18
8439.89 4.30234e-17 2.13582e-18
8444.1 4.33402e-17 2.3055e-18
8448.31 4.86828e-17 2.34258e-18
8452.52 4.91439e-17 2.51732e-18
8456.73 5.50706e-17 2.74836e-18
8460.94 5.38527e-17 2.76686e-18
8465.15 5.57655e-17 2.8051e-18
8469.36 5.51456e-17 2.51899e-18
8473.56 5.44756e-17 2.19476e-18
8477.77 6.17588e-17 2.15018e-18
8481.98 6.45292e-17 2.2654e-18
8486.19 6.1112e-17 2.34093e-18
8490.4 6.20343e-17 2.40501e-18
8494.61 7.04396e-17 2.62242e-18
8498.82 7.91174e-17 2.7053e-18
8503.03 8.06225e-17 2.68074e-18
8507.24 8.11115e-17 2.59476e-18
8511.45 8.71835e-17 2.43564e-18
8515.66 9.01356e-17 2.37235e-18
8519.86 8.93773e-17 2.38373e-18
8524.07 9.43414e-17 2.41458e-18
8528.28 9.34432e-17 2.44222e-18
8532.49 9.51161e-17 2.49014e-18
8536.7 1.08352e-16 2.61624e-18
8540.91 1.1258e-16 2.72287e-18
8545.12 1.11878e-16 2.71088e-18
8549.33 1.20107e-16 2.73828e-18
8553.54 1.36205e-16 2.74088e-18
8557.75 1.29765e-16 2.64666e-18
8561.96 1.35966e-16 2.68834e-18
8566.16 1.411e-16 2.72548e-18
8570.37 1.35895e-16 2.69966e-18
8574.58 1.38348e-16 2.71982e-18
8578.79 1.47655e-16 2.80847e-18
8583 1.5223e-16 2.84323e-18
8587.21 1.67499e-16 2.9588e-18
8591.42 1.77525e-16 3.02929e-18
8595.63 1.68473e-16 2.9561e-18
8599.84 1.81765e-16 3.0331e-18
8604.05 1.81858e-16 3.01737e-18
8608.26 1.77556e-16 3.06498e-18
8612.47 1.89712e-16 3.21662e-18
8616.67 1.96118e-16 3.36156e-18
8620.88 1.91673e-16 3.44543e-18
8625.09 2.06651e-16 3.53874e-18
8629.3 2.04933e-16 3.52919e-18
8633.51 2.1249e-16 3.47895e-18
8637.72 2.27571e-16 3.49383e-18
8641.93 2.29962e-16 3.51398e-18
8646.14 2.31474e-16 3.57799e-18
8650.35 2.35214e-16 3.67888e-18
8654.56 2.33423e-16 3.70693e-18
8658.77 2.34974e-16 3.70788e-18
8662.97 2.5193e-16 3.73247e-18
8667.18 2.5121e-16 3.6765e-18
8671.39 2.63014e-16 3.67355e-18
8675.6 2.77608e-16 3.68948e-18
8679.81 2.82291e-16 3.66725e-18
8684.02 2.82645e-16 3.62902e-18
8688.23 2.83586e-16 3.6259e-18
8692.44 2.88029e-16 3.6343e-18
8696.65 2.83469e-16 3.60777e-18
8700.86 2.87959e-16 3.64691e-18
8705.07 2.90572e-16 3.64863e-18
8709.27 2.90455e-16 3.64607e-18
8713.48 3.01368e-16 3.69757e-18
8717.69 3.10997e-16 3.73152e-18
8721.9 3.1158e-16 3.74084e-18
8726.11 3.07102e-16 3.73408e-18
8730.32 3.05661e-16 3.71651e-18
8734.53 2.99566e-16 3.69838e-18
8738.74 2.93857e-16 3.69184e-18
8742.95 2.94457e-16 3.6871e-18
8747.16 2.92607e-16 3.79978e-18
8751.37 2.98654e-16 4.11037e-18
8755.57 2.94611e-16 4.38019e-18
8759.78 2.86872e-16 4.65521e-18
8763.99 2.79548e-16 4.62071e-18
8768.2 2.71186e-16 4.69281e-18
8772.41 2.63068e-16 4.47613e-18
8776.62 2.61429e-16 4.27405e-18
8780.83 2.53424e-16 4.15997e-18
8785.04 2.38182e-16 3.79165e-18
8789.25 2.42374e-16 3.68982e-18
8793.46 2.47442e-16 3.66177e-18
8797.67 2.35576e-16 3.50038e-18
8801.87 2.35586e-16 3.46356e-18
8806.08 2.36237e-16 3.48774e-18
8810.29 2.3985e-16 3.48131e-18
8814.5 2.29657e-16 3.9545e-18
8818.71 2.26888e-16 4.52568e-18
8822.92 2.0982e-16 4.74969e-18
8827.13 1.85757e-16 4.845e-18
8831.34 1.75259e-16 4.40747e-18
8835.55 1.82334e-16 3.88598e-18
8839.76 1.93175e-16 3.76596e-18
8843.97 1.95236e-16 3.56619e-18
8848.18 1.98853e-16 3.52127e-18
8852.38 1.98391e-16 3.50108e-18
8856.59 1.91186e-16 3.58219e-18
8860.8 1.91388e-16 3.73093e-18
8865.01 1.96322e-16 3.70958e-18
8869.22 1.97313e-16 3.67882e-18
8873.43 2.02345e-16 3.82211e-18
8877.64 2.01608e-16 4.29498e-18
8881.85 2.04183e-16 4.37187e-18
8886.06 1.99281e-16 4.31557e-18
8890.27 2.06752e-16 4.0544e-18
8894.48 2.02823e-16 3.83845e-18
8898.68 2.07355e-16 3.90055e-18
8902.89 2.06689e-16 3.90812e-18
8907.1 2.00743e-16 4.0315e-18
8911.31 2.0538e-16 4.47865e-18
8915.52 1.89746e-16 4.46625e-18
8919.73 1.97316e-16 4.522e-18
8923.94 2.03352e-16 4.0837e-18
8928.15 2.08364e-16 3.61637e-18
8932.36 2.07875e-16 3.73349e-18
8936.57 2.04676e-16 3.83773e-18
8940.78 2.10809e-16 3.87709e-18
8944.98 2.09094e-16 4.01233e-18
8949.19 2.07428e-16 4.24347e-18
8953.4 2.10676e-16 4.28461e-18
8957.61 2.38346e-16 4.41179e-18
8961.82 2.38912e-16 4.09265e-18
8966.03 2.15114e-16 3.56801e-18
8970.24 2.14788e-16 3.47014e-18
8974.45 2.18288e-16 3.54433e-18
8978.66 2.18265e-16 3.65005e-18
8982.87 2.05527e-16 3.63369e-18
8987.08 1.96656e-16 3.66117e-18
8991.28 2.21027e-16 3.91673e-18
8995.49 2.20356e-16 3.97595e-18
8999.7 2.16175e-16 3.93331e-18
9003.91 2.22369e-16 3.85366e-18
9008.12 2.15178e-16 3.56304e-18
9012.33 2.08693e-16 3.45703e-18
9016.54 2.01127e-16 3.41997e-18
9020.75 2.002e-16 3.41961e-18
9024.96 2.00767e-16 3.46739e-18
9029.17 1.86004e-16 3.52662e-18
9033.38 1.72611e-16 3.50996e-18
9037.59 1.74455e-16 3.62485e-18
9041.79 1.70087e-16 3.71101e-18
9046 1.51335e-16 3.58084e-18
9050.21 1.43061e-16 3.526e-18
9054.42 1.46014e-16 3.36967e-18
9058.63 1.35641e-16 3.22563e-18
9062.84 1.31078e-16 3.14627e-18
9067.05 1.26239e-16 3.103e-18
9071.26 1.18976e-16 3.01287e-18
9075.47 1.14145e-16 3.00125e-18
9079.68 1.11664e-16 2.99703e-18
9083.89 1.08215e-16 3.02617e-18
9088.09 1.08517e-16 3.05834e-18
9092.3 1.03443e-16 3.14232e-18
9096.51 1.04562e-16 3.13304e-18
9100.72 9.90829e-17 3.09528e-18
9104.93 9.35646e-17 3.05651e-18
9109.14 9.23837e-17 2.98166e-18
9113.35 9.7516e-17 2.94749e-18
9117.56 1.01479e-16 2.99603e-18
9121.77 9.81843e-17 2.97928e-18
9125.98 9.70304e-17 2.94916e-18
9130.19 9.30999e-17 2.94522e-18
9134.39 8.76718e-17 2.93089e-18
9138.6 9.1994e-17 2.98483e-18
9142.81 9.27518e-17 3.01953e-18
9147.02 9.4692e-17 3.06066e-18
9151.23 9.31454e-17 3.12589e-18
9155.44 9.65634e-17 3.15646e-18
9159.65 1.06761e-16 3.18271e-18
9163.86 1.09109e-16 3.19467e-18
9168.07 9.1694e-17 3.04172e-18
9172.28 9.74233e-17 3.06168e-18
9176.49 9.58192e-17 3.06753e-18
9180.69 1.10971e-16 3.21518e-18
9184.9 1.1406e-16 3.24032e-18
9189.11 1.14826e-16 3.2895e-18
9193.32 1.18553e-16 3.34545e-18
9197.53 1.13146e-16 3.31056e-18
9201.74 1.17133e-16 3.37286e-18
9205.95 1.23746e-16 3.42104e-18
9210.16 1.24184e-16 3.46115e-18
9214.37 1.27631e-16 3.54095e-18
9218.58 1.33186e-16 3.61804e-18
9222.79 1.35126e-16 3.59861e-18
9227 1.38612e-16 3.61662e-18
9231.2 1.46998e-16 3.65717e-18
9235.41 1.49196e-16 3.66303e-18
9239.62 1.49452e-16 3.69966e-18
9243.83 1.47349e-16 3.66368e-18
9248.04 1.52305e-16 3.72816e-18
9252.25 1.54818e-16 3.76112e-18
9256.46 1.52632e-16 3.75905e-18
9260.67 1.62223e-16 3.83629e-18
9264.88 1.59692e-16 3.82886e-18
9269.09 1.72054e-16 3.85734e-18
9273.3 1.73499e-16 3.85162e-18
9277.5 1.61871e-16 3.79755e-18
9281.71 1.71216e-16 3.86166e-18
9285.92 1.6482e-16 3.84414e-18
9290.13 1.60294e-16 3.81244e-18
9294.34 1.72016e-16 4.09506e-18
9298.55 1.64584e-16 4.67997e-18
9302.76 1.82569e-16 5.3848e-18
9306.97 1.8262e-16 5.70219e-18
9311.18 1.89094e-16 5.62047e-18
9315.39 1.55339e-16 5.42763e-18
9319.6 1.81589e-16 4.80294e-18
9323.8 2.03707e-16 4.67007e-18
9328.01 2.07161e-16 4.34114e-18
9332.22 2.03771e-16 3.92298e-18
9336.43 1.68539e-16 3.7269e-18
9340.64 1.85563e-16 3.7317e-18
9344.85 1.88732e-16 3.58166e-18
9349.06 2.11282e-16 3.67529e-18
9353.27 2.27558e-16 3.74677e-18
9357.48 2.04791e-16 3.69347e-18
9361.69 2.07456e-16 4.18688e-18
9365.9 2.16219e-16 5.54494e-18
9370.1 2.12459e-16 6.11857e-18
9374.31 2.21617e-16 6.25648e-18
9378.52 2.06502e-16 5.70695e-18
9382.73 1.96308e-16 4.49517e-18
9386.94 2.14421e-16 4.18411e-18
9391.15 2.05989e-16 4.39037e-18
9395.36 1.87638e-16 4.49156e-18
9399.57 1.92195e-16 4.48496e-18
9403.78 1.7828e-16 4.4082e-18
9407.99 1.90609e-16 4.51005e-18
9412.2 1.75824e-16 4.7563e-18
9416.4 1.85374e-16 4.80589e-18
9420.61 2.03822e-16 4.7572e-18
9424.82 1.8576e-16 4.52773e-18
9429.03 1.92203e-16 5.07379e-18
9433.24 2.1157e-16 5.60212e-18
9437.45 1.78464e-16 5.59031e-18
9441.66 2.05902e-16 5.59718e-18
9445.87 2.1153e-16 4.87983e-18
9450.08 2.16776e-16 5.14762e-18
9454.29 1.22239e-16 4.98578e-18
9458.5 1.24826e-16 4.90805e-18
9462.71 1.91125e-16 4.834e-18
9466.91 1.9906e-16 5.47873e-18
9471.12 1.93684e-16 5.72966e-18
9475.33 1.75042e-16 5.74457e-18
9479.54 1.86332e-16 5.44125e-18
9483.75 1.76457e-16 4.67131e-18
9487.96 2.06547e-16 4.57207e-18
9492.17 1.98992e-16 4.89341e-18
9496.38 1.65497e-16 4.91491e-18
9500.59 1.5623e-16 4.97898e-18
9504.8 1.96867e-16 5.16988e-18
9509.01 2.11719e-16 5.18388e-18
9513.21 1.82281e-16 5.05864e-18
9517.42 1.817e-16 5.03021e-18
9521.63 1.76038e-16 4.92181e-18
9525.84 1.68456e-16 4.6691e-18
9530.05 1.90112e-16 4.721e-18
9534.26 1.97004e-16 4.79948e-18
9538.47 1.86778e-16 4.78108e-18
9542.68 1.73284e-16 5.02203e-18
9546.89 1.65263e-16 5.0683e-18
9551.1 1.57857e-16 5.16462e-18
9555.31 1.78452e-16 5.52802e-18
9559.51 1.78864e-16 5.78763e-18
9563.72 1.9133e-16 5.84794e-18
9567.93 2.00349e-16 5.89017e-18
9572.14 1.99832e-16 5.40486e-18
9576.35 1.75571e-16 4.95504e-18
9580.56 1.70436e-16 4.84264e-18
9584.77 1.82309e-16 4.92517e-18
9588.98 1.7808e-16 4.88332e-18
9593.19 1.55362e-16 4.79795e-18
9597.4 1.79477e-16 5.13475e-18
9601.61 1.81359e-16 5.29742e-18
9605.81 1.81579e-16 5.41056e-18
9610.02 1.763e-16 5.53249e-18
9614.23 1.72462e-16 5.50248e-18
9618.44 1.73008e-16 5.5319e-18
9622.65 1.76009e-16 5.50902e-18
9626.86 1.81957e-16 5.40306e-18
9631.07 1.90696e-16 5.33553e-18
9635.28 1.68091e-16 5.2854e-18
9639.49 1.7236e-16 5.29085e-18
9643.7 1.78062e-16 5.37865e-18
9647.91 1.77905e-16 5.49898e-18
9652.12 1.75216e-16 5.49044e-18
9656.32 1.54655e-16 5.6275e-18
9660.53 1.71697e-16 5.90358e-18
9664.74 1.64997e-16 5.9818e-18
9668.95 1.85405e-16 6.34987e-18
9673.16 1.98988e-16 6.67761e-18
9677.37 1.78354e-16 6.53268e-18
9681.58 1.87921e-16 6.66138e-18
9685.79 1.83353e-16 6.65048e-18
9690 1.51389e-16 6.73261e-18
9694.21 1.57902e-16 6.83277e-18
9698.42 1.79631e-16 6.8951e-18
9702.62 1.60199e-16 6.71522e-18
9706.83 1.67446e-16 6.81115e-18
9711.04 1.95788e-16 7.38877e-18
9715.25 1.75115e-16 7.22983e-18
9719.46 1.63214e-16 7.14217e-18
9723.67 1.77189e-16 6.8506e-18
9727.88 1.42993e-16 6.43177e-18
9732.09 1.40364e-16 6.44574e-18
9736.3 1.6625e-16 6.67213e-18
9740.51 1.61124e-16 6.49856e-18
9744.72 1.58177e-16 6.26194e-18
9748.92 1.64531e-16 6.25156e-18
9753.13 1.57451e-16 6.06541e-18
9757.34 1.43765e-16 5.97487e-18
9761.55 1.39046e-16 6.06674e-18
9765.76 1.45515e-16 6.15779e-18
9769.97 1.54936e-16 6.27233e-18
9774.18 1.48163e-16 6.37488e-18
9778.39 1.46808e-16 7.11324e-18
9782.6 1.4711e-16 8.02144e-18
9786.81 1.29136e-16 8.26023e-18
9791.02 1.17712e-16 8.42992e-18
9795.22 1.19695e-16 7.78671e-18
9799.43 1.35427e-16 7.35624e-18
9803.64 1.34071e-16 7.18037e-18
9807.85 1.19491e-16 6.92816e-18
9812.06 1.15431e-16 6.79955e-18
9816.27 1.13193e-16 6.71119e-18
9820.48 1.18955e-16 6.62507e-18
9824.69 1.1211e-16 6.47558e-18
9828.9 1.14801e-16 6.63603e-18
9833.11 1.04008e-16 6.53436e-18
9837.32 1.13117e-16 7.02253e-18
9841.52 1.12385e-16 7.29962e-18
9845.73 1.04179e-16 7.40109e-18
9849.94 1.11889e-16 7.2787e-18
9854.15 1.08828e-16 6.96462e-18
9858.36 1.14677e-16 7.60099e-18
9862.57 1.20959e-16 8.7564e-18
9866.78 1.14036e-16 9.19364e-18
9870.99 1.08399e-16 9.17731e-18
9875.2 1.22524e-16 8.5491e-18
9879.41 1.1241e-16 7.7038e-18
9883.62 7.57462e-17 7.73521e-18
9887.83 9.60442e-17 8.10945e-18
9892.03 1.03232e-16 8.2698e-18
9896.24 8.43831e-17 7.98747e-18
9900.45 8.80583e-17 8.21533e-18
9904.66 9.9271e-17 9.37112e-18
9908.87 8.98888e-17 9.81627e-18
9913.08 1.02766e-16 9.9654e-18
9917.29 8.22977e-17 9.13204e-18
9921.5 1.02689e-16 8.13212e-18
9925.71 4.0257e-18 8.06349e-18
9929.92 -9.72542e-17 1.02386e-17
9934.13 7.58378e-17 1.0228e-17
9938.33 1.10221e-16 1.14565e-17
9942.54 8.62049e-17 1.17518e-17
9946.75 8.95731e-17 1.19854e-17
9950.96 7.3845e-17 1.17615e-17
9955.17 9.11268e-17 1.15707e-17
9959.38 1.1943e-16 1.1331e-17
9963.59 7.21151e-17 1.03575e-17
9967.8 7.42976e-17 9.53911e-18
9972.01 8.8593e-17 9.31212e-18
9976.22 8.80913e-17 9.3629e-18
9980.43 8.92883e-17 9.47767e-18
