3639.64 8.28301e-18 6.12198e-18
3645.16 5.73098e-18 5.93296e-18
3650.67 7.68041e-18 5.85085e-18
3656.19 5.18734e-18 5.73704e-18
3661.7 3.96936e-18 5.6084e-18
3667.22 7.39078e-18 5.4631e-18
3672.73 6.83328e-18 5.38853e-18
3678.25 6.26795e-18 5.29325e-18
3683.76 4.14577e-18 5.24627e-18
3689.28 5.08099e-18 5.34815e-18
3694.8 5.78123e-18 5.34759e-18
3700.31 -3.6292e-18 9.77027e-18
3705.83 3.71732e-18 5.28857e-18
3711.34 1.34616e-18 5.06594e-18
3716.86 -1.88662e-18 5.21619e-18
3722.37 5.2428e-18 5.07361e-18
3727.89 5.75129e-19 5.09328e-18
3733.4 1.20761e-18 5.13564e-18
3738.92 2.59405e-18 5.05782e-18
3744.43 3.66548e-18 4.93364e-18
3749.95 2.97902e-18 4.73413e-18
3755.47 2.22568e-18 4.52978e-18
3760.98 4.46336e-19 4.45353e-18
3766.5 3.84978e-18 4.42346e-18
3772.01 2.27048e-18 4.32962e-18
3777.53 9.98888e-19 4.29255e-18
3783.04 1.32625e-18 4.29595e-18
3788.56 3.49959e-19 4.23062e-18
3794.07 1.37912e-18 4.15682e-18
3799.59 6.18376e-19 4.09018e-18
3805.11 -3.87971e-19 4.34856e-18
3810.62 2.33979e-18 3.99964e-18
3816.14 3.7054e-18 4.07239e-18
3821.65 3.55667e-18 4.12261e-18
3827.17 2.52576e-18 4.12489e-18
3832.68 3.44524e-18 4.15267e-18
3838.2 2.79146e-18 4.04468e-18
3843.71 1.96179e-18 3.91475e-18
3849.23 4.08302e-18 3.8581e-18
3854.75 2.99121e-18 3.72526e-18
3860.26 2.91019e-18 3.61866e-18
3865.78 3.88932e-18 3.55841e-18
3871.29 5.26514e-18 3.98063e-18
3876.81 5.72917e-18 4.06409e-18
3882.32 5.5314e-18 3.67666e-18
3887.84 7.20043e-18 3.49842e-18
3893.35 7.11607e-18 3.4886e-18
3898.87 8.0372e-18 3.59757e-18
3904.39 7.57954e-18 3.65968e-18
3909.9 8.64161e-18 3.725e-18
3915.42 9.19892e-18 3.69802e-18
3920.93 1.01165e-17 3.63654e-18
3926.45 1.19316e-17 3.58584e-18
3931.96 1.13194e-17 3.51363e-18
3937.48 1.30191e-17 3.58495e-18
3942.99 1.34749e-17 3.63171e-18
3948.51 1.49654e-17 3.64934e-18
3954.03 1.52417e-17 3.60031e-18
3959.54 1.64892e-17 3.53614e-18
3965.06 1.64821e-17 3.47942e-18
3970.57 1.68646e-17 3.46262e-18
3976.09 1.64844e-17 3.47691e-18
3981.6 1.70201e-17 3.47089e-18
3987.12 1.59678e-17 3.4488e-18
3992.63 1.73973e-17 3.41568e-18
3998.15 1.77866e-17 3.4175e-18
4003.67 1.68991e-17 3.40616e-18
4009.18 1.79838e-17 3.45154e-18
4014.7 1.83622e-17 3.46986e-18
4020.21 1.91218e-17 3.47046e-18
4025.73 2.14171e-17 3.43287e-18
4031.24 2.19019e-17 3.42203e-18
4036.76 2.25447e-17 3.41464e-18
4042.27 9.92258e-18 4.8014e-18
4047.79 2.39679e-17 3.46254e-18
4053.3 2.44698e-17 3.46591e-18
4058.82 2.51793e-17 3.46717e-18
4064.34 2.2911e-17 3.43789e-18
4069.85 2.20514e-17 3.42053e-18
4075.37 2.16761e-17 3.39261e-18
4080.88 1.95685e-17 3.2871e-18
4086.4 1.97861e-17 3.23831e-18
4091.91 1.63538e-17 3.13877e-18
4097.43 1.54903e-17 3.06506e-18
4102.94 1.58502e-17 3.03081e-18
4108.46 1.39964e-17 2.9538e-18
4113.98 1.33045e-17 2.92886e-18
4119.49 1.59838e-17 2.96941e-18
4125.01 1.49846e-17 2.96771e-18
4130.52 1.50235e-17 2.94786e-18
4136.04 1.64657e-17 2.97922e-18
4141.55 1.60328e-17 2.9346e-18
4147.07 1.49714e-17 2.93102e-18
4152.58 1.68706e-17 2.92841e-18
4158.1 1.55488e-17 2.93288e-18
4163.62 2.01326e-17 3.02085e-18
4169.13 1.84765e-17 3.03885e-18
4174.65 1.8004e-17 2.99344e-18
4180.16 1.78249e-17 2.95184e-18
4185.68 1.75886e-17 2.8906e-18
4191.19 1.65931e-17 2.85041e-18
4196.71 1.74599e-17 2.8156e-18
4202.22 1.63743e-17 2.76965e-18
4207.74 1.69035e-17 2.75831e-18
4213.26 1.57834e-17 2.73836e-18
4218.77 1.4407e-17 2.68776e-18
4224.29 1.58474e-17 2.67945e-18
4229.8 1.64925e-17 2.66764e-18
4235.32 1.66101e-17 2.65485e-18
4240.83 1.38433e-17 2.61265e-18
4246.35 1.44283e-17 2.62947e-18
4251.86 1.50699e-17 2.63578e-18
4257.38 1.71115e-17 2.68228e-18
4262.9 1.60125e-17 2.64625e-18
4268.41 1.53527e-17 2.65283e-18
4273.93 1.72919e-17 2.66202e-18
4279.44 1.5454e-17 2.64349e-18
4284.96 1.61212e-17 2.62584e-18
4290.47 1.697e-17 2.59172e-18
4295.99 1.70375e-17 2.59528e-18
4301.5 1.59887e-17 2.57096e-18
4307.02 1.61959e-17 2.56603e-18
4312.54 1.31293e-17 2.5503e-18
4318.05 1.4567e-17 2.57487e-18
4323.57 1.55346e-17 2.59612e-18
4329.08 1.4962e-17 2.55974e-18
4334.6 1.59377e-17 2.53412e-18
4340.11 1.55724e-17 2.51389e-18
4345.63 1.60093e-17 2.51889e-18
4351.14 1.55956e-17 2.53057e-18
4356.66 1.73122e-17 2.54412e-18
4362.18 2.0075e-17 2.57188e-18
4367.69 1.6579e-17 2.51927e-18
4373.21 1.83136e-17 2.52483e-18
4378.72 1.96862e-17 2.54984e-18
4384.24 1.90548e-17 2.54106e-18
4389.75 2.29621e-17 2.57593e-18
4395.27 2.71829e-17 2.61854e-18
4400.78 2.83508e-17 2.66619e-18
4406.3 2.87916e-17 2.73771e-18
4411.81 2.85907e-17 2.78394e-18
4417.33 3.27028e-17 2.79619e-18
4422.85 8.13786e-18 3.84416e-18
4428.36 3.08599e-17 2.81073e-18
4433.88 3.68171e-17 2.83064e-18
4439.39 3.97315e-17 2.83502e-18
4444.91 4.09337e-17 2.81864e-18
4450.42 3.75684e-17 2.79531e-18
4455.94 4.18886e-17 2.78791e-18
4461.45 3.85914e-17 2.7361e-18
4466.97 3.7184e-17 2.71754e-18
4472.49 3.87987e-17 2.73024e-18
4478 3.88302e-17 2.72398e-18
4483.52 3.90834e-17 2.73236e-18
4489.03 3.91885e-17 2.73923e-18
4494.55 3.88714e-17 2.73276e-18
4500.06 3.86351e-17 2.73704e-18
4505.58 3.91935e-17 2.75299e-18
4511.09 4.07172e-17 2.75196e-18
4516.61 4.00753e-17 2.76055e-18
4522.13 4.04661e-17 2.77627e-18
4527.64 4.38995e-17 2.81096e-18
4533.16 4.23582e-17 2.80942e-18
4538.67 4.03387e-17 2.79104e-18
4544.19 4.55828e-17 2.85896e-18
4549.7 4.52682e-17 2.85655e-18
4555.22 4.49325e-17 2.83749e-18
4560.73 4.61574e-17 2.8389e-18
4566.25 4.65036e-17 2.81808e-18
4571.77 4.81896e-17 2.82835e-18
4577.28 4.70034e-17 2.83272e-18
4582.8 4.98493e-17 2.8707e-18
4588.31 4.89499e-17 2.86584e-18
4593.83 5.09714e-17 2.8753e-18
4599.34 5.06722e-17 2.86241e-18
4604.86 5.11724e-17 2.85235e-18
4610.37 5.51187e-17 2.88766e-18
4615.89 5.72257e-17 2.90547e-18
4621.41 6.07252e-17 2.96563e-18
4626.92 6.10264e-17 2.96621e-18
4632.44 5.81768e-17 2.94128e-18
4637.95 6.42528e-17 2.99405e-18
4643.47 6.68259e-17 3.02097e-18
4648.98 7.06985e-17 3.05601e-18
4654.5 7.19598e-17 3.09365e-18
4660.01 7.70874e-17 3.15365e-18
4665.53 7.73049e-17 3.17928e-18
4671.05 8.32737e-17 3.24566e-18
4676.56 8.43662e-17 3.25146e-18
4682.08 8.70583e-17 3.2875e-18
4687.59 9.06574e-17 3.33537e-18
4693.11 8.9772e-17 3.31085e-18
4698.62 8.69637e-17 3.27404e-18
4704.14 8.51075e-17 3.2594e-18
4709.65 8.43497e-17 3.25968e-18
4715.17 7.92998e-17 3.2221e-18
4720.69 7.464e-17 3.17801e-18
4726.2 7.32594e-17 3.14086e-18
4731.72 7.278e-17 3.11884e-18
4737.23 7.27788e-17 3.10019e-18
4742.75 5.64638e-17 3.09807e-18
4748.26 6.11286e-17 3.02621e-18
4753.78 6.60836e-17 3.01626e-18
4759.29 6.2224e-17 2.99014e-18
4764.81 5.76509e-17 2.92223e-18
4770.32 5.5368e-17 2.9046e-18
4775.84 5.22297e-17 2.85676e-18
4781.36 4.93957e-17 2.81666e-18
4786.87 4.77609e-17 2.81276e-18
4792.39 4.59834e-17 2.78525e-18
4797.9 4.39485e-17 2.76232e-18
4803.42 4.37279e-17 2.76137e-18
4808.93 4.24361e-17 2.76282e-18
4814.45 4.19072e-17 2.76571e-18
4819.96 4.17425e-17 2.7907e-18
4825.48 4.16727e-17 2.79976e-18
4831 4.21084e-17 2.80737e-18
4836.51 4.16493e-17 2.80268e-18
4842.03 3.99859e-17 2.77405e-18
4847.54 4.09584e-17 2.77333e-18
4853.06 4.05123e-17 2.74165e-18
4858.57 3.57283e-17 2.66494e-18
4864.09 3.85606e-17 2.69691e-18
4869.6 3.86443e-17 2.68833e-18
4875.12 3.81429e-17 2.68159e-18
4880.64 3.54353e-17 2.67905e-18
4886.15 3.77238e-17 2.68289e-18
4891.67 2.72737e-17 2.7175e-18
4897.18 3.20813e-17 2.71364e-18
4902.7 4.03605e-17 2.70935e-18
4908.21 4.08579e-17 2.72909e-18
4913.73 4.28497e-17 2.74165e-18
4919.24 4.21814e-17 2.72929e-18
4924.76 3.93512e-17 2.69395e-18
4930.28 3.91381e-17 2.68034e-18
4935.79 3.67645e-17 2.66066e-18
4941.31 3.27055e-17 2.61832e-18
4946.82 3.18828e-17 2.59699e-18
4952.34 3.00673e-17 2.567e-18
4957.85 3.22862e-17 2.58277e-18
4963.37 3.0976e-17 2.57794e-18
4968.88 6.43036e-18 5.53746e-18
4974.4 3.31065e-17 2.64234e-18
4979.92 3.63209e-17 2.66162e-18
4985.43 3.9145e-17 2.68962e-18
4990.95 3.97168e-17 2.70315e-18
4996.46 4.33797e-17 2.75335e-18
5001.98 4.82595e-17 2.80903e-18
5007.49 5.19815e-17 2.84378e-18
5013.01 5.55939e-17 2.88346e-18
5018.52 6.15424e-17 2.95186e-18
5024.04 6.38238e-17 2.97861e-18
5029.56 6.74036e-17 3.01064e-18
5035.07 7.22721e-17 3.07301e-18
5040.59 7.5531e-17 3.09365e-18
5046.1 7.61575e-17 3.09857e-18
5051.62 7.52035e-17 3.09233e-18
5057.13 7.21465e-17 3.04574e-18
5062.65 7.04354e-17 3.01733e-18
5068.16 6.55101e-17 2.95906e-18
5073.68 5.88503e-17 2.87367e-18
5079.19 5.32572e-17 2.80461e-18
5084.71 4.79983e-17 2.73569e-18
5090.23 4.35545e-17 2.68384e-18
5095.74 3.97338e-17 2.63298e-18
5101.26 3.77853e-17 2.59506e-18
5106.77 3.5781e-17 2.54926e-18
5112.29 3.57476e-17 2.55069e-18
5117.8 3.48519e-17 2.53427e-18
5123.32 3.52031e-17 2.5309e-18
5128.83 3.46716e-17 2.53347e-18
5134.35 3.65094e-17 2.57217e-18
5139.87 3.68054e-17 2.58584e-18
5145.38 3.88986e-17 2.62553e-18
5150.9 4.07069e-17 2.64705e-18
5156.41 4.32726e-17 2.66426e-18
5161.93 4.42717e-17 2.66041e-18
5167.44 4.38371e-17 2.64483e-18
5172.96 4.56541e-17 2.65576e-18
5178.47 4.45212e-17 2.64194e-18
5183.99 4.1298e-17 2.66292e-18
5189.51 4.61421e-17 2.69302e-18
5195.02 4.93949e-17 2.74214e-18
5200.54 4.72601e-17 2.73331e-18
5206.05 4.91045e-17 2.73845e-18
5211.57 5.19925e-17 2.74497e-18
5217.08 5.16813e-17 2.72687e-18
5222.6 5.20032e-17 2.74874e-18
5228.11 5.54704e-17 2.78136e-18
5233.63 5.54575e-17 2.85226e-18
5239.15 5.73503e-17 2.83243e-18
5244.66 5.49915e-17 2.76224e-18
5250.18 5.71402e-17 2.7822e-18
5255.69 5.94876e-17 2.79093e-18
5261.21 5.84073e-17 2.76665e-18
5266.72 5.61982e-17 2.74485e-18
5272.24 5.89693e-17 2.76333e-18
5277.75 6.14557e-17 2.78638e-18
5283.27 6.14817e-17 2.81244e-18
5288.79 6.28101e-17 2.81445e-18
5294.3 6.41639e-17 2.82638e-18
5299.82 6.31318e-17 2.8355e-18
5305.33 6.96817e-17 2.89311e-18
5310.85 6.61539e-17 2.87364e-18
5316.36 6.91851e-17 2.9039e-18
5321.88 6.91809e-17 2.90891e-18
5327.39 7.32173e-17 2.93878e-18
5332.91 7.26452e-17 2.95663e-18
5338.43 7.50003e-17 2.95599e-18
5343.94 7.73814e-17 2.97587e-18
5349.46 7.91359e-17 2.9912e-18
5354.97 8.21135e-17 3.01266e-18
5360.49 8.15292e-17 3.01196e-18
5366 8.60312e-17 3.0453e-18
5371.52 8.60423e-17 3.09908e-18
5377.03 8.68089e-17 3.06825e-18
5382.55 8.58583e-17 3.05051e-18
5388.06 8.7041e-17 3.05498e-18
5393.58 8.84692e-17 3.06215e-18
5399.1 9.0759e-17 3.07632e-18
5404.61 9.23025e-17 3.09421e-18
5410.13 9.27917e-17 3.08952e-18
5415.64 9.50929e-17 3.11475e-18
5421.16 9.67866e-17 3.12172e-18
5426.67 9.82968e-17 3.13529e-18
5432.19 1.01432e-16 3.16819e-18
5437.7 9.94575e-17 3.15615e-18
5443.22 1.02066e-16 3.17864e-18
5448.74 1.01217e-16 3.18172e-18
5454.25 1.02629e-16 3.18635e-18
5459.77 1.00932e-16 3.16515e-18
5465.28 9.8931e-17 3.15138e-18
5470.8 9.67862e-17 3.12633e-18
5476.31 9.67701e-17 3.1251e-18
5481.83 9.58641e-17 3.11288e-18
5487.34 9.58787e-17 3.11234e-18
5492.86 9.66067e-17 3.11865e-18
5498.38 9.68287e-17 3.11914e-18
5503.89 9.70208e-17 3.13422e-18
5509.41 9.82861e-17 3.20886e-18
5514.92 1.00212e-16 3.40741e-18
5520.44 1.04399e-16 3.26247e-18
5525.95 1.05501e-16 3.21816e-18
5531.47 1.13037e-16 3.27513e-18
5536.98 1.15517e-16 3.31371e-18
5542.5 1.18991e-16 3.36022e-18
5548.02 1.23502e-16 3.39501e-18
5553.53 1.31869e-16 3.48875e-18
5559.05 1.40235e-16 3.48224e-18
5564.56 1.48264e-16 4.27926e-18
5570.08 1.5396e-16 6.05888e-18
5575.59 1.57752e-16 6.62417e-18
5581.11 1.66442e-16 6.64432e-18
5586.62 1.64916e-16 5.9509e-18
5592.14 1.71807e-16 4.0679e-18
5597.66 1.75395e-16 3.85489e-18
5603.17 1.74386e-16 3.8237e-18
5608.69 1.78438e-16 3.84305e-18
5614.2 1.79251e-16 3.8422e-18
5619.72 1.80987e-16 3.84813e-18
5625.23 1.77272e-16 3.82737e-18
5630.75 1.76022e-16 3.8195e-18
5636.26 1.70769e-16 3.76799e-18
5641.78 1.72299e-16 3.78773e-18
5647.3 1.68905e-16 3.76024e-18
5652.81 1.65923e-16 3.72935e-18
5658.33 1.65666e-16 3.7181e-18
5663.84 1.63297e-16 3.70938e-18
5669.36 1.63929e-16 3.71902e-18
5674.87 1.58718e-16 3.68241e-18
5680.39 1.55446e-16 3.66629e-18
5685.9 1.50259e-16 3.64564e-18
5691.42 1.50331e-16 3.64628e-18
5696.94 1.46589e-16 3.61514e-18
5702.45 1.42615e-16 3.57572e-18
5707.97 1.39706e-16 3.54485e-18
5713.48 1.39779e-16 3.54974e-18
5719 1.41399e-16 3.56038e-18
5724.51 1.41753e-16 3.55513e-18
5730.03 1.43659e-16 3.5779e-18
5735.54 1.44249e-16 3.58329e-18
5741.06 1.4052e-16 3.56572e-18
5746.57 1.36082e-16 3.57155e-18
5752.09 1.50435e-16 3.61553e-18
5757.61 1.4597e-16 3.58829e-18
5763.12 1.42797e-16 3.56864e-18
5768.64 1.42312e-16 3.56475e-18
5774.15 1.41494e-16 3.54911e-18
5779.67 1.36505e-16 3.51406e-18
5785.18 1.34816e-16 3.50884e-18
5790.7 1.31495e-16 3.47383e-18
5796.21 1.28628e-16 3.45578e-18
5801.73 1.25732e-16 3.43062e-18
5807.25 1.27752e-16 3.44386e-18
5812.76 1.23821e-16 3.41938e-18
5818.28 1.21304e-16 3.40794e-18
5823.79 1.21764e-16 3.41203e-18
5829.31 1.17644e-16 3.37074e-18
5834.82 1.15783e-16 3.36093e-18
5840.34 1.17799e-16 3.38035e-18
5845.85 1.1544e-16 3.36201e-18
5851.37 1.10985e-16 3.32818e-18
5856.89 1.11237e-16 3.37313e-18
5862.4 1.11944e-16 3.42515e-18
5867.92 1.11494e-16 3.43645e-18
5873.43 1.11933e-16 3.43582e-18
5878.95 1.09384e-16 3.64875e-18
5884.46 1.15982e-16 3.81257e-18
5889.98 1.14938e-16 3.80019e-18
5895.49 1.12212e-16 3.78358e-18
5901.01 1.12467e-16 3.60397e-18
5906.53 1.13612e-16 3.48735e-18
5912.04 1.1292e-16 3.45053e-18
5917.56 1.15413e-16 3.4827e-18
5923.07 1.12872e-16 3.50683e-18
5928.59 1.15209e-16 3.48635e-18
5934.1 1.15578e-16 3.47329e-18
5939.62 1.16259e-16 3.48631e-18
5945.13 1.16069e-16 3.4764e-18
5950.65 1.20999e-16 3.51679e-18
5956.17 1.16661e-16 3.47858e-18
5961.68 1.18333e-16 3.47224e-18
5967.2 1.18952e-16 3.48229e-18
5972.71 1.1824e-16 3.47892e-18
5978.23 1.19573e-16 3.4845e-18
5983.74 1.20548e-16 3.47935e-18
5989.26 1.20558e-16 3.44655e-18
5994.77 1.21319e-16 3.46284e-18
6000.29 1.17668e-16 3.44234e-18
6005.81 1.12531e-16 3.39115e-18
6011.32 1.13727e-16 3.38553e-18
6016.84 1.10854e-16 3.34721e-18
6022.35 1.07143e-16 3.31528e-18
6027.87 1.05162e-16 3.31048e-18
6033.38 1.05303e-16 3.31421e-18
6038.9 1.03435e-16 3.29063e-18
6044.41 9.57343e-17 3.21993e-18
6049.93 9.64469e-17 3.21164e-18
6055.44 9.37353e-17 3.22466e-18
6060.96 9.02772e-17 3.20957e-18
6066.48 9.46931e-17 3.21426e-18
6071.99 9.43324e-17 3.20127e-18
6077.51 9.2816e-17 3.17682e-18
6083.02 9.17161e-17 3.15991e-18
6088.54 9.08968e-17 3.16189e-18
6094.05 9.08323e-17 3.16402e-18
6099.57 9.11238e-17 3.16006e-18
6105.08 8.89207e-17 3.1303e-18
6110.6 8.75899e-17 3.12028e-18
6116.12 8.4623e-17 3.10057e-18
6121.63 8.29345e-17 3.08269e-18
6127.15 8.40014e-17 3.0983e-18
6132.66 8.29865e-17 3.10432e-18
6138.18 7.9577e-17 3.08829e-18
6143.69 7.91366e-17 3.08725e-18
6149.21 7.77067e-17 3.06833e-18
6154.72 8.20255e-17 3.08551e-18
6160.24 7.97833e-17 3.0786e-18
6165.76 8.06401e-17 3.10638e-18
6171.27 8.03796e-17 3.09677e-18
6176.79 8.10077e-17 3.10593e-18
6182.3 8.17101e-17 3.09245e-18
6187.82 8.03615e-17 3.06314e-18
6193.33 7.68308e-17 3.05276e-18
6198.85 7.66667e-17 3.03976e-18
6204.36 7.50754e-17 3.02177e-18
6209.88 7.07625e-17 2.99525e-18
6215.4 7.02155e-17 2.99716e-18
6220.91 6.90088e-17 2.97501e-18
6226.43 5.44679e-17 3.12244e-18
6231.94 6.10061e-17 3.08236e-18
6237.46 6.54209e-17 3.10194e-18
6242.97 6.46785e-17 3.07445e-18
6248.49 6.19983e-17 3.02602e-18
6254 6.21187e-17 3.02694e-18
6259.52 6.14735e-17 3.02662e-18
6265.04 5.96011e-17 2.99555e-18
6270.55 6.15201e-17 2.93019e-18
6276.07 6.00401e-17 2.91656e-18
6281.58 6.01933e-17 2.92092e-18
6287.1 5.89269e-17 3.21245e-18
6292.61 5.66725e-17 3.60041e-18
6298.13 5.60979e-17 3.70677e-18
6303.64 5.3978e-17 3.68203e-18
6309.16 5.03609e-17 3.29748e-18
6314.68 4.88352e-17 2.84769e-18
6320.19 4.90641e-17 2.80572e-18
6325.71 4.7925e-17 2.81729e-18
6331.22 4.6761e-17 2.79095e-18
6336.74 4.74129e-17 2.76046e-18
6342.25 4.95886e-17 2.74608e-18
6347.77 4.85068e-17 2.8049e-18
6353.28 4.8942e-17 2.97625e-18
6358.8 5.3788e-17 3.10664e-18
6364.32 5.53805e-17 3.10336e-18
6369.83 5.6921e-17 3.03302e-18
6375.35 5.95096e-17 2.91354e-18
6380.86 6.19032e-17 2.89594e-18
6386.38 6.29618e-17 2.91063e-18
6391.89 6.68355e-17 2.92573e-18
6397.41 6.68859e-17 2.9066e-18
6402.92 6.86817e-17 2.92345e-18
6408.44 6.95379e-17 2.94188e-18
6413.95 6.99002e-17 2.95755e-18
6419.47 7.10637e-17 2.96549e-18
6424.99 7.1713e-17 2.96308e-18
6430.5 7.26823e-17 2.96304e-18
6436.02 7.20695e-17 2.9483e-18
6441.53 7.37662e-17 2.97283e-18
6447.05 7.43346e-17 2.99101e-18
6452.56 7.47347e-17 3.02751e-18
6458.08 7.61064e-17 3.1064e-18
6463.59 8.0406e-17 3.18558e-18
6469.11 7.7999e-17 3.18382e-18
6474.63 8.12895e-17 3.17608e-18
6480.14 7.94314e-17 3.07992e-18
6485.66 8.40339e-17 3.13228e-18
6491.17 8.58251e-17 3.20981e-18
6496.69 8.56339e-17 3.2564e-18
6502.2 8.6153e-17 3.2635e-18
6507.72 8.4258e-17 3.19276e-18
6513.23 8.51771e-17 3.14844e-18
6518.75 8.69143e-17 3.15992e-18
6524.27 8.93447e-17 3.24637e-18
6529.78 9.00902e-17 3.2705e-18
6535.3 9.12435e-17 3.32634e-18
6540.81 9.73517e-17 3.40519e-18
6546.33 9.89013e-17 3.38492e-18
6551.84 9.88927e-17 3.39542e-18
6557.36 1.01555e-16 3.41981e-18
6562.87 1.02941e-16 3.41377e-18
6568.39 1.03464e-16 3.40938e-18
6573.91 1.06451e-16 3.43474e-18
6579.42 1.08228e-16 3.42284e-18
6584.94 1.07527e-16 3.39924e-18
6590.45 1.08567e-16 3.37843e-18
6595.97 1.07206e-16 3.38244e-18
6601.48 1.07386e-16 3.37699e-18
6607 1.06767e-16 3.36524e-18
6612.51 1.0671e-16 3.34845e-18
6618.03 1.04521e-16 3.30795e-18
6623.55 1.07116e-16 3.33782e-18
6629.06 1.06014e-16 3.33165e-18
6634.58 1.06693e-16 3.34025e-18
6640.09 1.04604e-16 3.31663e-18
6645.61 1.03484e-16 3.29874e-18
6651.12 1.00177e-16 3.27292e-18
6656.64 9.76327e-17 3.26991e-18
6662.15 9.13245e-17 3.26662e-18
6667.67 9.06113e-17 3.25539e-18
6673.19 9.13415e-17 3.24971e-18
6678.7 9.05614e-17 3.21514e-18
6684.22 9.16984e-17 3.20533e-18
6689.73 9.1275e-17 3.19313e-18
6695.25 8.91591e-17 3.18028e-18
6700.76 9.31135e-17 3.19612e-18
6706.28 9.07487e-17 3.15298e-18
6711.79 8.96122e-17 3.14079e-18
6717.31 8.74706e-17 3.10405e-18
6722.82 8.44504e-17 3.07443e-18
6728.34 8.47652e-17 3.07623e-18
6733.86 8.20121e-17 3.04616e-18
6739.37 7.89552e-17 3.01451e-18
6744.89 7.59067e-17 2.98427e-18
6750.4 7.56636e-17 2.97184e-18
6755.92 7.43949e-17 2.94667e-18
6761.43 7.13241e-17 2.9141e-18
6766.95 6.98781e-17 2.89643e-18
6772.46 6.90105e-17 2.88564e-18
6777.98 6.96861e-17 2.89928e-18
6783.5 6.502e-17 2.84775e-18
6789.01 6.67196e-17 2.86223e-18
6794.53 6.56742e-17 2.85326e-18
6800.04 6.28162e-17 2.84197e-18
6805.56 5.77204e-17 2.83519e-18
6811.07 6.31738e-17 2.82234e-18
6816.59 6.12171e-17 2.88235e-18
6822.1 6.21357e-17 3.08105e-18
6827.62 5.78658e-17 3.1611e-18
6833.14 5.79989e-17 3.20786e-18
6838.65 5.78932e-17 3.11306e-18
6844.17 5.91842e-17 2.9328e-18
6849.68 5.8436e-17 2.85219e-18
6855.2 5.85292e-17 2.99186e-18
6860.71 5.65542e-17 3.00008e-18
6866.23 5.61887e-17 2.95708e-18
6871.74 5.58315e-17 2.84225e-18
6877.26 5.66323e-17 2.70444e-18
6882.78 5.84346e-17 2.69975e-18
6888.29 5.62427e-17 2.71612e-18
6893.81 5.58971e-17 2.72747e-18
6899.32 5.78174e-17 2.76047e-18
6904.84 5.70172e-17 2.78478e-18
6910.35 5.90562e-17 2.86041e-18
6915.87 5.99469e-17 2.94628e-18
6921.38 5.72036e-17 2.92704e-18
6926.9 5.81226e-17 2.9078e-18
6932.42 5.82896e-17 2.92407e-18
6937.93 5.80327e-17 2.90451e-18
6943.45 5.66981e-17 2.99896e-18
6948.96 5.65113e-17 2.97667e-18
6954.48 5.80138e-17 2.94567e-18
6959.99 5.79244e-17 2.87543e-18
6965.51 5.37336e-17 2.79832e-18
6971.02 5.57542e-17 2.88567e-18
6976.54 5.35956e-17 2.88454e-18
6982.06 5.3169e-17 2.8398e-18
6987.57 5.03176e-17 2.76062e-18
6993.09 5.29772e-17 2.72284e-18
6998.6 5.04625e-17 2.70963e-18
7004.12 4.96412e-17 2.72493e-18
7009.63 4.97118e-17 2.72108e-18
7015.15 4.88407e-17 2.68994e-18
7020.66 4.90566e-17 2.65784e-18
7026.18 4.9031e-17 2.62636e-18
7031.7 4.84305e-17 2.63443e-18
7037.21 4.75623e-17 2.67129e-18
7042.73 4.78816e-17 2.69867e-18
7048.24 5.05714e-17 2.73443e-18
7053.76 5.1627e-17 2.75238e-18
7059.27 5.07408e-17 2.722e-18
7064.79 5.30581e-17 2.78062e-18
7070.3 5.50572e-17 2.82882e-18
7075.82 5.41406e-17 2.76725e-18
7081.33 5.12844e-17 2.77929e-18
7086.85 5.11098e-17 2.79932e-18
7092.37 5.62895e-17 2.77609e-18
7097.88 5.82626e-17 2.76949e-18
7103.4 5.67702e-17 2.74366e-18
7108.91 5.82179e-17 2.75647e-18
7114.43 5.94385e-17 2.77582e-18
7119.94 6.03747e-17 2.78713e-18
7125.46 5.93611e-17 2.79157e-18
7130.97 5.94451e-17 2.80463e-18
7136.49 6.07753e-17 2.84807e-18
7142.01 6.20987e-17 2.864e-18
7147.52 5.99373e-17 2.83423e-18
7153.04 6.00235e-17 2.83868e-18
7158.55 6.08519e-17 2.87333e-18
7164.07 5.83925e-17 2.81394e-18
7169.58 6.04674e-17 2.81771e-18
7175.1 5.62766e-17 2.7376e-18
7180.61 5.61886e-17 2.70289e-18
7186.13 5.84326e-17 2.71942e-18
7191.65 5.80866e-17 2.70901e-18
7197.16 5.58331e-17 2.67458e-18
7202.68 5.51505e-17 2.67131e-18
7208.19 5.56337e-17 2.68817e-18
7213.71 5.68904e-17 2.71393e-18
7219.22 5.62811e-17 2.72378e-18
7224.74 5.46143e-17 2.75465e-18
7230.25 5.66804e-17 3.03644e-18
7235.77 5.55687e-17 3.41118e-18
7241.29 5.59249e-17 3.58508e-18
7246.8 5.64754e-17 3.59773e-18
7252.32 5.30705e-17 3.33242e-18
7257.83 5.45202e-17 2.9451e-18
7263.35 5.50376e-17 2.94384e-18
7268.86 5.87607e-17 3.33643e-18
7274.38 5.86808e-17 3.52191e-18
7279.89 5.91797e-17 3.61508e-18
7285.41 5.77051e-17 3.50143e-18
7290.93 5.53072e-17 3.14514e-18
7296.44 5.85481e-17 3.05395e-18
7301.96 5.92734e-17 3.03343e-18
7307.47 6.01846e-17 3.292e-18
7312.99 6.12504e-17 3.36652e-18
7318.5 6.31657e-17 3.41138e-18
7324.02 6.37807e-17 3.41293e-18
7329.53 6.59485e-17 3.40827e-18
7335.05 6.9768e-17 3.59168e-18
7340.57 6.77345e-17 3.55503e-18
7346.08 7.00537e-17 3.55003e-18
7351.6 7.50678e-17 3.45605e-18
7357.11 7.89519e-17 3.38222e-18
7362.63 8.14336e-17 3.60371e-18
7368.14 8.222e-17 3.62152e-18
7373.66 8.15707e-17 3.52179e-18
7379.17 8.38131e-17 3.43414e-18
7384.69 8.81662e-17 3.28426e-18
7390.2 8.69426e-17 3.34541e-18
7395.72 8.65936e-17 3.48612e-18
7401.24 8.36657e-17 3.46322e-18
7406.75 8.36726e-17 3.37534e-18
7412.27 8.32719e-17 3.27332e-18
7417.78 8.18699e-17 3.12778e-18
7423.3 8.03371e-17 3.14292e-18
7428.81 7.65461e-17 3.16252e-18
7434.33 7.28476e-17 3.18953e-18
7439.84 7.14769e-17 3.14887e-18
7445.36 7.31037e-17 3.1435e-18
7450.88 7.15695e-17 3.03406e-18
7456.39 7.16856e-17 3.02385e-18
7461.91 6.91597e-17 3.07843e-18
7467.42 6.69501e-17 3.14193e-18
7472.94 6.70794e-17 3.25692e-18
7478.45 6.70614e-17 3.30227e-18
7483.97 6.83508e-17 3.26233e-18
7489.48 6.96539e-17 3.19211e-18
7495 6.36961e-17 3.02007e-18
7500.52 5.95548e-17 2.87981e-18
7506.03 5.87318e-17 2.85269e-18
7511.55 5.79354e-17 2.93735e-18
7517.06 5.84999e-17 3.15775e-18
7522.58 5.51816e-17 3.26717e-18
7528.09 4.78343e-17 3.26571e-18
7533.61 4.27567e-17 3.17402e-18
7539.12 4.82134e-17 2.88567e-18
7544.64 4.8102e-17 2.78445e-18
7550.16 4.92318e-17 2.81511e-18
7555.67 4.76158e-17 2.81836e-18
7561.19 4.63261e-17 2.89114e-18
7566.7 4.36485e-17 3.03643e-18
7572.22 4.65467e-17 3.04424e-18
7577.73 4.89792e-17 3.09223e-18
7583.25 5.18546e-17 2.98658e-18
7588.76 5.44181e-17 2.79489e-18
7594.28 5.82573e-17 2.65227e-18
7599.8 5.59854e-17 2.3538e-18
7605.31 5.06609e-17 2.17919e-18
7610.83 4.56007e-17 2.19485e-18
7616.34 4.23111e-17 2.31115e-18
7621.86 4.0669e-17 2.42006e-18
7627.37 4.06174e-17 2.43281e-18
7632.89 4.46584e-17 2.418e-18
7638.4 4.29002e-17 2.37045e-18
7643.92 4.22369e-17 2.38083e-18
7649.44 4.84031e-17 2.53714e-18
7654.95 4.90335e-17 2.68034e-18
7660.47 5.02413e-17 2.76788e-18
7665.98 4.38863e-17 2.79403e-18
7671.5 3.27693e-17 3.00061e-18
7677.01 4.00013e-17 2.86543e-18
7682.53 5.48441e-17 2.90136e-18
7688.04 5.55486e-17 2.97825e-18
7693.56 5.33857e-17 2.98455e-18
7699.08 5.46009e-17 3.03135e-18
7704.59 5.21061e-17 3.37408e-18
7710.11 5.62043e-17 3.95562e-18
7715.62 6.1595e-17 4.18216e-18
7721.14 5.77327e-17 4.20537e-18
7726.65 5.87735e-17 3.83333e-18
7732.17 5.65749e-17 3.35241e-18
7737.68 5.6359e-17 3.22568e-18
7743.2 5.61769e-17 3.68087e-18
7748.71 6.4495e-17 4.03007e-18
7754.23 6.802e-17 4.21392e-18
7759.75 6.8289e-17 4.11238e-18
7765.26 6.95849e-17 3.77702e-18
7770.78 7.09869e-17 3.59178e-18
7776.29 6.98504e-17 3.53546e-18
7781.81 7.28001e-17 3.67828e-18
7787.32 8.13194e-17 4.02122e-18
7792.84 8.2484e-17 4.09884e-18
7798.35 8.15064e-17 4.09714e-18
7803.87 8.22047e-17 4.08045e-18
7809.39 8.06626e-17 3.87187e-18
7814.9 8.40402e-17 4.21655e-18
7820.42 9.33071e-17 4.37336e-18
7825.93 9.11423e-17 4.26716e-18
7831.45 9.18955e-17 4.18959e-18
7836.96 8.87016e-17 3.83242e-18
7842.48 9.29266e-17 3.98531e-18
7847.99 9.25931e-17 4.46597e-18
7853.51 9.83845e-17 4.70011e-18
7859.03 1.028e-16 4.79986e-18
7864.54 1.00392e-16 4.73807e-18
7870.06 1.02348e-16 4.50828e-18
7875.57 1.00562e-16 4.38906e-18
7881.09 9.95376e-17 4.41552e-18
7886.6 9.79435e-17 4.38937e-18
7892.12 1.03058e-16 4.80196e-18
7897.63 1.05304e-16 4.65069e-18
7903.15 9.97647e-17 4.20324e-18
7908.67 9.86387e-17 4.5262e-18
7914.18 9.36875e-17 4.79237e-18
7919.7 9.30516e-17 4.96314e-18
7925.21 9.46102e-17 4.82153e-18
7930.73 8.75724e-17 4.29025e-18
7936.24 8.90656e-17 4.02831e-18
7941.76 7.11561e-17 3.89773e-18
7947.27 4.59423e-17 3.79951e-18
7952.79 7.21426e-17 4.1695e-18
7958.31 7.10942e-17 4.62615e-18
7963.82 6.82845e-17 4.22398e-18
7969.34 6.40697e-17 4.24045e-18
7974.85 6.07864e-17 4.2393e-18
7980.37 5.3479e-17 3.81298e-18
7985.88 5.10172e-17 4.12225e-18
7991.4 4.94892e-17 4.22806e-18
7996.91 4.71996e-17 4.10674e-18
8002.43 4.70774e-17 3.98471e-18
8007.95 4.61172e-17 3.60289e-18
8013.46 4.16795e-17 3.45746e-18
8018.98 3.35664e-17 3.72041e-18
8024.49 3.6406e-17 3.90117e-18
8030.01 3.46437e-17 3.80371e-18
8035.52 3.33382e-17 3.59196e-18
8041.04 3.06585e-17 3.23073e-18
8046.55 2.85281e-17 3.07119e-18
8052.07 2.6497e-17 3.18418e-18
8057.59 2.32644e-17 3.29918e-18
8063.1 2.24605e-17 3.31652e-18
8068.62 2.15908e-17 3.22396e-18
8074.13 1.82069e-17 3.04416e-18
8079.65 1.55983e-17 2.8124e-18
8085.16 1.73282e-17 2.83843e-18
8090.68 1.23489e-17 2.82694e-18
8096.19 1.04234e-17 2.90591e-18
8101.71 1.18702e-17 2.97551e-18
8107.22 9.27628e-18 2.91481e-18
8112.74 1.12046e-17 2.84514e-18
8118.26 6.51763e-18 2.66482e-18
8123.77 9.90945e-18 2.67737e-18
8129.29 6.43669e-18 2.66698e-18
8134.8 1.11818e-17 2.81525e-18
8140.32 1.19132e-17 2.86462e-18
8145.83 1.20296e-17 2.88272e-18
8151.35 1.68844e-17 2.92705e-18
8156.86 1.71947e-17 2.88237e-18
8162.38 1.63149e-17 2.82591e-18
8167.9 1.76388e-17 2.84026e-18
8173.41 1.84011e-17 2.86107e-18
8178.93 2.07916e-17 2.93962e-18
8184.44 2.07839e-17 2.9667e-18
8189.96 1.82389e-17 2.96049e-18
8195.47 1.8215e-17 2.96756e-18
8200.99 1.80873e-17 2.95356e-18
8206.5 1.76422e-17 2.93986e-18
8212.02 1.50685e-17 2.92823e-18
8217.54 1.57917e-17 2.9363e-18
8223.05 1.56869e-17 2.90775e-18
8228.57 1.49584e-17 2.87412e-18
8234.08 1.34605e-17 2.85281e-18
8239.6 1.30287e-17 2.88939e-18
8245.11 1.44309e-17 2.95189e-18
8250.63 1.37943e-17 2.99305e-18
8256.14 1.54602e-17 3.02711e-18
8261.66 1.83674e-17 3.02346e-18
8267.18 1.577e-17 3.04896e-18
8272.69 1.44441e-17 3.40955e-18
8278.21 1.93926e-17 4.05341e-18
8283.72 1.99297e-17 4.59131e-18
8289.24 2.28536e-17 5.08856e-18
8294.75 1.81813e-17 5.14321e-18
8300.27 1.41126e-17 4.79031e-18
8305.78 1.5716e-17 4.55782e-18
8311.3 1.38199e-17 3.99665e-18
8316.82 9.89524e-18 3.48146e-18
8322.33 9.91698e-18 3.24189e-18
8327.85 1.08807e-17 3.01223e-18
8333.36 -4.31881e-18 3.94009e-18
8338.88 -3.45571e-18 5.59949e-18
8344.39 6.20448e-18 5.34632e-18
8349.91 4.08731e-18 5.70328e-18
8355.42 8.41495e-18 5.40042e-18
8360.94 7.76027e-18 4.4076e-18
8366.46 9.51745e-18 3.85086e-18
8371.97 1.01113e-17 3.65121e-18
8377.49 1.00116e-17 3.76542e-18
8383 9.83935e-18 3.72777e-18
8388.52 8.61341e-18 4.12531e-18
8394.03 1.37725e-17 4.8767e-18
8399.55 1.58152e-17 4.99097e-18
8405.06 1.61392e-17 5.05125e-18
8410.58 1.32374e-17 4.77563e-18
8416.09 1.45171e-17 4.17433e-18
8421.61 1.26919e-17 4.76725e-18
8427.13 1.51161e-17 5.21562e-18
8432.64 1.60026e-17 5.20592e-18
8438.16 1.50991e-17 5.04188e-18
8443.67 2.16503e-17 4.43161e-18
8449.19 2.27406e-17 4.15347e-18
8454.7 1.50794e-17 4.33615e-18
8460.22 1.38308e-17 4.77134e-18
8465.73 1.67748e-17 4.85285e-18
8471.25 1.83512e-17 4.73415e-18
8476.77 2.10001e-17 4.27209e-18
8482.28 2.08947e-17 3.70565e-18
8487.8 2.20724e-17 3.6832e-18
8493.31 2.24007e-17 3.94245e-18
8498.83 2.27737e-17 4.33349e-18
8504.34 2.35319e-17 4.47237e-18
8509.86 2.54365e-17 4.34824e-18
8515.37 2.61365e-17 4.07195e-18
8520.89 2.96363e-17 3.68674e-18
8526.41 3.10832e-17 3.61069e-18
8531.92 3.2087e-17 3.68251e-18
8537.44 3.18655e-17 3.8617e-18
8542.95 3.09583e-17 4.07319e-18
8548.47 3.82682e-17 4.21821e-18
8553.98 3.61749e-17 4.11616e-18
8559.5 3.83917e-17 4.00065e-18
8565.01 3.80738e-17 3.80495e-18
8570.53 4.05204e-17 3.81713e-18
8576.05 4.07452e-17 3.86509e-18
8581.56 4.8999e-17 4.03315e-18
8587.08 5.76104e-17 4.21836e-18
8592.59 5.82316e-17 4.30842e-18
8598.11 5.87569e-17 4.32301e-18
8603.62 6.19225e-17 4.3615e-18
8609.14 6.78975e-17 4.59813e-18
8614.65 6.94545e-17 5.03478e-18
8620.17 7.56185e-17 5.71402e-18
8625.69 8.90869e-17 6.28182e-18
8631.2 7.47772e-17 6.42256e-18
8636.72 6.91584e-17 6.31268e-18
8642.23 8.68117e-17 6.05829e-18
8647.75 9.52752e-17 6.01503e-18
8653.26 9.99065e-17 6.33038e-18
8658.78 1.13617e-16 6.75641e-18
8664.29 1.21773e-16 6.85335e-18
8669.81 1.33956e-16 6.76726e-18
8675.33 1.32858e-16 6.42175e-18
8680.84 1.32713e-16 6.06825e-18
8686.36 1.40022e-16 5.86462e-18
8691.87 1.47428e-16 5.76379e-18
8697.39 1.63168e-16 5.84404e-18
8702.9 1.64287e-16 5.83245e-18
8708.42 1.7895e-16 5.92922e-18
8713.93 1.82412e-16 5.93558e-18
8719.45 1.24547e-16 7.49247e-18
8724.97 1.7166e-16 5.9148e-18
8730.48 1.95482e-16 6.03518e-18
8736 1.96005e-16 6.08322e-18
8741.51 2.10782e-16 6.25019e-18
8747.03 2.25327e-16 6.57236e-18
8752.54 2.23175e-16 7.01695e-18
8758.06 2.21013e-16 7.65312e-18
8763.57 2.12106e-16 8.23491e-18
8769.09 2.13802e-16 8.75516e-18
8774.6 2.23476e-16 8.72201e-18
8780.12 2.28506e-16 8.39038e-18
8785.64 2.28731e-16 7.93059e-18
8791.15 2.26039e-16 7.3299e-18
8796.67 2.22578e-16 6.92952e-18
8802.18 2.1836e-16 6.72479e-18
8807.7 2.16597e-16 6.53599e-18
8813.21 2.24847e-16 7.16014e-18
8818.73 2.35735e-16 8.35942e-18
8824.24 2.34863e-16 9.06948e-18
8829.76 2.22501e-16 9.41e-18
8835.28 1.77338e-16 9.03211e-18
8840.79 1.57409e-16 8.23748e-18
8846.31 1.89919e-16 7.34007e-18
8851.82 2.03295e-16 7.01819e-18
8857.34 2.00778e-16 7.03992e-18
8862.85 1.94628e-16 7.01818e-18
8868.37 1.81636e-16 6.9873e-18
8873.88 1.74155e-16 7.44714e-18
8879.4 1.72489e-16 7.94446e-18
8884.92 1.82445e-16 8.22268e-18
8890.43 1.89922e-16 8.41766e-18
8895.95 1.81355e-16 7.94333e-18
8901.46 1.63823e-16 7.27619e-18
8906.98 1.65843e-16 7.704e-18
8912.49 1.61245e-16 8.22934e-18
8918.01 1.57354e-16 8.40064e-18
8923.52 1.56886e-16 8.31732e-18
8929.04 1.61867e-16 7.70248e-18
8934.56 1.51585e-16 7.00289e-18
8940.07 1.35681e-16 6.70772e-18
8945.59 1.30121e-16 7.21821e-18
8951.1 1.33603e-16 7.73936e-18
8956.62 1.35442e-16 7.79521e-18
8962.13 1.31104e-16 7.56764e-18
8967.65 1.24993e-16 6.89082e-18
8973.16 1.1366e-16 6.14341e-18
8978.68 1.0603e-16 6.01135e-18
8984.2 1.07211e-16 6.27491e-18
8989.71 1.0581e-16 6.66246e-18
8995.23 1.09932e-16 6.89672e-18
9000.74 1.07076e-16 6.76962e-18
9006.26 9.42348e-17 6.46606e-18
9011.77 9.21463e-17 5.98379e-18
9017.29 8.70134e-17 5.58223e-18
9022.8 8.63597e-17 5.59749e-18
9028.32 8.94452e-17 5.74526e-18
9033.84 8.5064e-17 5.85365e-18
9039.35 7.59295e-17 5.9919e-18
9044.87 7.53069e-17 6.10899e-18
9050.38 7.35708e-17 6.074e-18
9055.9 7.76003e-17 5.96391e-18
9061.41 7.23923e-17 5.64246e-18
9066.93 7.38935e-17 5.4799e-18
9072.44 6.7506e-17 5.38139e-18
9077.96 6.89428e-17 5.44319e-18
9083.47 6.78157e-17 5.51056e-18
9088.99 6.90582e-17 5.65028e-18
9094.51 6.21602e-17 5.75047e-18
9100.02 6.77213e-17 5.77592e-18
9105.54 6.49394e-17 5.66641e-18
9111.05 6.46013e-17 5.53841e-18
9116.57 6.42529e-17 5.43521e-18
9122.08 6.32915e-17 5.37814e-18
9127.6 6.49031e-17 5.40548e-18
9133.11 6.41128e-17 5.40932e-18
9138.63 5.44468e-17 5.38763e-18
9144.15 5.45145e-17 5.52764e-18
9149.66 6.55626e-17 5.80579e-18
9155.18 6.298e-17 5.83536e-18
9160.69 5.4957e-17 5.64795e-18
9166.21 5.39812e-17 5.55716e-18
9171.72 5.2676e-17 5.47562e-18
9177.24 5.67294e-17 5.43924e-18
9182.75 5.88646e-17 5.4705e-18
9188.27 5.66958e-17 5.4334e-18
9193.79 5.38604e-17 5.42509e-18
9199.3 5.37142e-17 5.50911e-18
9204.82 5.54304e-17 5.62618e-18
9210.33 5.47955e-17 5.6984e-18
9215.85 5.23718e-17 5.70633e-18
9221.36 5.63094e-17 5.76785e-18
9226.88 4.21954e-17 5.66578e-18
9232.39 2.17529e-17 7.44146e-18
