3400.43 -2.43332e-17 4.76744e-17
3403.79 -1.21793e-17 4.56617e-17
3407.16 8.95647e-18 4.65577e-17
3410.52 1.6813e-17 4.67386e-17
3413.88 -3.38697e-17 4.68457e-17
3417.25 -1.66912e-17 4.63629e-17
3420.61 -4.21317e-18 4.56112e-17
3423.97 4.80796e-17 4.58387e-17
3427.34 -1.55032e-17 4.58768e-17
3430.7 -7.28782e-18 4.51379e-17
3434.06 -1.68435e-17 4.53805e-17
3437.43 -2.97955e-17 4.59991e-17
3440.79 1.24945e-17 4.67808e-17
3444.15 2.35213e-17 4.74656e-17
3447.52 -1.60896e-17 4.74787e-17
3450.88 4.40304e-17 4.65548e-17
3454.24 -1.09864e-17 4.51404e-17
3457.61 -1.55461e-17 4.57245e-17
3460.97 2.42198e-17 4.68558e-17
3464.33 4.43075e-17 4.78372e-17
3467.7 1.19781e-17 4.58765e-17
3471.06 -1.35038e-17 4.52063e-17
3474.42 9.21178e-18 4.67837e-17
3477.79 6.00663e-18 4.61756e-17
3481.15 9.38059e-18 4.5164e-17
3484.51 -1.46624e-17 4.52441e-17
3487.88 2.41425e-17 4.68497e-17
3491.24 1.56529e-17 4.61509e-17
3494.6 -6.71199e-18 4.57837e-17
3497.97 -1.46535e-17 4.60748e-17
3501.33 -5.65739e-18 4.60541e-17
3504.69 9.99334e-18 4.61719e-17
3508.06 1.8901e-18 4.56641e-17
3511.42 1.57578e-17 4.6733e-17
3514.78 -1.20022e-17 4.61411e-17
3518.15 -1.99722e-17 4.54584e-17
3521.51 5.8696e-18 4.55074e-17
3524.87 -1.67794e-17 4.65245e-17
3528.24 -3.64642e-18 4.67207e-17
3531.6 5.85361e-18 4.58174e-17
3534.96 -4.00209e-18 4.41255e-17
3538.33 1.65048e-17 4.42764e-17
3541.69 2.21053e-18 4.29111e-17
3545.05 5.40665e-18 4.16682e-17
3548.42 1.08589e-17 4.17497e-17
3551.78 -8.04521e-19 3.92835e-17
3555.15 5.6404e-18 3.83871e-17
3558.51 -6.7117e-18 3.71393e-17
3561.87 -5.97114e-18 3.60387e-17
3565.24 -6.79054e-19 3.57712e-17
3568.6 6.5738e-18 3.41377e-17
3571.96 4.33314e-18 3.30062e-17
3575.33 9.05574e-18 3.28838e-17
3578.69 8.13865e-18 3.15333e-17
3582.05 -5.87624e-18 3.18106e-17
3585.42 6.66978e-18 3.16634e-17
3588.78 9.06568e-19 3.10685e-17
3592.14 -4.65602e-18 3.01093e-17
3595.51 1.08402e-18 2.93542e-17
3598.87 6.47703e-18 2.88389e-17
3602.23 7.47819e-18 2.87762e-17
3605.6 8.60677e-18 2.82729e-17
3608.96 -5.62472e-19 2.69191e-17
3612.32 5.98889e-18 2.69617e-17
3615.69 2.74341e-18 2.58783e-17
3619.05 2.0655e-18 2.55777e-17
3622.41 5.40438e-18 2.55134e-17
3625.78 1.24155e-18 2.51835e-17
3629.14 7.39089e-18 2.51374e-17
3632.5 2.62717e-18 2.4164e-17
3635.87 8.41884e-19 2.27196e-17
3639.23 -8.07913e-19 2.30972e-17
3642.59 6.87639e-18 2.31228e-17
3645.96 1.02347e-17 2.31731e-17
3649.32 1.45928e-19 2.28256e-17
3652.68 -3.41542e-18 2.18167e-17
3656.05 -6.1656e-19 2.18008e-17
3659.41 -3.03752e-18 2.1288e-17
3662.77 -2.58327e-18 2.12582e-17
3666.14 -1.97278e-18 2.10165e-17
3669.5 3.50966e-18 2.02066e-17
3672.86 7.00008e-19 1.98611e-17
3676.23 3.81868e-18 1.96022e-17
3679.59 3.85629e-18 1.9221e-17
3682.95 3.57322e-18 1.95735e-17
3686.32 -4.72197e-18 1.91108e-17
3689.68 -1.02951e-18 1.86074e-17
3693.04 5.99799e-18 1.88742e-17
3696.41 -8.41642e-19 1.84119e-17
3699.77 -1.86477e-18 1.745e-17
3703.13 -1.7389e-18 1.72092e-17
3706.5 -2.83136e-20 1.7295e-17
3709.86 -3.4728e-19 1.66055e-17
3713.22 4.83747e-19 1.63148e-17
3716.59 -5.8523e-19 1.65387e-17
3719.95 -1.47146e-18 1.58962e-17
3723.31 -1.64281e-18 1.57011e-17
3726.68 -2.16627e-18 1.52852e-17
3730.04 3.4956e-19 1.48021e-17
3733.4 5.9707e-19 1.45185e-17
3736.77 6.63127e-19 1.44784e-17
3740.13 1.69228e-18 1.39064e-17
3743.49 -5.91003e-19 1.36002e-17
3746.86 -1.22782e-18 1.36954e-17
3750.22 -4.3884e-19 1.3423e-17
3753.58 1.80783e-18 1.33753e-17
3756.95 2.02025e-18 1.33475e-17
3760.31 3.16226e-18 1.30088e-17
3763.67 -5.13634e-19 1.25266e-17
3767.04 -1.22317e-18 1.27342e-17
3770.4 3.80634e-18 1.28464e-17
3773.76 2.11346e-18 1.26169e-17
3777.13 2.82438e-18 1.27972e-17
3780.49 -2.34162e-18 1.25613e-17
3783.85 1.13194e-18 1.23395e-17
3787.22 1.40026e-18 1.18084e-17
3790.58 1.09906e-18 1.15794e-17
3793.94 -1.26697e-18 1.12357e-17
3797.31 2.58397e-18 1.11594e-17
3800.67 6.97711e-18 1.13562e-17
3804.03 5.59991e-18 1.1116e-17
3807.4 -7.34906e-19 1.07805e-17
3810.76 5.02609e-19 1.05373e-17
3814.12 6.05243e-19 9.97321e-18
3817.49 1.01189e-18 9.84551e-18
3820.85 2.96503e-18 9.43526e-18
3824.21 4.72028e-18 9.25406e-18
3827.58 4.29866e-18 9.1535e-18
3830.94 1.93732e-18 8.78895e-18
3834.3 3.49129e-18 8.72233e-18
3837.67 3.83014e-18 8.85643e-18
3841.03 3.1297e-18 8.8075e-18
3844.39 1.92171e-18 8.80491e-18
3847.76 1.7976e-18 8.8909e-18
3851.12 3.26673e-18 8.73015e-18
3854.49 1.57617e-18 8.31647e-18
3857.85 1.27422e-18 8.17151e-18
3861.21 8.28726e-18 8.48106e-18
3864.58 5.0444e-18 8.23186e-18
3867.94 5.54588e-18 8.09237e-18
3871.3 3.9968e-18 7.87668e-18
3874.67 8.10028e-18 7.92884e-18
3878.03 3.65676e-18 7.60222e-18
3881.39 3.28207e-18 7.55127e-18
3884.76 1.51681e-18 7.36241e-18
3888.12 7.64393e-18 7.65524e-18
3891.48 4.98943e-18 7.47292e-18
3894.85 2.84937e-18 7.38574e-18
3898.21 8.21798e-18 7.54033e-18
3901.57 6.34996e-18 7.5104e-18
3904.94 2.103e-18 7.33209e-18
3908.3 3.48714e-18 7.33572e-18
3911.66 8.34715e-18 7.43236e-18
3915.03 8.86229e-18 7.40023e-18
3918.39 7.19878e-18 7.16603e-18
3921.75 9.57125e-18 6.92845e-18
3925.12 7.04434e-18 6.4754e-18
3928.48 1.02606e-17 6.34015e-18
3931.84 7.95601e-18 6.09011e-18
3935.21 8.84108e-18 6.08329e-18
3938.57 1.34476e-17 6.3209e-18
3941.93 1.55971e-17 6.57006e-18
3945.3 1.30727e-17 6.66507e-18
3948.66 1.01077e-17 6.64802e-18
3952.02 9.02514e-18 6.52657e-18
3955.39 1.23145e-17 6.51344e-18
3958.75 1.87261e-17 6.54609e-18
3962.11 1.96537e-17 6.30638e-18
3965.48 1.48165e-17 5.89091e-18
3968.84 1.37775e-17 5.75179e-18
3972.2 1.32052e-17 5.92571e-18
3975.57 1.58196e-17 6.17469e-18
3978.93 1.52121e-17 6.38139e-18
3982.29 1.46619e-17 6.47371e-18
3985.66 1.67708e-17 6.54323e-18
3989.02 1.05114e-17 6.34327e-18
3992.38 1.48776e-17 6.3743e-18
3995.75 1.77773e-17 6.43093e-18
3999.11 1.43063e-17 6.28898e-18
4002.47 1.59886e-17 6.30168e-18
4005.84 1.99763e-17 6.35398e-18
4009.2 1.25258e-17 6.23867e-18
4012.56 1.44986e-17 6.30624e-18
4015.93 1.95085e-17 6.35892e-18
4019.29 2.01948e-17 6.32079e-18
4022.65 2.39484e-17 6.37233e-18
4026.02 2.14092e-17 6.27457e-18
4029.38 1.55497e-17 6.0308e-18
4032.74 2.32177e-17 6.18311e-18
4036.11 3.41259e-17 6.31719e-18
4039.47 2.80345e-17 6.20866e-18
4042.83 3.04355e-17 6.29665e-18
4046.2 3.37728e-17 6.27143e-18
4049.56 2.74019e-17 6.07521e-18
4052.92 2.61311e-17 6.02172e-18
4056.29 1.84417e-17 5.85632e-18
4059.65 2.47321e-17 5.86354e-18
4063.01 2.67454e-17 5.85556e-18
4066.38 2.62073e-17 5.83211e-18
4069.74 3.45029e-17 5.92353e-18
4073.1 2.87893e-17 5.77798e-18
4076.47 2.19413e-17 5.66768e-18
4079.83 2.05515e-17 5.65992e-18
4083.19 2.41835e-17 5.69843e-18
4086.56 2.4708e-17 5.75875e-18
4089.92 1.83563e-17 5.57352e-18
4093.28 1.77515e-17 5.54274e-18
4096.65 2.33478e-17 5.46452e-18
4100.01 2.28242e-17 5.3767e-18
4103.37 1.96145e-17 5.27433e-18
4106.74 1.26542e-17 5.2183e-18
4110.1 1.37846e-17 5.29177e-18
4113.46 1.44479e-17 5.3069e-18
4116.83 1.34825e-17 5.26183e-18
4120.19 1.4774e-17 5.21446e-18
4123.55 1.68052e-17 5.22702e-18
4126.92 1.49876e-17 5.22631e-18
4130.28 1.17333e-17 5.09289e-18
4133.64 1.7229e-17 5.09312e-18
4137.01 1.88458e-17 5.1447e-18
4140.37 1.34741e-17 5.02833e-18
4143.73 1.38641e-17 5.03604e-18
4147.1 1.91882e-17 5.1066e-18
4150.46 2.30172e-17 5.08363e-18
4153.83 2.53346e-17 5.11757e-18
4157.19 1.70759e-17 5.00875e-18
4160.55 9.59572e-18 4.87121e-18
4163.92 2.1846e-17 5.0217e-18
4167.28 1.94983e-17 4.94436e-18
4170.64 1.34447e-17 4.81076e-18
4174.01 2.28591e-17 4.93751e-18
4177.37 2.05259e-17 4.82368e-18
4180.73 2.30797e-17 4.83074e-18
4184.1 1.47158e-17 4.76561e-18
4187.46 1.40724e-17 4.74792e-18
4190.82 1.61944e-17 4.70988e-18
4194.19 2.15364e-17 4.69754e-18
4197.55 1.38579e-17 4.61795e-18
4200.91 1.38979e-17 4.65995e-18
4204.28 1.36696e-17 4.64384e-18
4207.64 2.03151e-17 4.72075e-18
4211 1.9935e-17 4.71084e-18
4214.37 1.14222e-17 4.56802e-18
4217.73 1.44071e-17 4.60855e-18
4221.09 1.14085e-17 4.49091e-18
4224.46 1.1736e-17 4.41364e-18
4227.82 1.65059e-17 4.42901e-18
4231.18 2.01565e-17 4.46826e-18
4234.55 1.50688e-17 4.37679e-18
4237.91 2.09338e-17 4.45925e-18
4241.27 1.37014e-17 4.37212e-18
4244.64 1.61551e-17 4.31732e-18
4248 1.68714e-17 4.34854e-18
4251.36 1.79431e-17 4.37551e-18
4254.73 1.86089e-17 4.31305e-18
4258.09 1.48288e-17 4.26439e-18
4261.45 1.88612e-17 4.3011e-18
4264.82 1.98708e-17 4.27389e-18
4268.18 1.64254e-17 4.18614e-18
4271.54 2.53948e-17 4.28969e-18
4274.91 2.41889e-17 4.24037e-18
4278.27 2.97911e-17 4.28133e-18
4281.63 2.09174e-17 4.1931e-18
4285 1.78276e-17 4.13575e-18
4288.36 2.40507e-17 4.18898e-18
4291.72 1.6176e-17 4.01263e-18
4295.09 1.81405e-17 3.90633e-18
4298.45 1.43684e-17 3.80115e-18
4301.81 1.74454e-17 3.77527e-18
4305.18 1.34223e-17 3.67882e-18
4308.54 1.66667e-17 3.71038e-18
4311.9 1.74463e-17 3.82611e-18
4315.27 1.35846e-17 3.89986e-18
4318.63 1.2286e-17 3.95122e-18
4321.99 9.70778e-18 3.96474e-18
4325.36 1.5357e-17 3.98261e-18
4328.72 1.55542e-17 3.91564e-18
4332.08 1.95491e-17 3.90513e-18
4335.45 1.58323e-17 3.90647e-18
4338.81 1.31047e-17 3.82108e-18
4342.17 8.54102e-18 3.7418e-18
4345.54 1.60714e-17 3.81631e-18
4348.9 1.25813e-17 3.81664e-18
4352.26 1.58335e-17 3.96516e-18
4355.63 2.40803e-17 4.03568e-18
4358.99 1.68221e-17 3.98141e-18
4362.35 1.99604e-17 3.99027e-18
4365.72 1.86379e-17 3.96812e-18
4369.08 2.46055e-17 3.95219e-18
4372.44 2.39084e-17 3.88522e-18
4375.81 1.77834e-17 3.80449e-18
4379.17 1.74941e-17 3.71678e-18
4382.53 2.3576e-17 3.78053e-18
4385.9 2.39015e-17 3.80641e-18
4389.26 2.76176e-17 3.77285e-18
4392.62 3.32723e-17 3.86252e-18
4395.99 3.28624e-17 3.91243e-18
4399.35 2.64384e-17 3.86089e-18
4402.71 3.23268e-17 3.88399e-18
4406.08 3.26085e-17 3.88223e-18
4409.44 3.47366e-17 3.9113e-18
4412.8 3.7923e-17 3.96046e-18
4416.17 3.23332e-17 3.90631e-18
4419.53 3.17866e-17 3.89315e-18
4422.89 3.36452e-17 3.90443e-18
4426.26 3.20867e-17 3.89322e-18
4429.62 3.52965e-17 3.91544e-18
4432.98 3.25354e-17 3.87828e-18
4436.35 4.17406e-17 3.93625e-18
4439.71 4.28628e-17 3.94394e-18
4443.07 4.19001e-17 3.9372e-18
4446.44 3.66213e-17 3.85946e-18
4449.8 3.30171e-17 3.78946e-18
4453.17 3.31959e-17 3.77287e-18
4456.53 3.44647e-17 3.75722e-18
4459.89 3.76871e-17 3.74272e-18
4463.26 4.20364e-17 3.77548e-18
4466.62 3.35193e-17 3.71622e-18
4469.98 4.31637e-17 3.83081e-18
4473.35 3.9007e-17 3.80668e-18
4476.71 3.23961e-17 3.75736e-18
4480.07 2.95407e-17 3.66738e-18
4483.44 3.20382e-17 3.68273e-18
4486.8 3.70445e-17 3.76623e-18
4490.16 3.08682e-17 3.69173e-18
4493.53 3.58182e-17 3.69646e-18
4496.89 4.14194e-17 3.74185e-18
4500.25 3.74101e-17 3.73369e-18
4503.62 3.48595e-17 3.71086e-18
4506.98 3.79789e-17 3.7218e-18
4510.34 3.53362e-17 3.72996e-18
4513.71 3.32971e-17 3.65865e-18
4517.07 3.60763e-17 3.65546e-18
4520.43 3.89523e-17 3.67022e-18
4523.8 4.03098e-17 3.64036e-18
4527.16 3.514e-17 3.57688e-18
4530.52 3.65839e-17 3.56527e-18
4533.89 4.22746e-17 3.61868e-18
4537.25 4.10082e-17 3.59428e-18
4540.61 3.4585e-17 3.58373e-18
4543.98 4.22397e-17 3.61728e-18
4547.34 4.23103e-17 3.59889e-18
4550.7 4.10668e-17 3.55903e-18
4554.07 4.06408e-17 3.56128e-18
4557.43 4.1533e-17 3.56063e-18
4560.79 3.72254e-17 3.52278e-18
4564.16 4.91616e-17 3.62056e-18
4567.52 4.40173e-17 3.57297e-18
4570.88 3.85786e-17 3.51542e-18
4574.25 4.53802e-17 3.537e-18
4577.61 4.88426e-17 3.61013e-18
4580.97 4.21011e-17 3.53147e-18
4584.34 4.34109e-17 3.51407e-18
4587.7 4.87451e-17 3.56683e-18
4591.06 5.22022e-17 3.59964e-18
4594.43 4.84345e-17 3.54348e-18
4597.79 5.47102e-17 3.56095e-18
4601.15 5.40501e-17 3.58003e-18
4604.52 5.23164e-17 3.57729e-18
4607.88 5.57247e-17 3.60391e-18
4611.24 6.26087e-17 3.64381e-18
4614.61 6.11888e-17 3.63525e-18
4617.97 5.57371e-17 3.59337e-18
4621.33 5.20728e-17 3.5625e-18
4624.7 4.94293e-17 3.50379e-18
4628.06 5.20847e-17 3.52773e-18
4631.42 5.67453e-17 3.55952e-18
4634.79 5.9849e-17 3.57221e-18
4638.15 5.84618e-17 3.57918e-18
4641.51 5.70796e-17 3.53909e-18
4644.88 6.64168e-17 3.6006e-18
4648.24 6.57899e-17 3.58452e-18
4651.6 6.53719e-17 3.60272e-18
4654.97 6.79197e-17 3.61518e-18
4658.33 6.25823e-17 3.56221e-18
4661.69 6.9606e-17 3.61e-18
4665.06 7.08778e-17 3.61822e-18
4668.42 7.58748e-17 3.64121e-18
4671.78 7.36342e-17 3.63625e-18
4675.15 7.60411e-17 3.65701e-18
4678.51 7.82755e-17 3.64865e-18
4681.87 7.84112e-17 3.66217e-18
4685.24 7.89114e-17 3.68375e-18
4688.6 8.06954e-17 3.7031e-18
4691.96 8.30012e-17 3.71042e-18
4695.33 8.63851e-17 3.72727e-18
4698.69 8.36575e-17 3.67966e-18
4702.05 8.19291e-17 3.6723e-18
4705.42 8.05216e-17 3.63286e-18
4708.78 7.89591e-17 3.60352e-18
4712.14 7.75328e-17 3.6075e-18
4715.51 7.33299e-17 3.56404e-18
4718.87 6.7139e-17 3.51738e-18
4722.23 6.86884e-17 3.51631e-18
4725.6 7.35889e-17 3.5594e-18
4728.96 7.68884e-17 3.57412e-18
4732.32 7.02098e-17 3.49926e-18
4735.69 6.66325e-17 3.44409e-18
4739.05 6.29155e-17 3.42241e-18
4742.41 6.4177e-17 3.43054e-18
4745.78 6.85365e-17 3.4705e-18
4749.14 6.28254e-17 3.40176e-18
4752.51 6.00301e-17 3.36245e-18
4755.87 6.08038e-17 3.36349e-18
4759.23 6.31429e-17 3.34127e-18
4762.6 6.52388e-17 3.34932e-18
4765.96 5.82699e-17 3.29465e-18
4769.32 5.20042e-17 3.23532e-18
4772.69 4.89128e-17 3.21477e-18
4776.05 4.84849e-17 3.2031e-18
4779.41 4.90094e-17 3.18858e-18
4782.78 4.43555e-17 3.14242e-18
4786.14 4e-17 3.09874e-18
4789.5 4.42819e-17 3.11942e-18
4792.87 4.22709e-17 3.11022e-18
4796.23 3.93779e-17 3.08692e-18
4799.59 3.86124e-17 3.0461e-18
4802.96 4.16123e-17 3.08189e-18
4806.32 4.39114e-17 3.10353e-18
4809.68 4.00111e-17 3.06196e-18
4813.05 3.59081e-17 3.02148e-18
4816.41 3.55848e-17 3.02542e-18
4819.77 4.16376e-17 3.07386e-18
4823.14 3.81378e-17 3.0471e-18
4826.5 3.98646e-17 3.03846e-18
4829.86 3.98144e-17 3.0153e-18
4833.23 3.47285e-17 2.94611e-18
4836.59 3.60519e-17 2.955e-18
4839.95 3.77346e-17 2.97792e-18
4843.32 3.47061e-17 2.93979e-18
4846.68 3.19746e-17 2.88902e-18
4850.04 3.35732e-17 2.88262e-18
4853.41 3.41786e-17 2.84769e-18
4856.77 3.69202e-17 2.85622e-18
4860.13 3.60809e-17 2.80973e-18
4863.5 3.32798e-17 2.79668e-18
4866.86 3.24832e-17 2.79286e-18
4870.22 3.48095e-17 2.82515e-18
4873.59 3.28262e-17 2.83593e-18
4876.95 3.47455e-17 2.85433e-18
4880.31 3.61566e-17 2.87281e-18
4883.68 3.60879e-17 2.86899e-18
4887.04 3.4737e-17 2.86629e-18
4890.4 3.73397e-17 2.89243e-18
4893.77 3.6489e-17 2.87879e-18
4897.13 3.85661e-17 2.89256e-18
4900.49 3.42491e-17 2.84646e-18
4903.86 4.13522e-17 2.91738e-18
4907.22 4.01531e-17 2.91001e-18
4910.58 4.11871e-17 2.89703e-18
4913.95 4.18553e-17 2.87758e-18
4917.31 4.15829e-17 2.86437e-18
4920.67 3.82529e-17 2.81569e-18
4924.04 3.71086e-17 2.80037e-18
4927.4 3.58199e-17 2.81077e-18
4930.76 3.60785e-17 2.79858e-18
4934.13 3.43149e-17 2.781e-18
4937.49 3.13039e-17 2.76904e-18
4940.85 3.24812e-17 2.75656e-18
4944.22 3.2215e-17 2.74206e-18
4947.58 2.84746e-17 2.71846e-18
4950.94 2.90312e-17 2.702e-18
4954.31 2.80802e-17 2.67449e-18
4957.67 3.07209e-17 2.68874e-18
4961.03 3.28847e-17 2.69801e-18
4964.4 3.29795e-17 2.70608e-18
4967.76 3.33312e-17 2.72737e-18
4971.12 3.06542e-17 2.69843e-18
4974.49 3.54397e-17 2.74105e-18
4977.85 3.53612e-17 2.7268e-18
4981.21 3.72646e-17 2.75109e-18
4984.58 3.70283e-17 2.73395e-18
4987.94 3.89279e-17 2.76397e-18
4991.3 4.09505e-17 2.786e-18
4994.67 4.22277e-17 2.76973e-18
4998.03 4.76557e-17 2.82408e-18
5001.39 4.57249e-17 2.80137e-18
5004.76 5.32649e-17 2.86314e-18
5008.12 5.89637e-17 2.90884e-18
5011.48 5.78479e-17 2.88063e-18
5014.85 5.4092e-17 2.85528e-18
5018.21 5.88808e-17 2.90979e-18
5021.57 6.38235e-17 2.94094e-18
5024.94 6.39872e-17 2.96476e-18
5028.3 6.52239e-17 2.97101e-18
5031.66 6.78931e-17 2.99998e-18
5035.03 7.06819e-17 3.02053e-18
5038.39 7.49324e-17 3.04999e-18
5041.75 7.5676e-17 3.05471e-18
5045.12 7.57209e-17 3.05846e-18
5048.48 7.54111e-17 3.05938e-18
5051.85 7.39708e-17 3.05434e-18
5055.21 7.57275e-17 3.05867e-18
5058.57 7.37338e-17 3.02941e-18
5061.94 6.82572e-17 2.96848e-18
5065.3 6.53173e-17 2.92926e-18
5068.66 6.02655e-17 2.86638e-18
5072.03 5.67302e-17 2.81987e-18
5075.39 5.54736e-17 2.78486e-18
5078.75 5.4135e-17 2.74992e-18
5082.12 4.77385e-17 2.69592e-18
5085.48 4.4412e-17 2.67579e-18
5088.84 4.10453e-17 2.6316e-18
5092.21 3.81028e-17 2.58175e-18
5095.57 3.84341e-17 2.57053e-18
5098.93 4.04549e-17 2.58311e-18
5102.3 3.91259e-17 2.53775e-18
5105.66 3.64029e-17 2.5283e-18
5109.02 3.71774e-17 2.53221e-18
5112.39 3.60252e-17 2.50994e-18
5115.75 3.22102e-17 2.47712e-18
5119.11 3.15385e-17 2.45696e-18
5122.48 3.32145e-17 2.44579e-18
5125.84 3.82232e-17 2.48089e-18
5129.2 3.97736e-17 2.49423e-18
5132.57 3.77487e-17 2.47034e-18
5135.93 3.73269e-17 2.46182e-18
5139.29 3.74866e-17 2.46579e-18
5142.66 3.66957e-17 2.4567e-18
5146.02 3.76751e-17 2.46675e-18
5149.38 4.02111e-17 2.49066e-18
5152.75 3.96177e-17 2.48715e-18
5156.11 4.20645e-17 2.50462e-18
5159.47 4.64624e-17 2.51904e-18
5162.84 4.67451e-17 2.50075e-18
5166.2 4.36058e-17 2.45267e-18
5169.56 4.23452e-17 2.42527e-18
5172.93 4.36883e-17 2.43379e-18
5176.29 4.42021e-17 2.43789e-18
5179.65 4.64942e-17 2.46383e-18
5183.02 4.80608e-17 2.48371e-18
5186.38 4.75497e-17 2.49109e-18
5189.74 4.74573e-17 2.51957e-18
5193.11 5.01013e-17 2.5741e-18
5196.47 4.9928e-17 2.58091e-18
5199.83 4.76369e-17 2.56335e-18
5203.2 4.80937e-17 2.55728e-18
5206.56 4.94225e-17 2.52935e-18
5209.92 4.94754e-17 2.51177e-18
5213.29 4.64445e-17 2.4761e-18
5216.65 5.25736e-17 2.51769e-18
5220.01 5.23654e-17 2.52154e-18
5223.38 5.03227e-17 2.49686e-18
5226.74 5.01253e-17 2.48218e-18
5230.1 5.19405e-17 2.49757e-18
5233.47 5.60708e-17 2.52849e-18
5236.83 5.16901e-17 2.5011e-18
5240.19 5.12645e-17 2.49409e-18
5243.56 5.10972e-17 2.50752e-18
5246.92 5.29267e-17 2.50179e-18
5250.28 5.2227e-17 2.48704e-18
5253.65 5.49137e-17 2.48204e-18
5257.01 5.23478e-17 2.46405e-18
5260.37 5.71933e-17 2.49114e-18
5263.74 5.27041e-17 2.44478e-18
5267.1 5.60587e-17 2.45632e-18
5270.46 5.70328e-17 2.45773e-18
5273.83 5.79988e-17 2.47242e-18
5277.19 5.65838e-17 2.49094e-18
5280.55 5.21493e-17 2.44099e-18
5283.92 5.45156e-17 2.46436e-18
5287.28 5.80574e-17 2.50455e-18
5290.64 5.86759e-17 2.5118e-18
5294.01 6.08696e-17 2.521e-18
5297.37 6.3038e-17 2.53676e-18
5300.73 6.13965e-17 2.51265e-18
5304.1 6.20195e-17 2.52288e-18
5307.46 6.53713e-17 2.56475e-18
5310.82 6.49282e-17 2.54536e-18
5314.19 6.44451e-17 2.5472e-18
5317.55 6.86928e-17 2.56368e-18
5320.91 6.84071e-17 2.53314e-18
5324.28 6.7337e-17 2.51863e-18
5327.64 6.78346e-17 2.52354e-18
5331 7.05948e-17 2.54028e-18
5334.37 7.13205e-17 2.55873e-18
5337.73 7.2884e-17 2.58902e-18
5341.09 7.51712e-17 2.59149e-18
5344.46 7.37057e-17 2.56319e-18
5347.82 7.19348e-17 2.55886e-18
5351.19 7.43315e-17 2.58784e-18
5354.55 7.80415e-17 2.60891e-18
5357.91 8.13471e-17 2.62372e-18
5361.28 8.38818e-17 2.63635e-18
5364.64 8.38299e-17 2.63274e-18
5368 8.45866e-17 2.63174e-18
5371.37 8.56204e-17 2.62927e-18
5374.73 8.66349e-17 2.6546e-18
5378.09 8.52567e-17 2.64277e-18
5381.46 8.58142e-17 2.63383e-18
5384.82 9.13505e-17 2.66847e-18
5388.18 9.13253e-17 2.65059e-18
5391.55 8.14479e-17 2.58336e-18
5394.91 8.29082e-17 2.5901e-18
5398.27 8.40517e-17 2.59823e-18
5401.64 8.55782e-17 2.59324e-18
5405 8.68275e-17 2.5939e-18
5408.36 8.6099e-17 2.57097e-18
5411.73 8.78978e-17 2.60104e-18
5415.09 8.98208e-17 2.6371e-18
5418.45 9.4597e-17 2.66661e-18
5421.82 9.18144e-17 2.6324e-18
5425.18 9.50439e-17 2.65013e-18
5428.54 9.4654e-17 2.63592e-18
5431.91 9.57387e-17 2.63928e-18
5435.27 9.52908e-17 2.64168e-18
5438.63 9.19367e-17 2.63318e-18
5442 9.6542e-17 2.66389e-18
5445.36 1.00136e-16 2.67213e-18
5448.72 9.57791e-17 2.65045e-18
5452.09 1.01276e-16 2.69921e-18
5455.45 1.01715e-16 2.71011e-18
5458.81 9.40856e-17 2.64631e-18
5462.18 9.67399e-17 2.65996e-18
5465.54 9.88109e-17 2.66562e-18
5468.9 9.61835e-17 2.6313e-18
5472.27 9.38601e-17 2.60229e-18
5475.63 9.30062e-17 2.58774e-18
5478.99 9.28534e-17 2.58327e-18
5482.36 9.08761e-17 2.56388e-18
5485.72 9.00045e-17 2.55865e-18
5489.08 8.98386e-17 2.55079e-18
5492.45 9.08702e-17 2.545e-18
5495.81 9.21415e-17 2.55713e-18
5499.17 9.07307e-17 2.54618e-18
5502.54 9.36384e-17 2.57703e-18
5505.9 9.61147e-17 2.59411e-18
5509.26 9.42926e-17 2.57317e-18
5512.63 9.60421e-17 2.59165e-18
5515.99 9.51289e-17 2.58196e-18
5519.35 1.00137e-16 2.60592e-18
5522.72 9.94399e-17 2.59971e-18
5526.08 1.05101e-16 2.64099e-18
5529.44 1.05462e-16 2.64846e-18
5532.81 1.05055e-16 2.64732e-18
5536.17 1.08119e-16 2.65964e-18
5539.53 1.13363e-16 2.7019e-18
5542.9 1.11718e-16 2.68886e-18
5546.26 1.17946e-16 2.72701e-18
5549.62 1.21989e-16 2.75829e-18
5552.99 1.27551e-16 2.78414e-18
5556.35 1.28324e-16 2.78892e-18
5559.71 1.27237e-16 2.79339e-18
5563.08 1.35118e-16 2.83823e-18
5566.44 1.43509e-16 3.00223e-18
5569.8 1.45299e-16 3.27413e-18
5573.17 1.48785e-16 3.449e-18
5576.53 1.52278e-16 3.46526e-18
5579.89 1.56098e-16 3.47154e-18
5583.26 1.57454e-16 3.33915e-18
5586.62 1.57509e-16 3.07678e-18
5589.98 1.60824e-16 2.96527e-18
5593.35 1.61971e-16 2.97794e-18
5596.71 1.65251e-16 3.00817e-18
5600.07 1.68156e-16 3.02451e-18
5603.44 1.67529e-16 3.01874e-18
5606.8 1.68553e-16 3.01679e-18
5610.16 1.68976e-16 3.0238e-18
5613.53 1.68148e-16 3.01351e-18
5616.89 1.69899e-16 3.00792e-18
5620.25 1.72718e-16 3.02638e-18
5623.62 1.69804e-16 3.015e-18
5626.98 1.71145e-16 3.02178e-18
5630.34 1.6273e-16 2.98143e-18
5633.71 1.65923e-16 2.98688e-18
5637.07 1.65566e-16 2.98289e-18
5640.43 1.59468e-16 2.95423e-18
5643.8 1.56665e-16 2.9335e-18
5647.16 1.65073e-16 2.97077e-18
5650.52 1.61274e-16 2.94828e-18
5653.89 1.50399e-16 2.88831e-18
5657.25 1.54597e-16 2.90288e-18
5660.62 1.59195e-16 2.92292e-18
5663.98 1.56712e-16 2.9192e-18
5667.34 1.5316e-16 2.90166e-18
5670.71 1.50986e-16 2.88864e-18
5674.07 1.49572e-16 2.87681e-18
5677.43 1.4575e-16 2.85296e-18
5680.8 1.43616e-16 2.83941e-18
5684.16 1.42557e-16 2.8343e-18
5687.52 1.39065e-16 2.81791e-18
5690.89 1.40776e-16 2.81412e-18
5694.25 1.41744e-16 2.81642e-18
5697.61 1.34839e-16 2.76591e-18
5700.98 1.29371e-16 2.72683e-18
5704.34 1.31282e-16 2.73047e-18
5707.7 1.33647e-16 2.75263e-18
5711.07 1.31694e-16 2.72047e-18
5714.43 1.32946e-16 2.73543e-18
5717.79 1.29365e-16 2.71497e-18
5721.16 1.34047e-16 2.73994e-18
5724.52 1.3238e-16 2.74574e-18
5727.88 1.29643e-16 2.73159e-18
5731.25 1.26373e-16 2.70159e-18
5734.61 1.30405e-16 2.72359e-18
5737.97 1.32334e-16 2.72942e-18
5741.34 1.31787e-16 2.73121e-18
5744.7 1.33902e-16 2.73652e-18
5748.06 1.32272e-16 2.72138e-18
5751.43 1.30548e-16 2.71558e-18
5754.79 1.34376e-16 2.72944e-18
5758.15 1.30004e-16 2.70117e-18
5761.52 1.27765e-16 2.69149e-18
5764.88 1.33211e-16 2.72395e-18
5768.24 1.29601e-16 2.70344e-18
5771.61 1.27757e-16 2.68796e-18
5774.97 1.29245e-16 2.69872e-18
5778.33 1.26837e-16 2.67524e-18
5781.7 1.25642e-16 2.65995e-18
5785.06 1.22993e-16 2.64862e-18
5788.42 1.18207e-16 2.60742e-18
5791.79 1.14878e-16 2.59956e-18
5795.15 1.14817e-16 2.59665e-18
5798.51 1.16459e-16 2.59486e-18
5801.88 1.18325e-16 2.60657e-18
5805.24 1.12021e-16 2.56997e-18
5808.6 1.10262e-16 2.56142e-18
5811.97 1.14995e-16 2.5802e-18
5815.33 1.08116e-16 2.54621e-18
5818.69 1.07155e-16 2.54132e-18
5822.06 1.09646e-16 2.54868e-18
5825.42 1.07654e-16 2.53837e-18
5828.78 1.04632e-16 2.52274e-18
5832.15 1.04202e-16 2.52067e-18
5835.51 1.06575e-16 2.53547e-18
5838.87 1.0279e-16 2.50319e-18
5842.24 9.96049e-17 2.47939e-18
5845.6 1.0191e-16 2.49387e-18
5848.96 9.90929e-17 2.47013e-18
5852.33 9.88009e-17 2.46498e-18
5855.69 1.01655e-16 2.48267e-18
5859.05 1.0105e-16 2.50128e-18
5862.42 9.71493e-17 2.49557e-18
5865.78 1.02412e-16 2.53712e-18
5869.14 1.05952e-16 2.56195e-18
5872.51 1.01817e-16 2.52678e-18
5875.87 1.02936e-16 2.52857e-18
5879.23 1.02609e-16 2.62168e-18
5882.6 1.04254e-16 2.83026e-18
5885.96 9.75254e-17 2.96905e-18
5889.32 1.00745e-16 3.10833e-18
5892.69 9.99803e-17 3.14199e-18
5896.05 1.01044e-16 3.02768e-18
5899.41 1.00019e-16 2.84187e-18
5902.78 9.98198e-17 2.65473e-18
5906.14 1.04874e-16 2.55112e-18
5909.5 1.031e-16 2.51173e-18
5912.87 9.75486e-17 2.50071e-18
5916.23 1.00731e-16 2.53764e-18
5919.59 1.04519e-16 2.5557e-18
5922.96 1.00208e-16 2.52221e-18
5926.32 9.86543e-17 2.52101e-18
5929.68 1.02259e-16 2.54509e-18
5933.05 1.03036e-16 2.54626e-18
5936.41 1.0304e-16 2.5409e-18
5939.77 1.02531e-16 2.52907e-18
5943.14 1.03022e-16 2.51702e-18
5946.5 1.09072e-16 2.55908e-18
5949.86 1.09828e-16 2.57368e-18
5953.23 1.06434e-16 2.55879e-18
5956.59 1.05631e-16 2.54609e-18
5959.96 1.08753e-16 2.55586e-18
5963.32 1.0931e-16 2.5619e-18
5966.68 1.07702e-16 2.54981e-18
5970.05 1.05521e-16 2.54301e-18
5973.41 1.04841e-16 2.54624e-18
5976.77 1.07541e-16 2.55512e-18
5980.14 1.09665e-16 2.5632e-18
5983.5 1.09542e-16 2.55524e-18
5986.86 1.10717e-16 2.55694e-18
5990.23 1.10687e-16 2.55563e-18
5993.59 1.08446e-16 2.53348e-18
5996.95 1.09742e-16 2.55071e-18
6000.32 1.10656e-16 2.55798e-18
6003.68 1.08218e-16 2.54009e-18
6007.04 1.05015e-16 2.51598e-18
6010.41 1.01047e-16 2.47638e-18
6013.77 9.95118e-17 2.45588e-18
6017.13 9.66452e-17 2.44834e-18
6020.5 9.83055e-17 2.46388e-18
6023.86 9.707e-17 2.44491e-18
6027.22 9.57759e-17 2.44735e-18
6030.59 9.89086e-17 2.46143e-18
6033.95 9.47031e-17 2.43858e-18
6037.31 9.40692e-17 2.42974e-18
6040.68 9.42394e-17 2.41457e-18
6044.04 9.03079e-17 2.39656e-18
6047.4 8.81995e-17 2.38617e-18
6050.77 8.98515e-17 2.38898e-18
6054.13 9.1654e-17 2.40041e-18
6057.49 8.95071e-17 2.37777e-18
6060.86 8.80675e-17 2.36687e-18
6064.22 8.84857e-17 2.3776e-18
6067.58 8.95532e-17 2.38863e-18
6070.95 8.5253e-17 2.34861e-18
6074.31 8.59927e-17 2.34602e-18
6077.67 8.61209e-17 2.34807e-18
6081.04 8.57163e-17 2.35523e-18
6084.4 8.25621e-17 2.32503e-18
6087.76 8.60642e-17 2.34115e-18
6091.13 8.52357e-17 2.34019e-18
6094.49 8.62425e-17 2.35566e-18
6097.85 8.34692e-17 2.33069e-18
6101.22 8.21694e-17 2.31175e-18
6104.58 8.51986e-17 2.33858e-18
6107.94 8.28377e-17 2.32217e-18
6111.31 8.20666e-17 2.32147e-18
6114.67 8.51707e-17 2.34402e-18
6118.03 8.53053e-17 2.32993e-18
6121.4 8.27418e-17 2.31366e-18
6124.76 7.88111e-17 2.28383e-18
6128.12 7.98242e-17 2.29025e-18
6131.49 7.43709e-17 2.24825e-18
6134.85 7.46417e-17 2.25064e-18
6138.21 7.61896e-17 2.2728e-18
6141.58 7.25182e-17 2.23812e-18
6144.94 7.38063e-17 2.25994e-18
6148.3 7.67345e-17 2.26599e-18
6151.67 7.97213e-17 2.28073e-18
6155.03 7.40067e-17 2.23626e-18
6158.39 7.20228e-17 2.22702e-18
6161.76 7.24153e-17 2.22903e-18
6165.12 7.35583e-17 2.23549e-18
6168.48 7.38336e-17 2.24614e-18
6171.85 7.40788e-17 2.25125e-18
6175.21 7.45104e-17 2.25539e-18
6178.57 7.43671e-17 2.25117e-18
6181.94 7.66869e-17 2.25874e-18
6185.3 7.61146e-17 2.25035e-18
6188.66 7.23738e-17 2.216e-18
6192.03 6.98684e-17 2.20497e-18
6195.39 7.09535e-17 2.2162e-18
6198.75 7.26157e-17 2.22565e-18
6202.12 7.0834e-17 2.21254e-18
6205.48 7.03019e-17 2.20558e-18
6208.84 6.85032e-17 2.19197e-18
6212.21 6.7215e-17 2.16841e-18
6215.57 6.66498e-17 2.18617e-18
6218.93 6.58526e-17 2.18243e-18
6222.3 6.62426e-17 2.17009e-18
6225.66 6.4522e-17 2.16838e-18
6229.02 6.23472e-17 2.17297e-18
6232.39 6.32104e-17 2.2005e-18
6235.75 6.18215e-17 2.19547e-18
6239.11 6.00012e-17 2.17516e-18
6242.48 6.34141e-17 2.18779e-18
6245.84 6.4065e-17 2.15979e-18
6249.2 6.05692e-17 2.13749e-18
6252.57 5.97021e-17 2.14048e-18
6255.93 6.06207e-17 2.16116e-18
6259.3 6.15029e-17 2.17375e-18
6262.66 6.32864e-17 2.19073e-18
6266.02 5.83523e-17 2.11181e-18
6269.39 6.31786e-17 2.13669e-18
6272.75 6.12458e-17 2.11801e-18
6276.11 5.81051e-17 2.08091e-18
6279.48 5.79737e-17 2.08844e-18
6282.84 5.87978e-17 2.11298e-18
6286.2 5.79503e-17 2.11503e-18
6289.57 5.91994e-17 2.3197e-18
6292.93 5.9479e-17 2.69123e-18
6296.29 5.76187e-17 2.86985e-18
6299.66 5.51679e-17 2.85836e-18
6303.02 4.94573e-17 2.82915e-18
6306.38 5.5509e-17 2.70235e-18
6309.75 5.56507e-17 2.27427e-18
6313.11 4.89037e-17 2.02343e-18
6316.47 4.86899e-17 1.99435e-18
6319.84 4.97958e-17 2.00476e-18
6323.2 4.88651e-17 2.02091e-18
6326.56 4.66544e-17 2.00372e-18
6329.93 4.87001e-17 2.01135e-18
6333.29 4.79355e-17 1.98568e-18
6336.65 4.84566e-17 1.98054e-18
6340.02 4.91032e-17 1.97264e-18
6343.38 4.92069e-17 1.97228e-18
6346.74 4.97837e-17 1.99915e-18
6350.11 4.954e-17 2.01438e-18
6353.47 5.26545e-17 2.10974e-18
6356.83 5.64467e-17 2.27155e-18
6360.2 5.45262e-17 2.32302e-18
6363.56 5.27211e-17 2.31856e-18
6366.92 5.31356e-17 2.29097e-18
6370.29 5.70292e-17 2.25864e-18
6373.65 5.5547e-17 2.08559e-18
6377.01 5.44001e-17 2.03641e-18
6380.38 5.71499e-17 2.06846e-18
6383.74 5.95671e-17 2.08777e-18
6387.1 5.92282e-17 2.08206e-18
6390.47 5.96941e-17 2.0782e-18
6393.83 6.17671e-17 2.09057e-18
6397.19 6.24473e-17 2.10126e-18
6400.56 6.22839e-17 2.09791e-18
6403.92 6.39167e-17 2.10782e-18
6407.28 6.39903e-17 2.11141e-18
6410.65 6.2258e-17 2.09643e-18
6414.01 6.50953e-17 2.1215e-18
6417.37 6.68461e-17 2.13238e-18
6420.74 6.50235e-17 2.11629e-18
6424.1 6.87183e-17 2.15345e-18
6427.46 6.74175e-17 2.15162e-18
6430.83 6.60094e-17 2.1309e-18
6434.19 6.47699e-17 2.11206e-18
6437.55 6.48161e-17 2.12464e-18
6440.92 6.97744e-17 2.1591e-18
6444.28 6.64675e-17 2.12638e-18
6447.64 7.00397e-17 2.15767e-18
6451.01 7.52913e-17 2.20616e-18
6454.37 7.44225e-17 2.20612e-18
6457.73 7.25676e-17 2.20845e-18
6461.1 7.19769e-17 2.2249e-18
6464.46 7.36512e-17 2.24727e-18
6467.82 7.20729e-17 2.24413e-18
6471.19 7.50745e-17 2.26068e-18
6474.55 7.84155e-17 2.26522e-18
6477.91 7.72003e-17 2.23247e-18
6481.28 7.589e-17 2.19925e-18
6484.64 7.85389e-17 2.22784e-18
6488 7.88574e-17 2.2356e-18
6491.37 7.70999e-17 2.26143e-18
6494.73 7.63549e-17 2.27346e-18
6498.09 7.91637e-17 2.3028e-18
6501.46 8.26618e-17 2.34062e-18
6504.82 8.19993e-17 2.32556e-18
6508.18 8.03649e-17 2.28066e-18
6511.55 7.91243e-17 2.24819e-18
6514.91 7.96606e-17 2.25508e-18
6518.27 8.36312e-17 2.2869e-18
6521.64 8.51764e-17 2.30353e-18
6525 8.68585e-17 2.34299e-18
6528.36 8.44081e-17 2.34676e-18
6531.73 8.55249e-17 2.35055e-18
6535.09 8.78483e-17 2.35944e-18
6538.45 8.89757e-17 2.36253e-18
6541.82 9.0666e-17 2.36099e-18
6545.18 9.02107e-17 2.37527e-18
6548.55 9.06514e-17 2.39842e-18
6551.91 9.26422e-17 2.4111e-18
6555.27 9.41224e-17 2.42647e-18
6558.64 9.28033e-17 2.41649e-18
6562 9.58949e-17 2.41272e-18
6565.36 1.01581e-16 2.43854e-18
6568.73 9.86732e-17 2.43649e-18
6572.09 9.85519e-17 2.44852e-18
6575.45 1.02977e-16 2.47285e-18
6578.82 9.85066e-17 2.44029e-18
6582.18 9.882e-17 2.44379e-18
6585.54 9.81732e-17 2.41756e-18
6588.91 9.89419e-17 2.40936e-18
6592.27 1.02044e-16 2.43073e-18
6595.63 1.03089e-16 2.44894e-18
6599 1.00987e-16 2.43687e-18
6602.36 1.01326e-16 2.43319e-18
6605.72 1.02407e-16 2.44165e-18
6609.09 1.04017e-16 2.45326e-18
6612.45 1.05624e-16 2.4614e-18
6615.81 1.02994e-16 2.43401e-18
6619.18 9.99825e-17 2.40625e-18
6622.54 1.01958e-16 2.4271e-18
6625.9 1.03832e-16 2.43372e-18
6629.27 1.01327e-16 2.42307e-18
6632.63 1.02674e-16 2.43401e-18
6635.99 9.72756e-17 2.38757e-18
6639.36 9.51936e-17 2.3649e-18
6642.72 9.96186e-17 2.39391e-18
6646.08 9.92864e-17 2.39139e-18
6649.45 9.67506e-17 2.37205e-18
6652.81 9.58755e-17 2.36841e-18
6656.17 9.47952e-17 2.35319e-18
6659.54 9.18892e-17 2.33521e-18
6662.9 8.76489e-17 2.3362e-18
6666.26 8.33535e-17 2.32159e-18
6669.63 8.18462e-17 2.30694e-18
6672.99 8.26712e-17 2.32248e-18
6676.35 8.35174e-17 2.30801e-18
6679.72 9.03222e-17 2.31774e-18
6683.08 8.73359e-17 2.28324e-18
6686.44 8.60482e-17 2.27568e-18
6689.81 8.55421e-17 2.27904e-18
6693.17 7.86493e-17 2.22954e-18
6696.53 8.16644e-17 2.25479e-18
6699.9 8.35016e-17 2.24568e-18
6703.26 8.45683e-17 2.23182e-18
6706.62 8.54139e-17 2.24216e-18
6709.99 7.94782e-17 2.1957e-18
6713.35 7.73378e-17 2.17365e-18
6716.71 8.11881e-17 2.20546e-18
6720.08 8.04563e-17 2.19462e-18
6723.44 7.97606e-17 2.19016e-18
6726.8 7.81152e-17 2.17966e-18
6730.17 7.80693e-17 2.17617e-18
6733.53 7.81446e-17 2.17723e-18
6736.89 7.55776e-17 2.15319e-18
6740.26 7.24293e-17 2.12506e-18
6743.62 7.36388e-17 2.12422e-18
6746.98 7.27498e-17 2.11034e-18
6750.35 6.97602e-17 2.08467e-18
6753.71 6.63565e-17 2.05726e-18
6757.07 6.44191e-17 2.03715e-18
6760.44 6.57533e-17 2.04236e-18
6763.8 6.59183e-17 2.04037e-18
6767.16 6.30136e-17 2.01364e-18
6770.53 6.17665e-17 2.00659e-18
6773.89 6.16622e-17 2.00004e-18
6777.25 6.12651e-17 1.98898e-18
6780.62 6.31558e-17 2.00182e-18
6783.98 6.12457e-17 1.99077e-18
6787.34 5.94688e-17 1.97039e-18
6790.71 6.06945e-17 1.98368e-18
6794.07 6.0253e-17 1.9829e-18
6797.43 5.97631e-17 1.97999e-18
6800.8 5.86413e-17 1.96381e-18
6804.16 5.54709e-17 1.92293e-18
6807.52 5.6393e-17 1.93022e-18
6810.89 5.89138e-17 1.95457e-18
6814.25 5.58176e-17 1.92231e-18
6817.61 5.3411e-17 1.92381e-18
6820.98 5.35331e-17 1.98198e-18
6824.34 5.30685e-17 2.04379e-18
6827.7 4.95357e-17 2.06137e-18
6831.07 5.26396e-17 2.0946e-18
6834.43 5.17717e-17 2.07568e-18
6837.79 5.07448e-17 2.0236e-18
6841.16 5.20498e-17 1.9746e-18
6844.52 5.0646e-17 1.92642e-18
6847.89 5.21223e-17 1.90888e-18
6851.25 5.44857e-17 1.9042e-18
6854.61 5.24663e-17 1.93559e-18
6857.98 4.92453e-17 1.98798e-18
6861.34 4.72784e-17 1.98311e-18
6864.7 4.57911e-17 1.95454e-18
6868.07 4.12074e-17 1.88426e-18
6871.43 3.89236e-17 1.8033e-18
6874.79 3.93207e-17 1.71072e-18
6878.16 4.13646e-17 1.72394e-18
6881.52 4.70381e-17 1.81293e-18
6884.88 4.70331e-17 1.82634e-18
6888.25 4.33756e-17 1.78623e-18
6891.61 4.16778e-17 1.76461e-18
6894.97 4.31172e-17 1.78441e-18
6898.34 4.32847e-17 1.78922e-18
6901.7 4.42145e-17 1.79958e-18
6905.06 4.81939e-17 1.85395e-18
6908.43 4.91643e-17 1.8717e-18
6911.79 4.93506e-17 1.87056e-18
6915.15 5.09829e-17 1.92386e-18
6918.52 5.01716e-17 1.9569e-18
6921.88 4.98207e-17 1.92296e-18
6925.24 4.93467e-17 1.92858e-18
6928.61 4.99125e-17 1.92709e-18
6931.97 5.1583e-17 1.90285e-18
6935.33 5.32794e-17 1.90492e-18
6938.7 5.07151e-17 1.90751e-18
6942.06 5.05415e-17 1.96277e-18
6945.42 4.99868e-17 1.97632e-18
6948.79 4.78476e-17 1.93103e-18
6952.15 4.89042e-17 1.93921e-18
6955.51 4.91447e-17 1.91921e-18
6958.88 5.19935e-17 1.88524e-18
6962.24 4.92189e-17 1.84672e-18
6965.6 4.95562e-17 1.85315e-18
6968.97 5.06924e-17 1.89023e-18
6972.33 4.97878e-17 1.90154e-18
6975.69 4.97622e-17 1.91698e-18
6979.06 4.93678e-17 1.9028e-18
6982.42 5.043e-17 1.90202e-18
6985.78 4.90134e-17 1.86664e-18
6989.15 4.72371e-17 1.82943e-18
6992.51 4.56728e-17 1.81049e-18
6995.87 4.41525e-17 1.79068e-18
6999.24 4.56389e-17 1.80304e-18
7002.6 4.47385e-17 1.7964e-18
7005.96 4.56514e-17 1.81564e-18
7009.33 4.50516e-17 1.79902e-18
7012.69 4.23198e-17 1.7625e-18
7016.05 4.45178e-17 1.79018e-18
7019.42 4.28042e-17 1.76477e-18
7022.78 4.02573e-17 1.7212e-18
7026.14 4.36534e-17 1.74891e-18
7029.51 4.64204e-17 1.77745e-18
7032.87 4.54166e-17 1.77185e-18
7036.23 4.37442e-17 1.76175e-18
7039.6 4.28205e-17 1.7655e-18
7042.96 4.41233e-17 1.79219e-18
7046.32 4.45228e-17 1.79659e-18
7049.69 4.18406e-17 1.77456e-18
7053.05 4.53199e-17 1.81184e-18
7056.41 4.62374e-17 1.81095e-18
7059.78 4.56236e-17 1.79849e-18
7063.14 4.88672e-17 1.82644e-18
7066.5 4.90973e-17 1.83411e-18
7069.87 5.00286e-17 1.84517e-18
7073.23 5.04377e-17 1.85136e-18
7076.59 5.07498e-17 1.86207e-18
7079.96 5.09035e-17 1.86268e-18
7083.32 5.02488e-17 1.85727e-18
7086.68 5.21468e-17 1.8815e-18
7090.05 5.34164e-17 1.88529e-18
7093.41 5.2135e-17 1.86935e-18
7096.77 5.37348e-17 1.87796e-18
7100.14 5.30461e-17 1.86755e-18
7103.5 5.16087e-17 1.85714e-18
7106.86 5.12114e-17 1.86175e-18
7110.23 5.40559e-17 1.8827e-18
7113.59 5.55639e-17 1.89488e-18
7116.95 5.752e-17 1.91989e-18
7120.32 5.79808e-17 1.93354e-18
7123.68 5.80453e-17 1.93447e-18
7127.04 5.88577e-17 1.93153e-18
7130.41 5.7075e-17 1.91516e-18
7133.77 5.63805e-17 1.91997e-18
7137.13 5.76267e-17 1.93064e-18
7140.5 5.77656e-17 1.93365e-18
7143.86 5.65464e-17 1.93736e-18
7147.23 5.60711e-17 1.92101e-18
7150.59 5.58798e-17 1.91885e-18
7153.95 5.65632e-17 1.92723e-18
7157.32 5.86211e-17 1.92685e-18
7160.68 5.81966e-17 1.92699e-18
7164.04 5.54625e-17 1.90031e-18
7167.41 5.39714e-17 1.87371e-18
7170.77 5.55662e-17 1.89049e-18
7174.13 5.54302e-17 1.88227e-18
7177.5 5.15982e-17 1.83468e-18
7180.86 5.35111e-17 1.84339e-18
7184.22 5.38135e-17 1.84812e-18
7187.59 4.97318e-17 1.79724e-18
7190.95 5.26364e-17 1.82998e-18
7194.31 5.39342e-17 1.84037e-18
7197.68 5.00143e-17 1.80029e-18
7201.04 4.72999e-17 1.77682e-18
7204.4 5.09843e-17 1.81428e-18
7207.77 5.56399e-17 1.85992e-18
7211.13 5.49062e-17 1.85812e-18
7214.49 5.34649e-17 1.84758e-18
7217.86 5.46807e-17 1.85971e-18
7221.22 5.39104e-17 1.85899e-18
7224.58 5.33262e-17 1.85003e-18
7227.95 5.39872e-17 1.8735e-18
7231.31 5.37714e-17 1.96444e-18
7234.67 4.8189e-17 2.03476e-18
7238.04 5.14571e-17 2.17729e-18
7241.4 5.23637e-17 2.22827e-18
7244.76 5.1561e-17 2.22707e-18
7248.13 5.25732e-17 2.16526e-18
7251.49 5.31603e-17 2.03527e-18
7254.85 5.26516e-17 1.92422e-18
7258.22 5.19096e-17 1.8753e-18
7261.58 5.1697e-17 1.85594e-18
7264.94 5.22513e-17 1.87319e-18
7268.31 5.42173e-17 2.05174e-18
7271.67 5.18038e-17 2.15055e-18
7275.03 5.22799e-17 2.20064e-18
7278.4 5.1178e-17 2.24453e-18
7281.76 5.45334e-17 2.26401e-18
7285.12 5.53443e-17 2.0982e-18
7288.49 5.39649e-17 1.99853e-18
7291.85 5.61898e-17 1.98391e-18
7295.21 5.83297e-17 1.96459e-18
7298.58 5.82595e-17 1.98883e-18
7301.94 5.89877e-17 1.9915e-18
7305.3 5.9272e-17 2.01322e-18
7308.67 5.97136e-17 2.13447e-18
7312.03 6.24389e-17 2.20103e-18
7315.39 6.44469e-17 2.18689e-18
7318.76 6.41164e-17 2.1962e-18
7322.12 6.31496e-17 2.23154e-18
7325.48 6.4121e-17 2.12373e-18
7328.85 6.67031e-17 2.08886e-18
7332.21 6.98574e-17 2.24816e-18
7335.57 7.19902e-17 2.35844e-18
7338.94 7.2452e-17 2.33571e-18
7342.3 7.44731e-17 2.33518e-18
7345.66 7.70039e-17 2.33577e-18
7349.03 7.6439e-17 2.24704e-18
7352.39 7.95782e-17 2.1942e-18
7355.75 8.05639e-17 2.20398e-18
7359.12 8.12419e-17 2.24486e-18
7362.48 7.99462e-17 2.34463e-18
7365.84 7.992e-17 2.34852e-18
7369.21 8.00895e-17 2.31643e-18
7372.57 8.41487e-17 2.35039e-18
7375.93 9.03371e-17 2.33971e-18
7379.3 8.97464e-17 2.23221e-18
7382.66 8.66184e-17 2.18901e-18
7386.02 8.70108e-17 2.22392e-18
7389.39 8.58229e-17 2.21603e-18
7392.75 8.71697e-17 2.27552e-18
7396.11 8.58518e-17 2.32909e-18
7399.48 8.33648e-17 2.29881e-18
7402.84 8.50182e-17 2.2823e-18
7406.2 8.64068e-17 2.27616e-18
7409.57 8.27216e-17 2.1901e-18
7412.93 7.909e-17 2.11094e-18
7416.29 8.07709e-17 2.11607e-18
7419.66 8.34384e-17 2.14727e-18
7423.02 8.17167e-17 2.14516e-18
7426.38 7.78437e-17 2.12155e-18
7429.75 7.61743e-17 2.1244e-18
7433.11 7.74457e-17 2.16603e-18
7436.47 7.92359e-17 2.17766e-18
7439.84 7.92072e-17 2.1541e-18
7443.2 7.5707e-17 2.11309e-18
7446.56 7.41688e-17 2.06856e-18
7449.93 7.12047e-17 2.01578e-18
7453.29 7.12679e-17 2.02078e-18
7456.66 6.97667e-17 2.03058e-18
7460.02 6.79903e-17 2.03125e-18
7463.38 6.87454e-17 2.05507e-18
7466.75 6.86077e-17 2.08507e-18
7470.11 7.13218e-17 2.13384e-18
7473.47 7.12815e-17 2.15659e-18
7476.84 6.86579e-17 2.15226e-18
7480.2 7.05531e-17 2.1425e-18
7483.56 6.96028e-17 2.09941e-18
7486.93 6.64537e-17 2.06614e-18
7490.29 6.55997e-17 2.03779e-18
7493.65 6.75143e-17 2.0017e-18
7497.02 6.53761e-17 1.95467e-18
7500.38 5.92941e-17 1.89877e-18
7503.74 5.67161e-17 1.86969e-18
7507.11 5.84152e-17 1.88257e-18
7510.47 5.85517e-17 1.8838e-18
7513.83 5.55929e-17 1.90087e-18
7517.2 5.44542e-17 2.02312e-18
7520.56 5.0678e-17 2.04618e-18
7523.92 5.21092e-17 2.07783e-18
7527.29 4.98658e-17 2.07524e-18
7530.65 5.08047e-17 2.00954e-18
7534.01 5.05919e-17 1.90265e-18
7537.38 4.93461e-17 1.82774e-18
7540.74 4.86782e-17 1.78594e-18
7544.1 4.74436e-17 1.75495e-18
7547.47 4.77416e-17 1.76003e-18
7550.83 4.87679e-17 1.7849e-18
7554.19 5.01968e-17 1.80623e-18
7557.56 4.60971e-17 1.77768e-18
7560.92 4.62303e-17 1.78832e-18
7564.28 4.86667e-17 1.9088e-18
7567.65 5.05931e-17 1.93951e-18
7571.01 4.76973e-17 1.91515e-18
7574.37 4.69475e-17 1.92014e-18
7577.74 4.94326e-17 1.92207e-18
7581.1 5.15395e-17 1.87985e-18
7584.46 5.09486e-17 1.81914e-18
7587.83 4.59339e-17 1.76724e-18
7591.19 3.93553e-17 1.67517e-18
7594.55 3.02644e-17 1.50267e-18
7597.92 1.97416e-17 1.29773e-18
7601.28 1.18551e-17 1.1201e-18
7604.64 1.05931e-17 1.04682e-18
7608.01 1.23751e-17 1.07451e-18
7611.37 1.66075e-17 1.20554e-18
7614.73 2.15903e-17 1.32811e-18
7618.1 2.65697e-17 1.42598e-18
7621.46 2.59561e-17 1.46033e-18
7624.82 2.09441e-17 1.38625e-18
7628.19 2.07518e-17 1.32538e-18
7631.55 2.09555e-17 1.3229e-18
7634.91 2.15838e-17 1.3385e-18
7638.28 2.4709e-17 1.33671e-18
7641.64 2.83826e-17 1.39818e-18
7645 2.97698e-17 1.45621e-18
7648.37 3.26184e-17 1.51123e-18
7651.73 3.65572e-17 1.5729e-18
7655.09 3.93166e-17 1.64017e-18
7658.46 4.14974e-17 1.69138e-18
7661.82 4.55656e-17 1.7322e-18
7665.18 4.99315e-17 1.77827e-18
7668.55 4.98674e-17 1.77318e-18
7671.91 4.87669e-17 1.73537e-18
7675.27 5.16388e-17 1.77735e-18
7678.64 5.33911e-17 1.81495e-18
7682 5.46974e-17 1.84303e-18
7685.36 5.61442e-17 1.86538e-18
7688.73 5.50885e-17 1.86744e-18
7692.09 5.53047e-17 1.88862e-18
7695.45 5.52109e-17 1.88025e-18
7698.82 5.37211e-17 1.83597e-18
7702.18 5.29172e-17 1.88584e-18
7705.54 5.30453e-17 2.06198e-18
7708.91 5.41507e-17 2.22615e-18
7712.27 5.30133e-17 2.29746e-18
7715.63 5.56098e-17 2.34038e-18
7719 5.35122e-17 2.29687e-18
7722.36 5.3284e-17 2.16056e-18
7725.72 5.28925e-17 1.97014e-18
7729.09 5.2784e-17 1.90646e-18
7732.45 5.64281e-17 1.91412e-18
7735.81 5.55283e-17 1.86242e-18
7739.18 5.38579e-17 1.91403e-18
7742.54 5.77511e-17 2.1235e-18
7745.9 5.91849e-17 2.25407e-18
7749.27 6.24795e-17 2.30689e-18
7752.63 5.98994e-17 2.34953e-18
7755.99 5.92763e-17 2.3279e-18
7759.36 6.14598e-17 2.11833e-18
7762.72 6.12723e-17 2.03929e-18
7766.09 6.47533e-17 2.07009e-18
7769.45 6.77225e-17 2.04464e-18
7772.81 6.90158e-17 2.0536e-18
7776.18 6.87831e-17 2.08902e-18
7779.54 6.67322e-17 2.05301e-18
7782.9 6.98355e-17 2.11195e-18
7786.27 7.36803e-17 2.28217e-18
7789.63 6.88257e-17 2.26392e-18
7792.99 6.96615e-17 2.25483e-18
7796.36 7.50302e-17 2.29438e-18
7799.72 8.059e-17 2.3495e-18
7803.08 8.04641e-17 2.22507e-18
7806.45 7.77642e-17 2.14175e-18
7809.81 7.93597e-17 2.2199e-18
7813.17 8.17084e-17 2.37017e-18
7816.54 8.15179e-17 2.44336e-18
7819.9 8.31829e-17 2.40144e-18
7823.26 8.40148e-17 2.417e-18
7826.63 8.14425e-17 2.38046e-18
7829.99 8.50467e-17 2.19946e-18
7833.35 8.69652e-17 2.1933e-18
7836.72 8.91214e-17 2.228e-18
7840.08 8.76092e-17 2.22256e-18
7843.44 8.71198e-17 2.36019e-18
7846.81 8.87603e-17 2.49821e-18
7850.17 8.7289e-17 2.54011e-18
7853.53 8.61289e-17 2.5833e-18
7856.9 9.14101e-17 2.62825e-18
7860.26 9.75715e-17 2.62211e-18
7863.62 9.77795e-17 2.54229e-18
7866.99 9.49118e-17 2.49621e-18
7870.35 9.19952e-17 2.43296e-18
7873.71 9.1715e-17 2.46737e-18
7877.08 9.56019e-17 2.44766e-18
7880.44 9.68214e-17 2.43989e-18
7883.8 9.82391e-17 2.48256e-18
7887.17 9.85862e-17 2.46048e-18
7890.53 9.55574e-17 2.39217e-18
7893.89 9.22607e-17 2.34506e-18
7897.26 9.17426e-17 2.27232e-18
7900.62 9.59865e-17 2.24246e-18
7903.98 9.43755e-17 2.3996e-18
7907.35 9.51254e-17 2.62405e-18
7910.71 9.21562e-17 2.69739e-18
7914.07 8.56431e-17 2.73544e-18
7917.44 8.26071e-17 2.73691e-18
7920.8 8.62664e-17 2.59227e-18
7924.16 8.55511e-17 2.44255e-18
7927.53 8.13161e-17 2.33413e-18
7930.89 7.87186e-17 2.20321e-18
7934.25 7.44449e-17 2.16204e-18
7937.62 7.50457e-17 2.15615e-18
7940.98 7.08274e-17 2.0923e-18
7944.34 7.04168e-17 2.10062e-18
7947.71 6.61852e-17 2.06788e-18
7951.07 6.62126e-17 2.05462e-18
7954.43 6.24903e-17 2.14233e-18
7957.8 6.50143e-17 2.28914e-18
7961.16 6.5944e-17 2.32022e-18
7964.52 5.82376e-17 2.25711e-18
7967.89 5.61415e-17 2.28382e-18
7971.25 5.77237e-17 2.2708e-18
7974.61 5.54027e-17 2.06521e-18
7977.98 5.18602e-17 1.99492e-18
7981.34 5.19661e-17 2.017e-18
7984.7 5.14292e-17 2.21465e-18
7988.07 4.89513e-17 2.24455e-18
7991.43 4.62191e-17 2.19655e-18
7994.79 4.28441e-17 2.18296e-18
7998.16 4.41949e-17 2.12766e-18
8001.52 4.66725e-17 1.94612e-18
8004.88 4.18002e-17 1.77403e-18
8008.25 3.70244e-17 1.78094e-18
8011.61 3.82697e-17 1.79898e-18
8014.97 3.8661e-17 1.87301e-18
8018.34 3.318e-17 2.02259e-18
8021.7 3.57394e-17 2.027e-18
8025.06 3.51529e-17 1.97656e-18
8028.43 3.33812e-17 1.97232e-18
8031.79 3.31428e-17 1.87401e-18
8035.15 2.9702e-17 1.65651e-18
8038.52 2.58151e-17 1.51255e-18
8041.88 2.60694e-17 1.54095e-18
8045.24 2.63422e-17 1.60137e-18
8048.61 2.46468e-17 1.57966e-18
8051.97 2.33788e-17 1.62431e-18
8055.34 2.15401e-17 1.70277e-18
8058.7 2.35825e-17 1.71219e-18
8062.06 2.24574e-17 1.65434e-18
8065.43 1.66801e-17 1.60008e-18
8068.79 1.65472e-17 1.52097e-18
8072.15 1.67356e-17 1.4138e-18
8075.52 1.43834e-17 1.37314e-18
8078.88 1.55183e-17 1.38414e-18
8082.24 1.32212e-17 1.35881e-18
8085.61 1.16613e-17 1.36272e-18
8088.97 1.2198e-17 1.36622e-18
8092.33 1.10719e-17 1.38366e-18
8095.7 9.89613e-18 1.42481e-18
8099.06 1.08942e-17 1.43124e-18
8102.42 1.03401e-17 1.39876e-18
8105.79 8.54151e-18 1.37239e-18
8109.15 9.57516e-18 1.34944e-18
8112.51 1.10216e-17 1.3039e-18
8115.88 1.03662e-17 1.27775e-18
8119.24 1.08879e-17 1.2967e-18
8122.6 9.97929e-18 1.27978e-18
8125.97 1.03085e-17 1.28696e-18
8129.33 1.16008e-17 1.32174e-18
8132.69 1.0862e-17 1.3171e-18
8136.06 9.90662e-18 1.32361e-18
8139.42 9.37326e-18 1.3262e-18
8142.78 1.07269e-17 1.34261e-18
8146.15 1.34858e-17 1.36947e-18
8149.51 1.48491e-17 1.37828e-18
8152.87 1.4111e-17 1.37327e-18
8156.24 1.30143e-17 1.32808e-18
8159.6 1.60454e-17 1.36173e-18
8162.96 1.48355e-17 1.34489e-18
8166.33 1.74974e-17 1.39509e-18
8169.69 1.67495e-17 1.37728e-18
8173.05 1.41783e-17 1.35244e-18
8176.42 1.5255e-17 1.37488e-18
8179.78 1.66891e-17 1.40081e-18
8183.14 1.7897e-17 1.43934e-18
8186.51 1.76913e-17 1.45842e-18
8189.87 1.43504e-17 1.43865e-18
8193.23 1.84246e-17 1.47348e-18
8196.6 1.72093e-17 1.4512e-18
8199.96 1.90156e-17 1.48321e-18
8203.32 1.80834e-17 1.43853e-18
8206.69 1.69033e-17 1.40584e-18
8210.05 1.36292e-17 1.36336e-18
8213.41 1.11072e-17 1.31876e-18
8216.78 1.17702e-17 1.32637e-18
8220.14 1.24191e-17 1.33516e-18
8223.5 1.18698e-17 1.30981e-18
8226.87 9.75904e-18 1.28644e-18
8230.23 1.273e-17 1.30966e-18
8233.59 1.39349e-17 1.34379e-18
8236.96 1.14985e-17 1.32746e-18
8240.32 1.19535e-17 1.33735e-18
8243.68 1.41103e-17 1.37695e-18
8247.05 1.36998e-17 1.38745e-18
8250.41 1.49019e-17 1.40676e-18
8253.77 1.73974e-17 1.42628e-18
8257.14 1.60512e-17 1.39631e-18
8260.5 1.56859e-17 1.39136e-18
8263.86 1.71115e-17 1.40462e-18
8267.23 1.88415e-17 1.45194e-18
8270.59 2.05979e-17 1.61442e-18
8273.95 2.1957e-17 1.80481e-18
8277.32 2.20625e-17 1.96627e-18
8280.68 2.24927e-17 2.15405e-18
8284.04 1.96323e-17 2.20882e-18
8287.41 1.5788e-17 2.20416e-18
8290.77 1.68141e-17 2.31426e-18
8294.13 1.84208e-17 2.27631e-18
8297.5 1.6743e-17 2.09625e-18
8300.86 1.02411e-17 2.02595e-18
8304.22 1.60084e-17 1.99921e-18
8307.59 1.52784e-17 1.68139e-18
8310.95 1.2733e-17 1.53043e-18
8314.31 1.07602e-17 1.51175e-18
8317.68 8.8041e-18 1.40221e-18
8321.04 8.27142e-18 1.29923e-18
8324.4 6.85198e-18 1.26544e-18
8327.77 7.28623e-18 1.26666e-18
8331.13 1.22611e-17 1.42419e-18
8334.49 1.02448e-17 1.87578e-18
8337.86 6.40868e-18 2.38029e-18
8341.22 1.12667e-17 2.57034e-18
8344.58 1.24038e-17 2.70282e-18
8347.95 7.03774e-18 2.72326e-18
8351.31 8.9759e-18 2.3427e-18
8354.67 9.04794e-18 1.93652e-18
8358.04 6.75025e-18 1.8135e-18
8361.4 1.38636e-17 1.68106e-18
8364.77 1.19349e-17 1.55011e-18
8368.13 1.02003e-17 1.51313e-18
8371.49 1.20977e-17 1.55072e-18
8374.86 1.117e-17 1.65686e-18
8378.22 1.06465e-17 1.66735e-18
8381.58 1.20001e-17 1.68848e-18
8384.95 1.20559e-17 1.68522e-18
8388.31 1.23654e-17 1.85981e-18
8391.67 1.20196e-17 2.18153e-18
8395.04 9.64342e-18 2.26425e-18
8398.4 1.0579e-17 2.26391e-18
8401.76 1.19955e-17 2.28105e-18
8405.13 1.49178e-17 2.20219e-18
8408.49 1.37321e-17 1.86078e-18
8411.85 1.55655e-17 1.75309e-18
8415.22 1.23523e-17 1.7416e-18
8418.58 1.44145e-17 1.96891e-18
8421.94 1.87763e-17 2.31501e-18
8425.31 1.75492e-17 2.42087e-18
8428.67 1.91653e-17 2.40284e-18
8432.03 1.92639e-17 2.39637e-18
8435.4 1.62957e-17 2.24305e-18
8438.76 1.65731e-17 1.70602e-18
8442.12 1.8229e-17 1.61216e-18
8445.49 2.24749e-17 1.76953e-18
8448.85 2.24284e-17 1.8041e-18
8452.21 1.89982e-17 1.78429e-18
8455.58 1.979e-17 2.04705e-18
8458.94 2.06899e-17 2.27791e-18
8462.3 1.93799e-17 2.16418e-18
8465.67 2.18106e-17 2.18498e-18
8469.03 1.95637e-17 2.13391e-18
8472.39 2.02003e-17 1.88002e-18
8475.76 2.11174e-17 1.57117e-18
8479.12 2.05645e-17 1.4986e-18
8482.48 2.12646e-17 1.56819e-18
8485.85 2.04365e-17 1.64712e-18
8489.21 1.86082e-17 1.66015e-18
8492.57 1.92784e-17 1.71061e-18
8495.94 2.0807e-17 1.91078e-18
8499.3 2.00917e-17 2.00362e-18
8502.66 1.83064e-17 1.89866e-18
8506.03 2.18953e-17 1.91e-18
8509.39 2.31213e-17 1.87148e-18
8512.75 2.37003e-17 1.67219e-18
8516.12 2.60569e-17 1.57943e-18
8519.48 2.96682e-17 1.611e-18
8522.84 2.8222e-17 1.60142e-18
8526.21 2.45522e-17 1.57814e-18
8529.57 2.6932e-17 1.6306e-18
8532.93 2.93183e-17 1.68939e-18
8536.3 2.98324e-17 1.70515e-18
8539.66 3.09419e-17 1.81141e-18
8543.02 3.20614e-17 1.86249e-18
8546.39 3.47781e-17 1.87578e-18
8549.75 3.52146e-17 1.87091e-18
8553.11 3.54477e-17 1.83961e-18
8556.48 3.68057e-17 1.76286e-18
8559.84 3.74542e-17 1.71576e-18
8563.2 3.95748e-17 1.76119e-18
8566.57 4.24308e-17 1.78983e-18
8569.93 4.26348e-17 1.81587e-18
8573.29 4.54702e-17 1.83666e-18
8576.66 4.701e-17 1.86475e-18
8580.02 4.87415e-17 1.90775e-18
8583.38 4.87537e-17 1.92127e-18
8586.75 5.15318e-17 1.97377e-18
8590.11 5.50046e-17 2.03057e-18
8593.47 5.39481e-17 2.01283e-18
8596.84 5.65996e-17 2.02602e-18
8600.2 6.33574e-17 2.07792e-18
8603.56 6.31776e-17 2.07599e-18
8606.93 6.46466e-17 2.09119e-18
8610.29 6.44494e-17 2.09398e-18
8613.65 7.20528e-17 2.2074e-18
8617.02 7.44701e-17 2.30875e-18
8620.38 7.44305e-17 2.38015e-18
8623.74 8.1735e-17 2.4903e-18
8627.11 8.43646e-17 2.54321e-18
8630.47 8.33417e-17 2.54273e-18
8633.83 9.18165e-17 2.58156e-18
8637.2 9.14742e-17 2.52931e-18
8640.56 9.5288e-17 2.54341e-18
8643.92 9.86583e-17 2.58731e-18
8647.29 1.03353e-16 2.66207e-18
8650.65 1.09084e-16 2.74736e-18
8654.01 1.14178e-16 2.81716e-18
8657.38 1.14593e-16 2.83101e-18
8660.74 1.13696e-16 2.80451e-18
8664.11 1.24962e-16 2.85613e-18
8667.47 1.35293e-16 2.90428e-18
8670.83 1.381e-16 2.89077e-18
8674.2 1.43067e-16 2.87728e-18
8677.56 1.36946e-16 2.81387e-18
8680.92 1.39298e-16 2.8086e-18
8684.29 1.52231e-16 2.87436e-18
8687.65 1.56033e-16 2.88815e-18
8691.01 1.56017e-16 2.8904e-18
8694.38 1.65687e-16 2.97304e-18
8697.74 1.72764e-16 3.01988e-18
8701.1 1.69092e-16 3.00395e-18
8704.47 1.70145e-16 3.01317e-18
8707.83 1.74417e-16 3.03071e-18
8711.19 1.78657e-16 3.05753e-18
8714.56 1.83711e-16 3.08352e-18
8717.92 1.89312e-16 3.11518e-18
8721.28 1.92524e-16 3.13755e-18
8724.65 1.94793e-16 3.14444e-18
8728.01 2.01838e-16 3.19092e-18
8731.37 2.08554e-16 3.23872e-18
8734.74 2.05646e-16 3.22231e-18
8738.1 2.09746e-16 3.2536e-18
8741.46 2.2279e-16 3.33167e-18
8744.83 2.26833e-16 3.36025e-18
8748.19 2.22627e-16 3.3792e-18
8751.55 2.23324e-16 3.52766e-18
8754.92 2.23655e-16 3.73174e-18
8758.28 2.19827e-16 3.89695e-18
8761.64 2.26441e-16 4.12508e-18
8765.01 2.31215e-16 4.16692e-18
8768.37 2.3645e-16 4.23718e-18
8771.73 2.39135e-16 4.28335e-18
8775.1 2.3625e-16 4.13462e-18
8778.46 2.35672e-16 3.98532e-18
8781.82 2.40363e-16 3.98545e-18
8785.19 2.44973e-16 3.89291e-18
8788.55 2.4138e-16 3.64355e-18
8791.91 2.32952e-16 3.56686e-18
8795.28 2.42225e-16 3.60278e-18
8798.64 2.44589e-16 3.55219e-18
8802 2.44068e-16 3.49726e-18
8805.37 2.42528e-16 3.46538e-18
8808.73 2.36299e-16 3.42711e-18
8812.09 2.28357e-16 3.39229e-18
8815.46 2.30681e-16 3.61582e-18
8818.82 2.33885e-16 4.08131e-18
8822.18 2.19392e-16 4.30191e-18
8825.55 2.08966e-16 4.34208e-18
8828.91 2.02999e-16 4.46768e-18
8832.27 2.07662e-16 4.40509e-18
8835.64 2.14929e-16 3.98707e-18
8839 2.10748e-16 3.72014e-18
8842.36 2.08141e-16 3.64082e-18
8845.73 2.05221e-16 3.46941e-18
8849.09 1.97377e-16 3.32255e-18
8852.45 1.98139e-16 3.32482e-18
8855.82 1.95046e-16 3.3198e-18
8859.18 1.9301e-16 3.36788e-18
8862.54 1.91648e-16 3.41074e-18
8865.91 1.86573e-16 3.3892e-18
8869.27 1.94671e-16 3.42985e-18
8872.63 1.94084e-16 3.39585e-18
8876 1.82941e-16 3.48634e-18
8879.36 1.81865e-16 3.75765e-18
8882.72 1.84879e-16 3.83232e-18
8886.09 1.86025e-16 3.84209e-18
8889.45 1.79939e-16 3.7969e-18
8892.81 1.83132e-16 3.65492e-18
8896.18 1.87434e-16 3.49684e-18
8899.54 1.8016e-16 3.38957e-18
8902.9 1.70518e-16 3.3472e-18
8906.27 1.69329e-16 3.33369e-18
8909.63 1.7396e-16 3.5069e-18
8912.99 1.74321e-16 3.81209e-18
8916.36 1.66516e-16 3.82794e-18
8919.72 1.63372e-16 3.81542e-18
8923.08 1.64762e-16 3.79188e-18
8926.45 1.61257e-16 3.52926e-18
8929.81 1.50468e-16 3.05195e-18
8933.17 1.4636e-16 2.92438e-18
8936.54 1.48632e-16 3.07788e-18
8939.9 1.47378e-16 3.11562e-18
8943.26 1.42758e-16 3.08175e-18
8946.63 1.38024e-16 3.1188e-18
8949.99 1.35974e-16 3.32286e-18
8953.35 1.31882e-16 3.35498e-18
8956.72 1.25534e-16 3.29865e-18
8960.08 1.22236e-16 3.28672e-18
8963.45 1.17918e-16 3.17254e-18
8966.81 1.16156e-16 2.85304e-18
8970.17 1.13308e-16 2.56969e-18
8973.54 1.07603e-16 2.53319e-18
8976.9 1.10286e-16 2.58207e-18
8980.26 1.04368e-16 2.60265e-18
8983.63 9.92479e-17 2.60117e-18
8986.99 9.25941e-17 2.57596e-18
8990.35 8.86799e-17 2.60422e-18
8993.72 9.41047e-17 2.78698e-18
8997.08 9.78312e-17 2.86733e-18
9000.44 9.05134e-17 2.75327e-18
9003.81 8.1706e-17 2.67139e-18
9007.17 7.94766e-17 2.55884e-18
9010.53 7.94209e-17 2.35435e-18
9013.9 7.87494e-17 2.24399e-18
9017.26 7.81987e-17 2.21115e-18
9020.62 7.84295e-17 2.21014e-18
9023.99 7.77763e-17 2.22116e-18
9027.35 7.91196e-17 2.2571e-18
9030.71 7.90464e-17 2.30058e-18
9034.08 7.47113e-17 2.31343e-18
9037.44 7.47844e-17 2.32907e-18
9040.8 7.31221e-17 2.37977e-18
9044.17 7.1094e-17 2.44449e-18
9047.53 7.37496e-17 2.42188e-18
9050.89 6.68224e-17 2.34717e-18
9054.26 6.59103e-17 2.32194e-18
9057.62 6.97965e-17 2.26271e-18
9060.98 6.68591e-17 2.15304e-18
9064.35 6.58174e-17 2.11774e-18
9067.71 6.36733e-17 2.09744e-18
9071.07 6.07629e-17 2.06816e-18
9074.44 6.37062e-17 2.07594e-18
9077.8 6.13183e-17 2.05353e-18
9081.16 6.3917e-17 2.08648e-18
9084.53 6.23124e-17 2.08828e-18
9087.89 5.89352e-17 2.08435e-18
9091.25 6.05577e-17 2.1176e-18
9094.62 5.72634e-17 2.10544e-18
9097.98 5.77736e-17 2.14796e-18
9101.34 5.95029e-17 2.1632e-18
9104.71 5.79078e-17 2.11819e-18
9108.07 5.80543e-17 2.08355e-18
9111.43 5.61228e-17 2.01868e-18
9114.8 5.38286e-17 1.9631e-18
9118.16 5.2532e-17 1.94653e-18
9121.52 5.15204e-17 1.93719e-18
9124.89 5.51554e-17 1.96739e-18
9128.25 5.79785e-17 2.00422e-18
9131.61 5.14885e-17 1.94495e-18
9134.98 5.1043e-17 1.93296e-18
9138.34 5.20111e-17 1.94516e-18
9141.7 5.38774e-17 1.98206e-18
9145.07 5.47644e-17 2.0074e-18
9148.43 5.10811e-17 1.98159e-18
9151.79 4.80786e-17 1.97528e-18
9155.16 4.93774e-17 2.02054e-18
9158.52 5.02478e-17 2.03476e-18
9161.88 5.454e-17 2.06409e-18
9165.25 5.63393e-17 2.05162e-18
9168.61 5.26878e-17 1.97338e-18
9171.97 4.65313e-17 1.88411e-18
9175.34 4.34194e-17 1.8404e-18
9178.7 4.56675e-17 1.85839e-18
9182.06 4.77283e-17 1.89415e-18
9185.43 4.65024e-17 1.90095e-18
9188.79 5.05355e-17 1.93429e-18
9192.15 4.94121e-17 1.91029e-18
9195.52 4.90017e-17 1.89958e-18
9198.88 4.98657e-17 1.91758e-18
9202.24 4.92184e-17 1.92267e-18
9205.61 4.93109e-17 1.93802e-18
9208.97 5.0189e-17 1.96424e-18
9212.33 4.77964e-17 1.94336e-18
9215.7 4.49089e-17 1.93392e-18
9219.06 4.59176e-17 1.97809e-18
9222.42 4.49551e-17 1.96309e-18
9225.79 4.68941e-17 1.9806e-18
9229.15 4.43384e-17 1.93238e-18
9232.51 4.19586e-17 1.8766e-18
9235.88 4.41943e-17 1.88819e-18
9239.24 4.3137e-17 1.86836e-18
9242.6 4.17725e-17 1.85401e-18
9245.97 3.95962e-17 1.83842e-18
9249.33 4.29259e-17 1.89002e-18
9252.69 4.12375e-17 1.85906e-18
9256.06 3.77163e-17 1.80951e-18
9259.42 3.96788e-17 1.83115e-18
9262.79 4.2397e-17 1.8521e-18
9266.15 4.05031e-17 1.82822e-18
9269.51 3.86135e-17 1.81355e-18
9272.88 3.80589e-17 1.78327e-18
9276.24 3.28212e-17 1.72409e-18
9279.6 3.12869e-17 1.72293e-18
9282.97 3.03808e-17 1.70458e-18
9286.33 2.88827e-17 1.68968e-18
9289.69 3.16733e-17 1.75058e-18
9293.06 3.45872e-17 1.7945e-18
9296.42 3.12116e-17 1.82543e-18
9299.78 2.94631e-17 2.08612e-18
9303.15 3.21248e-17 2.47833e-18
9306.51 3.29162e-17 2.8935e-18
9309.87 3.61922e-17 3.13601e-18
9313.24 3.21678e-17 3.13561e-18
9316.6 2.88674e-17 3.16162e-18
9319.96 2.83354e-17 3.13285e-18
9323.33 2.21109e-17 2.80561e-18
9326.69 2.30624e-17 2.53788e-18
9330.05 3.08284e-17 2.5136e-18
9333.42 2.7367e-17 2.25912e-18
9336.78 1.95341e-17 1.88346e-18
9340.14 2.08958e-17 1.78987e-18
9343.51 2.30228e-17 1.82138e-18
9346.87 2.19297e-17 1.74009e-18
9350.23 2.58164e-17 1.675e-18
9353.6 2.95483e-17 1.69044e-18
9356.96 2.3994e-17 1.63325e-18
9360.32 2.18671e-17 1.60896e-18
9363.69 2.43117e-17 1.7055e-18
9367.05 3.14425e-17 2.17373e-18
9370.41 3.15175e-17 2.93796e-18
9373.78 2.58863e-17 3.3482e-18
9377.14 2.38836e-17 3.32183e-18
9380.5 2.64883e-17 3.34436e-18
9383.87 3.42313e-17 3.12316e-18
9387.23 3.61951e-17 2.47619e-18
9390.59 3.24819e-17 1.97983e-18
9393.96 3.53375e-17 1.96639e-18
9397.32 4.01124e-17 2.1098e-18
9400.68 3.89324e-17 2.12064e-18
9404.05 3.56928e-17 2.06738e-18
9407.41 3.58757e-17 2.05708e-18
9410.77 3.87765e-17 2.10246e-18
9414.14 4.24737e-17 2.23273e-18
9417.5 3.86967e-17 2.27679e-18
9420.86 3.45829e-17 2.25951e-18
9424.23 3.66433e-17 2.27979e-18
9427.59 3.55855e-17 2.20478e-18
9430.95 3.12083e-17 2.1862e-18
9434.32 3.15306e-17 2.50255e-18
9437.68 3.00339e-17 2.82296e-18
9441.04 2.54393e-17 2.82163e-18
9444.41 2.37226e-17 2.79917e-18
9447.77 2.98127e-17 2.73457e-18
9451.13 3.23374e-17 2.42881e-18
9454.5 3.33563e-17 2.27044e-18
9457.86 3.41629e-17 2.32282e-18
9461.22 2.92261e-17 2.2578e-18
9464.59 2.62126e-17 2.20568e-18
9467.95 2.95684e-17 2.23301e-18
9471.31 3.20429e-17 2.51924e-18
9474.68 2.55889e-17 2.69842e-18
9478.04 2.89063e-17 2.76115e-18
9481.4 2.94045e-17 2.74057e-18
9484.77 2.53641e-17 2.6185e-18
9488.13 2.81573e-17 2.2867e-18
9491.49 2.63292e-17 1.81871e-18
9494.86 3.10133e-17 1.85818e-18
9498.22 2.91731e-17 2.06853e-18
9501.58 2.33136e-17 2.10413e-18
9504.95 2.59532e-17 2.13048e-18
9508.31 2.98422e-17 2.17548e-18
9511.67 2.86444e-17 2.19223e-18
9515.04 2.81724e-17 2.23305e-18
9518.4 2.78467e-17 2.26422e-18
9521.76 2.46275e-17 2.24855e-18
9525.13 2.13023e-17 2.16448e-18
9528.49 2.59809e-17 2.13784e-18
9531.85 3.04029e-17 2.00194e-18
9535.22 2.87035e-17 1.81904e-18
9538.58 2.61315e-17 1.75875e-18
9541.94 2.7191e-17 1.77472e-18
9545.31 2.89037e-17 1.82171e-18
9548.67 2.82838e-17 1.93943e-18
9552.03 2.9553e-17 2.01843e-18
9555.4 2.48278e-17 1.98612e-18
9558.76 2.77749e-17 2.05959e-18
9562.13 3.00536e-17 2.24118e-18
9565.49 2.44936e-17 2.32714e-18
9568.85 2.5298e-17 2.32387e-18
9572.22 2.92091e-17 2.33975e-18
9575.58 2.40337e-17 2.23513e-18
9578.94 2.44812e-17 2.01798e-18
9582.31 2.74346e-17 1.79521e-18
9585.67 2.68169e-17 1.68651e-18
9589.03 2.57538e-17 1.6853e-18
9592.4 2.70861e-17 1.72272e-18
9595.76 2.75733e-17 1.74238e-18
9599.12 2.57278e-17 1.71889e-18
9602.49 2.47091e-17 1.73678e-18
9605.85 2.36146e-17 1.77339e-18
9609.21 2.59221e-17 1.84433e-18
9612.58 2.87386e-17 1.9164e-18
9615.94 2.77187e-17 1.96199e-18
9619.3 2.54254e-17 1.97385e-18
9622.67 2.51444e-17 1.944e-18
9626.03 2.49989e-17 1.91399e-18
9629.39 2.60466e-17 1.91227e-18
9632.76 2.38381e-17 1.84208e-18
9636.12 2.54539e-17 1.77285e-18
9639.48 2.36541e-17 1.6779e-18
9642.85 2.14411e-17 1.63164e-18
9646.21 2.30448e-17 1.65925e-18
9649.57 2.10888e-17 1.6495e-18
9652.94 2.4777e-17 1.72562e-18
9656.3 2.74996e-17 1.78429e-18
9659.66 3.02423e-17 1.8286e-18
9663.03 2.67034e-17 1.83342e-18
9666.39 2.1772e-17 1.8388e-18
9669.75 1.97998e-17 1.84255e-18
9673.12 2.00032e-17 1.86462e-18
9676.48 2.26284e-17 1.97173e-18
9679.84 1.92343e-17 2.01609e-18
9683.21 2.21995e-17 2.09588e-18
9686.57 2.24017e-17 2.11261e-18
9689.93 2.41443e-17 2.13156e-18
9693.3 2.4556e-17 2.11883e-18
9696.66 2.40314e-17 2.14572e-18
9700.02 2.66872e-17 2.24491e-18
9703.39 2.12275e-17 2.13749e-18
