sn2013ej
filter B_kait4
56515.5	12.99	0.02
56520.5	13.26	0.02
56522.5	13.35	0.01
56524.5	13.44	0.01
56534.5	13.9	0.01
56536.4	14.08	0.01
56540.4	14.22	0.01
56542.4	14.3	0.01
56546.4	14.36	0.01
56548.4	14.51	0.01
56550.4	14.47	0.01
56551.5	14.48	0.01
56559.4	14.7	0.02
56562.3	14.78	0.02
56580.3	15.2	0.03
56587.3	15.47	0.03
56603.3	17.06	0.45
56615.3	17.5	0.32
56618.2	17.68	0.23
56641.2	18.1	0.33
56658.2	18.12	0.22
56679.1	18.55	0.42
56684.1	18.5	0.33
56519.5	13.29	0.01
56525.4	13.49	0.01
56504.4	12.66	0.02
56507.5	12.6	0.02
56509.5	12.47	0.02
56523.4	13.37	0.01
56527.4	13.69	0.01
56530.5	13.9	0.01
56533.4	13.99	0.01
56537.4	14.59	0.04
56539.4	14.18	0.01
56543.4	14.3	0.02
56545.5	14.32	0.01
56549.4	14.51	0.01
56564.4	14.77	0.02
56566.5	14.89	0.02
56570.4	14.93	0.02
56572.4	14.99	0.02
56574.4	15.66	0.03
56577.4	15.09	0.02
56590.3	15.59	0.04
56596.3	16.3	0.05
56599.3	16.87	0.07
56606.3	17.5	0.11
56621.3	17.7	0.14
56624.2	17.99	0.29
56627.2	18.01	0.26
56630.2	17.97	0.2
56648.2	17.96	0.22
56651.2	18.34	0.31
56655.1	18.21	0.31
56674.1	18.31	0.37
filter V_kait4
56515.5	12.62	0.01
56520.5	12.72	0.01
56522.5	12.75	0.01
56524.5	12.77	0.01
56534.5	13.07	0.01
56536.4	13.17	0.01
56540.4	13.23	0.01
56542.4	13.29	0.01
56546.4	13.39	0.01
56548.4	13.42	0.01
56550.4	13.44	0.01
56551.5	13.45	0.01
56559.4	13.61	0.01
56562.3	13.66	0.01
56580.3	13.99	0.01
56587.3	14.21	0.01
56603.3	16.08	0.17
56615.3	16.61	0.1
56618.2	16.68	0.05
56641.2	17.01	0.09
56658.2	17.23	0.07
56679.1	17.58	0.12
56684.1	17.73	0.14
56519.5	12.79	0.01
56525.4	12.87	0.02
56504.4	12.66	0.02
56507.5	12.53	0.02
56509.5	12.52	0.01
56523.4	12.72	0.01
56527.4	12.94	0.01
56530.5	13.07	0.01
56533.4	13.12	0.01
56537.4	13.13	0.01
56539.4	13.21	0.01
56543.4	13.32	0.01
56545.5	13.33	0.01
56549.4	13.44	0.01
56564.4	13.66	0.01
56566.5	13.68	0.01
56570.4	13.78	0.01
56572.4	13.81	0.01
56574.4	13.85	0.01
56577.4	13.9	0.01
56590.3	14.35	0.01
56596.3	15.05	0.01
56599.3	15.66	0.02
56606.3	16.47	0.04
56621.3	16.71	0.06
56624.2	16.79	0.07
56627.2	16.84	0.05
56630.2	16.83	0.05
56634.2	17.08	0.07
56648.2	17.23	0.08
56651.2	17.2	0.08
56655.1	17.21	0.11
56669.1	17.23	0.22
56674.1	17.55	0.12
56708.1	17.99	0.33
56710.1	17.99	0.23
filter R_kait4
56515.5	12.41	0.02
56520.5	12.44	0.02
56522.5	12.39	0.02
56524.5	12.43	0.01
56534.5	12.64	0.01
56536.4	12.75	0.01
56540.4	12.77	0.01
56542.4	12.82	0.01
56546.4	12.87	0.01
56548.4	12.93	0.01
56550.4	12.93	0.01
56551.5	12.92	0.01
56559.4	13.08	0.01
56562.3	13.09	0.01
56580.3	13.37	0.01
56587.3	13.58	0.01
56603.3	15.23	0.12
56615.3	15.58	0.03
56618.2	15.64	0.02
56641.2	15.97	0.03
56658.2	16.2	0.03
56679.1	16.51	0.05
56684.1	16.57	0.05
56519.5	12.51	0.02
56525.4	12.52	0.01
56504.4	12.57	0.01
56507.5	12.43	0.01
56509.5	12.35	0.01
56523.4	12.41	0.01
56527.4	12.6	0.01
56530.5	12.67	0.01
56533.4	12.69	0.01
56537.4	12.73	0.01
56539.4	12.76	0.01
56543.4	12.85	0.01
56545.5	12.86	0.01
56549.4	12.93	0.01
56564.4	13.11	0.01
56566.5	13.13	0.01
56570.4	13.2	0.01
56572.4	13.24	0.01
56574.4	13.26	0.01
56577.4	13.27	0.01
56584.4	13.43	0.02
56590.3	13.67	0.01
56596.3	14.27	0.01
56599.3	14.78	0.01
56606.3	15.44	0.02
56621.3	15.66	0.03
56624.2	15.67	0.03
56627.2	15.76	0.03
56630.2	15.77	0.02
56634.2	15.82	0.03
56648.2	16.03	0.03
56651.2	16.09	0.03
56655.1	16.15	0.04
56669.1	16.32	0.09
56674.1	16.39	0.04
56708.1	16.99	0.13
56710.1	16.84	0.09
filter I_kait4
56515.5	12.32	0.02
56520.5	12.3	0.01
56522.5	12.26	0.01
56524.5	12.27	0.01
56534.5	12.41	0.01
56536.4	12.52	0.01
56540.4	12.54	0.01
56542.4	12.58	0.01
56546.4	12.63	0.01
56548.4	12.65	0.01
56550.4	12.65	0.01
56551.5	12.64	0.01
56559.4	12.8	0.01
56562.3	12.8	0.01
56580.3	13.09	0.01
56587.3	13.27	0.01
56603.3	14.9	0.12
56615.3	15.13	0.04
56618.2	15.22	0.03
56641.2	15.6	0.04
56658.2	15.85	0.04
56679.1	16.16	0.06
56684.1	16.23	0.06
56519.5	12.36	0.01
56525.4	12.5	0.01
56504.4	12.69	0.03
56507.5	12.37	0.01
56509.5	12.29	0.02
56523.4	12.26	0.01
56527.4	12.55	0.01
56530.5	12.49	0.01
56533.4	12.47	0.01
56539.4	12.53	0.01
56543.4	12.6	0.01
56545.5	12.6	0.01
56549.4	12.67	0.01
56564.4	12.82	0.01
56566.5	12.82	0.01
56570.4	12.91	0.01
56572.4	12.93	0.01
56574.4	12.94	0.01
56577.4	12.99	0.02
56590.3	13.38	0.01
56596.3	13.94	0.01
56599.3	14.42	0.02
56606.3	15.01	0.03
56621.3	15.27	0.03
56624.2	15.31	0.04
56627.2	15.38	0.03
56630.2	15.39	0.03
56634.2	15.51	0.04
56648.2	15.69	0.03
56651.2	15.74	0.05
56655.1	15.85	0.05
56669.1	16.08	0.14
56674.1	16.05	0.05
56708.1	16.44	0.13
56710.1	16.61	0.13
filter B_nickel2
56505.4	12.61	0.02
56507.5	12.6	0.02
56523.4	13.54	0.02
56527.3	13.69	0.02
56531.3	14.03	0.02
56535.3	14.3	0.02
56539.3	14.32	0.02
56541.3	14.39	0.02
56545.3	14.58	0.01
56548.3	14.67	0.01
56552.4	14.69	0.03
56555.3	14.91	0.01
56559.3	14.97	0.01
56562.4	15.06	0.01
56569.3	15.2	0.01
56573.3	15.31	0.03
56575.3	15.37	0.04
56578.3	15.41	0.04
56581.3	15.55	0.03
56585.4	15.71	0.04
56589.3	15.89	0.04
56599.3	17.15	0.06
56601.3	17.45	0.02
56605.3	17.75	0.01
56609.3	17.88	0.02
56626.2	18.13	0.01
56631.2	18.17	0.1
56635.2	18.28	0.08
56642.3	18.36	0.16
56645.3	18.47	0.1
56665.2	18.57	0.04
56667.2	18.63	0.05
56670.2	18.74	0.27
56675.2	18.7	0.09
56678.2	18.77	0.01
56689.1	18.92	0.03
56705.1	19.02	0.06
56709.1	18.85	0.06
56724.1	19.27	0.15
56728.1	19.45	0.25
56732.1	19.14	0.17
56849.4	20.14	0.2
56852.4	20.68	0.36
56888.5	20.22	0.41
56894.3	20.42	0.14
56898.5	20.53	0.09
56916.4	20.68	0.1
56923.4	20.79	0.1
56931.3	21.05	0.21
56934.4	20.97	0.14
56937.3	21.14	0.56
56958.3	21.15	0.25
filter V_nickel2
56505.4	12.53	0.02
56507.5	12.53	0.02
56523.4	12.75	0.02
56527.3	12.88	0.02
56531.3	13.05	0.01
56535.3	13.16	0.01
56539.3	13.24	0.02
56541.3	13.24	0.01
56545.3	13.37	0.01
56548.3	13.43	0.01
56552.4	13.48	0.01
56555.3	13.56	0.01
56559.3	13.63	0.01
56562.4	13.66	0.01
56569.3	13.79	0.01
56573.3	13.86	0.01
56575.3	13.86	0.01
56578.3	13.94	0.01
56581.3	14.05	0.01
56585.4	14.19	0.01
56589.3	14.4	0.01
56599.3	15.73	0.01
56601.3	16.1	0.02
56605.3	16.44	0.01
56609.3	16.56	0.01
56626.2	16.83	0.01
56631.2	16.91	0.02
56635.2	16.97	0.01
56642.3	16.89	0.05
56645.3	17.09	0.05
56665.2	17.4	0.01
56667.2	17.48	0.02
56670.2	17.48	0.02
56675.2	17.58	0.01
56678.2	17.62	0.01
56689.1	17.74	0.01
56705.1	17.96	0.02
56709.1	17.97	0.1
56724.1	18.01	0.03
56728.1	18.1	0.13
56732.1	17.96	0.08
56849.4	19.34	0.08
56852.4	19.32	0.07
56856.4	19.35	0.1
56888.5	20.05	0.17
56891.4	19.85	0.03
56894.3	19.92	0.04
56898.5	20.1	0.05
56906.5	20.27	0.33
56916.4	20.34	0.07
56923.4	20.13	0.06
56931.3	20.48	0.07
56934.4	20.24	0.07
56937.3	20.57	0.22
56948.2	20.58	0.1
56958.3	20.75	0.1
56986.3	20.9	0.16
filter R_nickel2
56505.4	12.39	0.01
56507.5	12.38	0.01
56523.4	12.39	0.01
56527.3	12.44	0.01
56531.3	12.54	0.01
56535.3	12.64	0.01
56539.3	12.74	0.01
56541.3	12.73	0.01
56545.3	12.83	0.01
56548.3	12.87	0.01
56552.4	12.91	0.01
56555.3	12.97	0.01
56559.3	13.03	0.01
56562.4	13.06	0.01
56569.3	13.19	0.01
56573.3	13.23	0.01
56575.3	13.24	0.01
56578.3	13.25	0.01
56581.3	13.34	0.02
56585.4	13.48	0.02
56589.3	13.64	0.02
56599.3	14.77	0.01
56601.3	15.09	0.03
56605.3	15.38	0.03
56609.3	15.5	0.03
56626.2	15.71	0.03
56631.2	15.8	0.01
56635.2	15.85	0.01
56642.3	16.0	0.02
56645.3	15.98	0.03
56665.2	16.4	0.02
56667.2	16.32	0.01
56670.2	16.36	0.01
56675.2	16.39	0.05
56678.2	16.47	0.05
56689.1	16.63	0.01
56705.1	16.8	0.02
56709.1	16.84	0.02
56724.1	17.0	0.02
56728.1	17.07	0.06
56849.4	18.52	0.04
56852.4	18.64	0.04
56856.4	18.64	0.06
56874.4	19.23	0.13
56888.5	19.18	0.03
56891.4	19.11	0.04
56894.3	19.28	0.02
56898.5	19.11	0.05
56906.5	19.26	0.36
56916.4	19.62	0.04
56923.4	19.75	0.05
56931.3	19.9	0.05
56934.4	19.69	0.07
56937.3	19.64	0.1
56948.2	19.82	0.06
56958.3	19.96	0.06
56986.3	20.58	0.1
57000.2	20.93	0.1
57015.2	20.88	0.15
57042.2	20.94	0.23
57046.3	17.46	0.06
57050.2	20.68	0.22
57054.2	20.62	0.2
57066.2	20.85	0.28
57070.1	21.25	0.26
filter I_nickel2
56505.4	12.4	0.01
56507.5	12.35	0.01
56523.4	12.21	0.01
56527.3	12.26	0.01
56531.3	12.32	0.01
56535.3	12.4	0.01
56539.3	12.46	0.01
56541.3	12.48	0.01
56545.3	12.54	0.01
56548.3	12.57	0.01
56552.4	12.61	0.01
56555.3	12.68	0.01
56559.3	12.71	0.01
56562.4	12.75	0.01
56569.3	12.93	0.03
56573.3	12.92	0.03
56575.3	12.91	0.03
56578.3	12.98	0.02
56581.3	13.04	0.01
56585.4	13.16	0.01
56589.3	13.29	0.01
56599.3	14.4	0.01
56601.3	14.68	0.03
56605.3	14.94	0.03
56609.3	15.06	0.03
56626.2	15.32	0.03
56631.2	15.41	0.01
56642.3	15.75	0.02
56645.3	15.59	0.01
56667.2	16.0	0.01
56670.2	16.03	0.01
56675.2	16.1	0.04
56678.2	16.12	0.06
56689.1	16.27	0.01
56705.1	16.51	0.01
56709.1	16.52	0.02
56724.1	16.81	0.04
56849.4	18.24	0.05
56852.4	18.31	0.05
56874.4	18.48	0.1
56888.5	18.58	0.05
56891.4	18.81	0.05
56894.3	18.63	0.05
56898.5	18.76	0.06
56916.4	19.02	0.05
56923.4	19.24	0.07
56931.3	19.64	0.12
56934.4	19.27	0.06
56937.3	19.34	0.09
56958.3	19.47	0.1
56986.3	19.81	0.12
57000.2	20.31	0.14
57015.2	20.7	0.17
57026.3	20.26	0.5
57042.2	20.98	0.33
57046.3	19.03	0.3
57054.2	20.37	0.26
57066.2	20.0	0.26
57070.1	19.99	0.2
57075.1	20.2	0.25
