 6.32802e+03  9.27443e-01
 6.32831e+03  1.45781e+00
 6.32859e+03  1.22869e+00
 6.32888e+03  1.06783e+00
 6.32917e+03  1.39768e+00
 6.32946e+03  1.24703e+00
 6.32975e+03  9.43949e-01
 6.33004e+03  1.02992e+00
 6.33032e+03  1.42554e+00
 6.33061e+03  1.51802e+00
 6.33090e+03  1.32338e+00
 6.33119e+03  8.47533e-01
 6.33148e+03  8.61243e-01
 6.33177e+03  8.53621e-01
 6.33206e+03  1.13214e+00
 6.33234e+03  8.38461e-01
 6.33263e+03  1.02567e+00
 6.33292e+03  1.19835e+00
 6.33321e+03  9.31939e-01
 6.33350e+03  1.23200e+00
 6.33379e+03  1.23064e+00
 6.33407e+03  9.67060e-01
 6.33436e+03  1.38221e+00
 6.33465e+03  1.20388e+00
 6.33494e+03  8.49260e-01
 6.33523e+03  7.63344e-01
 6.33552e+03  1.15364e+00
 6.33580e+03  1.09603e+00
 6.33609e+03  9.99360e-01
 6.33638e+03  1.01017e+00
 6.33667e+03  1.17614e+00
 6.33696e+03  7.64741e-01
 6.33725e+03  5.40096e-01
 6.33754e+03  8.49331e-01
 6.33782e+03  1.08281e+00
 6.33811e+03  1.52579e+00
 6.33840e+03  1.45480e+00
 6.33869e+03  1.27196e+00
 6.33898e+03  1.34751e+00
 6.33927e+03  8.71311e-01
 6.33955e+03  9.47507e-01
 6.33984e+03  9.74782e-01
 6.34013e+03  1.27291e+00
 6.34042e+03  9.59717e-01
 6.34071e+03  1.13040e+00
 6.34100e+03  1.31775e+00
 6.34128e+03  1.16731e+00
 6.34157e+03  1.19815e+00
 6.34186e+03  9.60730e-01
 6.34215e+03  1.00459e+00
 6.34244e+03  1.15762e+00
 6.34273e+03  1.06982e+00
 6.34302e+03  1.00720e+00
 6.34330e+03  1.07104e+00
 6.34359e+03  1.19513e+00
 6.34388e+03  9.00635e-01
 6.34417e+03  1.04975e+00
 6.34446e+03  8.51942e-01
 6.34475e+03  9.98036e-01
 6.34503e+03  1.23132e+00
 6.34532e+03  9.32095e-01
 6.34561e+03  1.28726e+00
 6.34590e+03  1.49553e+00
 6.34619e+03  1.12059e+00
 6.34648e+03  8.99826e-01
 6.34676e+03  1.14809e+00
 6.34705e+03  1.15770e+00
 6.34734e+03  8.90043e-01
 6.34763e+03  1.03935e+00
 6.34792e+03  9.92924e-01
 6.34821e+03  1.36897e+00
 6.34850e+03  1.20582e+00
 6.34878e+03  1.00504e+00
 6.34907e+03  1.19302e+00
 6.34936e+03  1.19714e+00
 6.34965e+03  1.11026e+00
 6.34994e+03  1.11234e+00
 6.35023e+03  9.28429e-01
 6.35051e+03  1.08745e+00
 6.35080e+03  1.10880e+00
 6.35109e+03  9.64034e-01
 6.35138e+03  8.04962e-01
 6.35167e+03  9.72010e-01
 6.35196e+03  8.27203e-01
 6.35224e+03  1.07285e+00
 6.35253e+03  1.07245e+00
 6.35282e+03  1.01217e+00
 6.35311e+03  8.85489e-01
 6.35340e+03  9.18654e-01
 6.35369e+03  1.15305e+00
 6.35398e+03  1.18141e+00
 6.35426e+03  1.21710e+00
 6.35455e+03  1.38117e+00
 6.35484e+03  8.87478e-01
 6.35513e+03  9.61616e-01
 6.35542e+03  1.35705e+00
 6.35571e+03  1.12337e+00
 6.35599e+03  1.03707e+00
 6.35628e+03  1.67699e+00
 6.35657e+03  9.49658e-01
 6.35686e+03  1.28000e+00
 6.35715e+03  1.31606e+00
 6.35744e+03  1.05207e+00
 6.35772e+03  1.18979e+00
 6.35801e+03  1.18100e+00
 6.35830e+03  8.76881e-01
 6.35859e+03  9.14460e-01
 6.35888e+03  1.36401e+00
 6.35917e+03  6.22400e-01
 6.35946e+03  9.39234e-01
 6.35974e+03  9.84851e-01
 6.36003e+03  6.71216e-01
 6.36032e+03  1.40041e+00
 6.36061e+03  9.17372e-01
 6.36090e+03  8.34430e-01
 6.36119e+03  1.03494e+00
 6.36147e+03  1.20143e+00
 6.36176e+03  1.24534e+00
 6.36205e+03  8.89339e-01
 6.36234e+03  1.11215e+00
 6.36263e+03  1.03184e+00
 6.36292e+03  1.10707e+00
 6.36320e+03  9.12511e-01
 6.36349e+03  1.06021e+00
 6.36378e+03  9.53394e-01
 6.36407e+03  1.16105e+00
 6.36436e+03  1.26700e+00
 6.36465e+03  1.28566e+00
 6.36493e+03  1.21294e+00
 6.36522e+03  1.00409e+00
 6.36551e+03  9.50399e-01
 6.36580e+03  1.00410e+00
 6.36609e+03  1.08624e+00
 6.36638e+03  1.02724e+00
 6.36667e+03  1.11439e+00
 6.36695e+03  1.08755e+00
 6.36724e+03  1.00965e+00
 6.36753e+03  1.01034e+00
 6.36782e+03  9.26790e-01
 6.36811e+03  9.39638e-01
 6.36840e+03  9.95718e-01
 6.36868e+03  1.10446e+00
 6.36897e+03  1.04207e+00
 6.36926e+03  1.26004e+00
 6.36955e+03  1.36790e+00
 6.36984e+03  1.64404e+00
 6.37013e+03  1.91412e+00
 6.37041e+03  1.19364e+00
 6.37070e+03  1.29220e+00
 6.37099e+03  1.33296e+00
 6.37128e+03  1.27787e+00
 6.37157e+03  9.40063e-01
 6.37186e+03  1.13584e+00
 6.37215e+03  1.02660e+00
 6.37243e+03  1.00146e+00
 6.37272e+03  1.06125e+00
 6.37301e+03  9.60940e-01
 6.37330e+03  1.17579e+00
 6.37359e+03  9.22013e-01
 6.37388e+03  6.93869e-01
 6.37416e+03  9.01219e-01
 6.37445e+03  8.32498e-01
 6.37474e+03  1.23925e+00
 6.37503e+03  1.01241e+00
 6.37532e+03  1.00902e+00
 6.37561e+03  7.38784e-01
 6.37589e+03  1.12071e+00
 6.37618e+03  9.75224e-01
 6.37647e+03  9.70218e-01
 6.37676e+03  9.30889e-01
 6.37705e+03  1.13465e+00
 6.37734e+03  1.13803e+00
 6.37762e+03  1.02267e+00
 6.37791e+03  9.73787e-01
 6.37820e+03  9.47464e-01
 6.37849e+03  1.06276e+00
 6.37878e+03  1.07226e+00
 6.37907e+03  9.11628e-01
 6.37936e+03  8.33285e-01
 6.37964e+03  9.44402e-01
 6.37993e+03  1.26829e+00
 6.38022e+03  1.15342e+00
 6.38051e+03  6.64499e-01
 6.38080e+03  7.37016e-01
 6.38109e+03  1.09339e+00
 6.38137e+03  1.18546e+00
 6.38166e+03  1.30100e+00
 6.38195e+03  7.61129e-01
 6.38224e+03  5.10813e-01
 6.38253e+03  7.85970e-01
 6.38282e+03  1.00657e+00
 6.38310e+03  9.04005e-01
 6.38339e+03  8.25062e-01
 6.38368e+03  1.07762e+00
 6.38397e+03  1.13240e+00
 6.38426e+03  9.37544e-01
 6.38455e+03  1.11382e+00
 6.38484e+03  1.25861e+00
 6.38512e+03  9.97826e-01
 6.38541e+03  9.59974e-01
 6.38570e+03  1.08262e+00
 6.38599e+03  1.06377e+00
 6.38628e+03  9.85769e-01
 6.38657e+03  8.84931e-01
 6.38685e+03  7.49748e-01
 6.38714e+03  1.03979e+00
 6.38743e+03  1.02542e+00
 6.38772e+03  9.94922e-01
 6.38801e+03  9.53107e-01
 6.38830e+03  1.02430e+00
 6.38858e+03  1.00870e+00
 6.38887e+03  1.17720e+00
 6.38916e+03  1.21289e+00
 6.38945e+03  1.22082e+00
 6.38974e+03  1.08540e+00
 6.39003e+03  9.17838e-01
 6.39032e+03  1.01119e+00
 6.39060e+03  8.59458e-01
 6.39089e+03  8.42235e-01
 6.39118e+03  8.32567e-01
 6.39147e+03  1.20519e+00
 6.39176e+03  1.24899e+00
 6.39205e+03  1.08513e+00
 6.39233e+03  1.00786e+00
 6.39262e+03  6.16205e-01
 6.39291e+03  9.15592e-01
 6.39320e+03  1.04697e+00
 6.39349e+03  1.12624e+00
 6.39378e+03  9.60121e-01
 6.39406e+03  7.78069e-01
 6.39435e+03  6.62812e-01
 6.39464e+03  9.02038e-01
 6.39493e+03  9.19924e-01
 6.39522e+03  9.62596e-01
 6.39551e+03  9.53790e-01
 6.39580e+03  8.54411e-01
 6.39608e+03  1.07380e+00
 6.39637e+03  9.63660e-01
 6.39666e+03  1.00155e+00
 6.39695e+03  9.67210e-01
 6.39724e+03  1.14090e+00
 6.39753e+03  1.08841e+00
 6.39781e+03  8.75127e-01
 6.39810e+03  6.99539e-01
 6.39839e+03  7.46198e-01
 6.39868e+03  8.46585e-01
 6.39897e+03  7.89513e-01
 6.39926e+03  1.01301e+00
 6.39954e+03  8.00612e-01
 6.39983e+03  7.25511e-01
 6.40012e+03  7.03505e-01
 6.40041e+03  1.20940e+00
 6.40070e+03  9.71164e-01
 6.40099e+03  9.81845e-01
 6.40128e+03  8.62565e-01
 6.40156e+03  1.07631e+00
 6.40185e+03  1.14692e+00
 6.40214e+03  8.46979e-01
 6.40243e+03  1.16681e+00
 6.40272e+03  9.28238e-01
 6.40301e+03  8.26072e-01
 6.40329e+03  9.78754e-01
 6.40358e+03  9.67349e-01
 6.40387e+03  9.91783e-01
 6.40416e+03  9.03323e-01
 6.40445e+03  8.60050e-01
 6.40474e+03  9.98256e-01
 6.40502e+03  1.04552e+00
 6.40531e+03  8.81083e-01
 6.40560e+03  8.08971e-01
 6.40589e+03  7.90570e-01
 6.40618e+03  1.01524e+00
 6.40647e+03  1.15906e+00
 6.40676e+03  1.01443e+00
 6.40704e+03  8.15634e-01
 6.40733e+03  7.58002e-01
 6.40762e+03  8.98312e-01
 6.40791e+03  8.27089e-01
 6.40820e+03  7.56770e-01
 6.40849e+03  1.01465e+00
 6.40877e+03  1.03590e+00
 6.40906e+03  1.12097e+00
 6.40935e+03  8.42635e-01
 6.40964e+03  9.62274e-01
 6.40993e+03  1.31267e+00
 6.41022e+03  9.59260e-01
 6.41050e+03  1.14882e+00
 6.41079e+03  1.00747e+00
 6.41108e+03  1.00253e+00
 6.41137e+03  8.22307e-01
 6.41166e+03  1.18186e+00
 6.41195e+03  1.03915e+00
 6.41223e+03  8.41285e-01
 6.41252e+03  8.52059e-01
 6.41281e+03  7.99659e-01
 6.41310e+03  7.34692e-01
 6.41339e+03  5.79208e-01
 6.41368e+03  8.82053e-01
 6.41397e+03  9.06771e-01
 6.41425e+03  1.09189e+00
 6.41454e+03  9.48079e-01
 6.41483e+03  7.55865e-01
 6.41512e+03  1.05992e+00
 6.41541e+03  9.74379e-01
 6.41570e+03  1.02550e+00
 6.41598e+03  7.99555e-01
 6.41627e+03  9.60187e-01
 6.41656e+03  1.00323e+00
 6.41685e+03  7.81054e-01
 6.41714e+03  8.28276e-01
 6.41743e+03  1.30384e+00
 6.41771e+03  9.14978e-01
 6.41800e+03  8.73393e-01
 6.41829e+03  1.07188e+00
 6.41858e+03  8.16961e-01
 6.41887e+03  9.71876e-01
 6.41916e+03  9.46784e-01
 6.41945e+03  9.56193e-01
 6.41973e+03  8.57717e-01
 6.42002e+03  9.19954e-01
 6.42031e+03  6.76745e-01
 6.42060e+03  8.12483e-01
 6.42089e+03  7.78544e-01
 6.42118e+03  7.38311e-01
 6.42146e+03  7.20567e-01
 6.42175e+03  7.15030e-01
 6.42204e+03  7.05298e-01
 6.42233e+03  7.99756e-01
 6.42262e+03  6.98285e-01
 6.42291e+03  6.98283e-01
 6.42319e+03  9.42630e-01
 6.42348e+03  8.69109e-01
 6.42377e+03  1.05417e+00
 6.42406e+03  9.52793e-01
 6.42435e+03  9.48525e-01
 6.42464e+03  1.10679e+00
 6.42493e+03  1.01479e+00
 6.42521e+03  1.07090e+00
 6.42550e+03  9.30189e-01
 6.42579e+03  7.86567e-01
 6.42608e+03  1.10465e+00
 6.42637e+03  8.48105e-01
 6.42666e+03  8.94260e-01
 6.42694e+03  7.52328e-01
 6.42723e+03  8.14841e-01
 6.42752e+03  2.63101e-01
 6.42781e+03  7.36838e-01
 6.42810e+03  1.18882e+00
 6.42839e+03  1.02483e+00
 6.42867e+03  9.40324e-01
 6.42896e+03  7.91348e-01
 6.42925e+03  9.82897e-01
 6.42954e+03  8.79080e-01
 6.42983e+03  8.07449e-01
 6.43012e+03  7.69436e-01
 6.43041e+03  8.11686e-01
 6.43069e+03  9.08955e-01
 6.43098e+03  7.84463e-01
 6.43127e+03  8.73550e-01
 6.43156e+03  7.45280e-01
 6.43185e+03  7.88358e-01
 6.43214e+03  8.89947e-01
 6.43242e+03  8.66809e-01
 6.43271e+03  1.01057e+00
 6.43300e+03  1.10021e+00
 6.43329e+03  9.57077e-01
 6.43358e+03  8.17638e-01
 6.43387e+03  1.00415e+00
 6.43415e+03  1.02093e+00
 6.43444e+03  9.92637e-01
 6.43473e+03  1.07798e+00
 6.43502e+03  1.00895e+00
 6.43531e+03  9.94245e-01
 6.43560e+03  8.54100e-01
 6.43589e+03  1.17250e+00
 6.43617e+03  8.92134e-01
 6.43646e+03  7.73607e-01
 6.43675e+03  9.73698e-01
 6.43704e+03  8.87884e-01
 6.43733e+03  6.55434e-01
 6.43762e+03  1.14377e+00
 6.43790e+03  1.04650e+00
 6.43819e+03  1.08957e+00
 6.43848e+03  9.16667e-01
 6.43877e+03  9.01407e-01
 6.43906e+03  1.10441e+00
 6.43935e+03  9.67286e-01
 6.43963e+03  8.34128e-01
 6.43992e+03  1.04697e+00
 6.44021e+03  9.82139e-01
 6.44050e+03  1.04710e+00
 6.44079e+03  8.62731e-01
 6.44108e+03  8.50224e-01
 6.44137e+03  1.02348e+00
 6.44165e+03  1.18540e+00
 6.44194e+03  1.10806e+00
 6.44223e+03  9.02475e-01
 6.44252e+03  8.29003e-01
 6.44281e+03  1.01737e+00
 6.44310e+03  1.01535e+00
 6.44338e+03  8.69706e-01
 6.44367e+03  9.70418e-01
 6.44396e+03  8.91248e-01
 6.44425e+03  9.86183e-01
 6.44454e+03  8.50804e-01
 6.44483e+03  9.67034e-01
 6.44511e+03  8.29121e-01
 6.44540e+03  1.13030e+00
 6.44569e+03  1.04387e+00
 6.44598e+03  9.66525e-01
 6.44627e+03  8.44710e-01
 6.44656e+03  8.75962e-01
 6.44685e+03  1.09542e+00
 6.44713e+03  7.49902e-01
 6.44742e+03  8.57331e-01
 6.44771e+03  1.17032e+00
 6.44800e+03  9.18015e-01
 6.44829e+03  1.22845e+00
 6.44858e+03  8.31899e-01
 6.44886e+03  9.79271e-01
 6.44915e+03  7.89013e-01
 6.44944e+03  1.10533e+00
 6.44973e+03  1.02576e+00
 6.45002e+03  8.54804e-01
 6.45031e+03  1.00125e+00
 6.45059e+03  8.87186e-01
 6.45088e+03  1.10499e+00
 6.45117e+03  8.69195e-01
 6.45146e+03  9.48287e-01
 6.45175e+03  8.04009e-01
 6.45204e+03  8.97761e-01
 6.45232e+03  5.45862e-01
 6.45261e+03  6.74480e-01
 6.45290e+03  1.10336e+00
 6.45319e+03  9.84894e-01
 6.45348e+03  9.66951e-01
 6.45377e+03  1.04626e+00
 6.45406e+03  9.84091e-01
 6.45434e+03  7.28358e-01
 6.45463e+03  6.91393e-01
 6.45492e+03  1.03254e+00
 6.45521e+03  8.74797e-01
 6.45550e+03  8.94646e-01
 6.45579e+03  7.96683e-01
 6.45607e+03  8.64998e-01
 6.45636e+03  9.90778e-01
 6.45665e+03  1.00608e+00
 6.45694e+03  1.09586e+00
 6.45723e+03  8.99881e-01
 6.45752e+03  1.01891e+00
 6.45780e+03  9.80245e-01
 6.45809e+03  1.01110e+00
 6.45838e+03  1.00936e+00
 6.45867e+03  8.87394e-01
 6.45896e+03  1.01649e+00
 6.45925e+03  7.63325e-01
 6.45954e+03  8.08290e-01
 6.45982e+03  8.48702e-01
 6.46011e+03  9.18497e-01
 6.46040e+03  8.81882e-01
 6.46069e+03  9.79777e-01
 6.46098e+03  8.94431e-01
 6.46127e+03  7.40276e-01
 6.46155e+03  9.29800e-01
 6.46184e+03  9.96341e-01
 6.46213e+03  9.34429e-01
 6.46242e+03  6.32513e-01
 6.46271e+03  9.63762e-01
 6.46300e+03  9.36556e-01
 6.46328e+03  1.00332e+00
 6.46357e+03  1.05843e+00
 6.46386e+03  1.02822e+00
 6.46415e+03  1.06057e+00
 6.46444e+03  8.97115e-01
 6.46473e+03  6.07870e-01
 6.46502e+03  9.36650e-01
 6.46530e+03  8.61527e-01
 6.46559e+03  9.20684e-01
 6.46588e+03  8.10406e-01
 6.46617e+03  9.09532e-01
 6.46646e+03  8.38921e-01
 6.46675e+03  8.37020e-01
 6.46703e+03  7.57302e-01
 6.46732e+03  7.81816e-01
 6.46761e+03  7.95917e-01
 6.46790e+03  8.64317e-01
 6.46819e+03  8.94793e-01
 6.46848e+03  9.27880e-01
 6.46876e+03  8.00252e-01
 6.46905e+03  8.82109e-01
 6.46934e+03  8.41365e-01
 6.46963e+03  1.01533e+00
 6.46992e+03  7.70729e-01
 6.47021e+03  8.18806e-01
 6.47050e+03  9.55382e-01
 6.47078e+03  8.16188e-01
 6.47107e+03  1.02638e+00
 6.47136e+03  1.04879e+00
 6.47165e+03  9.45251e-01
 6.47194e+03  1.10239e+00
 6.47223e+03  1.17238e+00
 6.47251e+03  1.07769e+00
 6.47280e+03  9.85786e-01
 6.47309e+03  1.28826e+00
 6.47338e+03  1.20406e+00
 6.47367e+03  1.23391e+00
 6.47396e+03  1.19400e+00
 6.47424e+03  1.02971e+00
 6.47453e+03  1.12379e+00
 6.47482e+03  1.08622e+00
 6.47511e+03  1.00943e+00
 6.47540e+03  9.98473e-01
 6.47569e+03  1.05828e+00
 6.47598e+03  1.01358e+00
 6.47626e+03  9.10736e-01
 6.47655e+03  9.78203e-01
 6.47684e+03  1.00210e+00
 6.47713e+03  6.90996e-01
 6.47742e+03  8.89048e-01
 6.47771e+03  1.10089e+00
 6.47799e+03  1.13150e+00
 6.47828e+03  1.00071e+00
 6.47857e+03  8.74165e-01
 6.47886e+03  9.70145e-01
 6.47915e+03  1.05857e+00
 6.47944e+03  8.29441e-01
 6.47972e+03  8.13040e-01
 6.48001e+03  8.36970e-01
 6.48030e+03  7.78544e-01
 6.48059e+03  8.64058e-01
 6.48088e+03  7.45739e-01
 6.48117e+03  7.69152e-01
 6.48146e+03  9.10439e-01
 6.48174e+03  9.18113e-01
 6.48203e+03  8.76413e-01
 6.48232e+03  7.99152e-01
 6.48261e+03  9.21524e-01
 6.48290e+03  9.08536e-01
 6.48319e+03  8.62018e-01
 6.48347e+03  8.26563e-01
 6.48376e+03  1.03649e+00
 6.48405e+03  8.08591e-01
 6.48434e+03  7.36148e-01
 6.48463e+03  7.55738e-01
 6.48492e+03  7.91811e-01
 6.48520e+03  8.26048e-01
 6.48549e+03  8.00282e-01
 6.48578e+03  9.77372e-01
 6.48607e+03  1.02907e+00
 6.48636e+03  7.06403e-01
 6.48665e+03  8.85178e-01
 6.48694e+03  9.82187e-01
 6.48722e+03  8.17901e-01
 6.48751e+03  8.70102e-01
 6.48780e+03  1.03767e+00
 6.48809e+03  1.20010e+00
 6.48838e+03  1.14376e+00
 6.48867e+03  1.24152e+00
 6.48895e+03  1.40203e+00
 6.48924e+03  1.27623e+00
 6.48953e+03  1.28393e+00
 6.48982e+03  1.30021e+00
 6.49011e+03  1.23572e+00
 6.49040e+03  9.22619e-01
 6.49068e+03  9.59644e-01
 6.49097e+03  8.89084e-01
 6.49126e+03  1.12270e+00
 6.49155e+03  7.71684e-01
 6.49184e+03  8.24366e-01
 6.49213e+03  9.07036e-01
 6.49241e+03  9.75178e-01
 6.49270e+03  1.00711e+00
 6.49299e+03  8.74712e-01
 6.49328e+03  8.85929e-01
 6.49357e+03  1.07319e+00
 6.49386e+03  9.83134e-01
 6.49415e+03  9.56820e-01
 6.49443e+03  9.40900e-01
 6.49472e+03  9.70880e-01
 6.49501e+03  9.57531e-01
 6.49530e+03  9.46648e-01
 6.49559e+03  9.63049e-01
 6.49588e+03  1.08520e+00
 6.49616e+03  9.79249e-01
 6.49645e+03  9.00959e-01
 6.49674e+03  8.06401e-01
 6.49703e+03  8.86350e-01
 6.49732e+03  1.03210e+00
 6.49761e+03  8.35261e-01
 6.49789e+03  9.24675e-01
 6.49818e+03  1.14455e+00
 6.49847e+03  8.02719e-01
 6.49876e+03  8.89604e-01
 6.49905e+03  9.10430e-01
 6.49934e+03  9.25238e-01
 6.49962e+03  8.60731e-01
 6.49991e+03  8.03916e-01
 6.50020e+03  8.87339e-01
 6.50049e+03  1.00070e+00
 6.50078e+03  8.74766e-01
 6.50107e+03  9.62051e-01
 6.50136e+03  9.92979e-01
 6.50164e+03  9.19012e-01
 6.50193e+03  9.32765e-01
 6.50222e+03  7.46985e-01
 6.50251e+03  1.00367e+00
 6.50280e+03  1.17137e+00
 6.50309e+03  1.01564e+00
 6.50337e+03  7.32433e-01
 6.50366e+03  7.24668e-01
 6.50395e+03  7.27423e-01
 6.50424e+03  7.03845e-01
 6.50453e+03  8.53789e-01
 6.50482e+03  8.31019e-01
 6.50510e+03  8.51827e-01
 6.50539e+03  7.13366e-01
 6.50568e+03  9.67873e-01
 6.50597e+03  7.98662e-01
 6.50626e+03  6.57402e-01
 6.50655e+03  7.59420e-01
 6.50684e+03  6.30133e-01
 6.50712e+03  5.89923e-01
 6.50741e+03  7.75383e-01
 6.50770e+03  7.96426e-01
 6.50799e+03  7.91014e-01
 6.50828e+03  8.00176e-01
 6.50857e+03  7.94884e-01
 6.50885e+03  6.68307e-01
 6.50914e+03  5.56964e-01
 6.50943e+03  7.09000e-01
 6.50972e+03  6.98210e-01
 6.51001e+03  8.57639e-01
 6.51030e+03  9.45420e-01
 6.51058e+03  7.64511e-01
 6.51087e+03  7.15304e-01
 6.51116e+03  9.63740e-01
 6.51145e+03  9.77725e-01
 6.51174e+03  1.05497e+00
 6.51203e+03  1.51418e+00
 6.51232e+03  1.60828e+00
 6.51260e+03  1.58245e+00
 6.51289e+03  1.70180e+00
 6.51318e+03  1.35545e+00
 6.51347e+03  1.32117e+00
 6.51376e+03  1.23515e+00
 6.51405e+03  1.10401e+00
 6.51433e+03  1.30214e+00
 6.51462e+03  1.13911e+00
 6.51491e+03  1.09470e+00
 6.51520e+03  1.08995e+00
 6.51549e+03  9.26723e-01
 6.51578e+03  8.60410e-01
 6.51606e+03  7.34837e-01
 6.51635e+03  9.36588e-01
 6.51664e+03  8.72955e-01
 6.51693e+03  9.18703e-01
 6.51722e+03  1.07620e+00
 6.51751e+03  1.14190e+00
 6.51780e+03  1.04476e+00
 6.51808e+03  7.98678e-01
 6.51837e+03  8.61208e-01
 6.51866e+03  9.37254e-01
 6.51895e+03  9.33561e-01
 6.51924e+03  9.32336e-01
 6.51953e+03  9.83704e-01
 6.51981e+03  1.13876e+00
 6.52010e+03  8.45029e-01
 6.52039e+03  9.55545e-01
 6.52068e+03  9.41826e-01
 6.52097e+03  1.06005e+00
 6.52126e+03  7.95684e-01
 6.52154e+03  8.50704e-01
 6.52183e+03  1.09086e+00
 6.52212e+03  7.97922e-01
 6.52241e+03  7.63165e-01
 6.52270e+03  8.25418e-01
 6.52299e+03  8.04879e-01
 6.52328e+03  8.81980e-01
 6.52356e+03  9.42419e-01
 6.52385e+03  7.49182e-01
 6.52414e+03  9.36537e-01
 6.52443e+03  9.69040e-01
 6.52472e+03  8.99049e-01
 6.52501e+03  9.54499e-01
 6.52529e+03  1.04066e+00
 6.52558e+03  7.66115e-01
 6.52587e+03  7.79686e-01
 6.52616e+03  9.06953e-01
 6.52645e+03  7.84263e-01
 6.52674e+03  9.83959e-01
 6.52702e+03  8.14416e-01
 6.52731e+03  8.83034e-01
 6.52760e+03  8.28541e-01
 6.52789e+03  1.06502e+00
 6.52818e+03  9.57341e-01
 6.52847e+03  1.00700e+00
 6.52876e+03  9.33125e-01
 6.52904e+03  8.22009e-01
 6.52933e+03  9.96395e-01
 6.52962e+03  7.87117e-01
 6.52991e+03  9.09716e-01
 6.53020e+03  8.87909e-01
 6.53049e+03  9.86779e-01
 6.53077e+03  1.01782e+00
 6.53106e+03  9.71304e-01
 6.53135e+03  9.98359e-01
 6.53164e+03  9.54430e-01
 6.53193e+03  7.89331e-01
 6.53222e+03  6.60772e-01
 6.53250e+03  8.42592e-01
 6.53279e+03  7.96146e-01
 6.53308e+03  8.48173e-01
 6.53337e+03  1.06640e+00
 6.53366e+03  8.85049e-01
 6.53395e+03  7.27232e-01
 6.53423e+03  9.29077e-01
 6.53452e+03  8.92266e-01
 6.53481e+03  8.49131e-01
 6.53510e+03  8.78292e-01
 6.53539e+03  9.34668e-01
 6.53568e+03  8.88997e-01
 6.53597e+03  9.29897e-01
 6.53625e+03  9.85742e-01
 6.53654e+03  9.45899e-01
 6.53683e+03  1.00400e+00
 6.53712e+03  9.48874e-01
 6.53741e+03  9.38034e-01
 6.53770e+03  8.40002e-01
 6.53798e+03  9.17778e-01
 6.53827e+03  1.15108e+00
 6.53856e+03  1.24739e+00
 6.53885e+03  1.18166e+00
 6.53914e+03  1.03570e+00
 6.53943e+03  7.75238e-01
 6.53971e+03  7.16845e-01
 6.54000e+03  9.82950e-01
 6.54029e+03  8.18654e-01
 6.54058e+03  7.75979e-01
 6.54087e+03  9.26851e-01
 6.54116e+03  7.45684e-01
 6.54145e+03  8.09489e-01
 6.54173e+03  7.99831e-01
 6.54202e+03  8.55604e-01
 6.54231e+03  9.08686e-01
 6.54260e+03  9.46219e-01
 6.54289e+03  1.08708e+00
 6.54318e+03  9.26650e-01
 6.54346e+03  8.41376e-01
 6.54375e+03  9.09314e-01
 6.54404e+03  8.63147e-01
 6.54433e+03  9.45871e-01
 6.54462e+03  9.74531e-01
 6.54491e+03  8.55306e-01
 6.54519e+03  8.24601e-01
 6.54548e+03  8.01789e-01
 6.54577e+03  8.45279e-01
 6.54606e+03  9.37902e-01
 6.54635e+03  1.05833e+00
 6.54664e+03  8.19309e-01
 6.54693e+03  8.59811e-01
 6.54721e+03  8.33843e-01
 6.54750e+03  9.39783e-01
 6.54779e+03  9.48211e-01
 6.54808e+03  8.78832e-01
 6.54837e+03  9.72741e-01
 6.54866e+03  7.95592e-01
 6.54894e+03  9.53458e-01
 6.54923e+03  8.69390e-01
 6.54952e+03  9.72576e-01
 6.54981e+03  8.97300e-01
 6.55010e+03  7.85202e-01
 6.55039e+03  8.50525e-01
 6.55067e+03  1.00053e+00
 6.55096e+03  9.69708e-01
 6.55125e+03  8.98674e-01
 6.55154e+03  8.03783e-01
 6.55183e+03  7.73472e-01
 6.55212e+03  9.46820e-01
 6.55241e+03  9.66526e-01
 6.55269e+03  1.07872e+00
 6.55298e+03  8.67645e-01
 6.55327e+03  9.75559e-01
 6.55356e+03  1.03458e+00
 6.55385e+03  1.03539e+00
 6.55414e+03  9.31802e-01
 6.55442e+03  8.34492e-01
 6.55471e+03  1.06442e+00
 6.55500e+03  8.66633e-01
 6.55529e+03  8.90059e-01
 6.55558e+03  8.28335e-01
 6.55587e+03  8.04922e-01
 6.55615e+03  1.07188e+00
 6.55644e+03  8.32571e-01
 6.55673e+03  9.76213e-01
 6.55702e+03  9.61420e-01
 6.55731e+03  8.88177e-01
 6.55760e+03  7.82520e-01
 6.55789e+03  8.58789e-01
 6.55817e+03  9.55987e-01
 6.55846e+03  8.57128e-01
 6.55875e+03  9.97065e-01
 6.55904e+03  1.06959e+00
 6.55933e+03  8.66212e-01
 6.55962e+03  8.74521e-01
 6.55990e+03  9.80359e-01
 6.56019e+03  8.19612e-01
 6.56048e+03  8.56021e-01
 6.56077e+03  9.33812e-01
 6.56106e+03  9.80788e-01
 6.56135e+03  8.77742e-01
 6.56163e+03  9.26099e-01
 6.56192e+03  8.68257e-01
 6.56221e+03  9.81799e-01
 6.56250e+03  8.71596e-01
 6.56279e+03  7.51554e-01
 6.56308e+03  7.72291e-01
 6.56337e+03  7.36413e-01
 6.56365e+03  9.08687e-01
 6.56394e+03  8.52028e-01
 6.56423e+03  6.92505e-01
 6.56452e+03  7.53840e-01
 6.56481e+03  9.02768e-01
 6.56510e+03  8.56293e-01
 6.56538e+03  8.14597e-01
 6.56567e+03  8.07164e-01
 6.56596e+03  8.02292e-01
 6.56625e+03  9.75621e-01
 6.56654e+03  9.55936e-01
 6.56683e+03  8.06017e-01
 6.56711e+03  7.77897e-01
 6.56740e+03  8.72451e-01
 6.56769e+03  1.00240e+00
 6.56798e+03  8.43772e-01
 6.56827e+03  8.48111e-01
 6.56856e+03  7.92978e-01
 6.56885e+03  7.55412e-01
 6.56913e+03  9.24469e-01
 6.56942e+03  8.41415e-01
 6.56971e+03  9.28496e-01
 6.57000e+03  9.64727e-01
 6.57029e+03  9.50329e-01
 6.57058e+03  9.59154e-01
 6.57086e+03  1.00724e+00
 6.57115e+03  8.33505e-01
 6.57144e+03  9.88332e-01
 6.57173e+03  1.09769e+00
 6.57202e+03  1.32766e+00
 6.57231e+03  1.49886e+00
 6.57259e+03  1.54240e+00
 6.57288e+03  1.55360e+00
 6.57317e+03  1.64513e+00
 6.57346e+03  1.48984e+00
 6.57375e+03  1.25601e+00
 6.57404e+03  1.31151e+00
 6.57432e+03  1.28309e+00
 6.57461e+03  1.06040e+00
 6.57490e+03  1.03828e+00
 6.57519e+03  1.17054e+00
 6.57548e+03  1.05668e+00
 6.57577e+03  1.10576e+00
 6.57606e+03  1.08415e+00
 6.57634e+03  9.19457e-01
 6.57663e+03  1.06676e+00
 6.57692e+03  1.28230e+00
 6.57721e+03  1.28583e+00
 6.57750e+03  1.44388e+00
 6.57779e+03  1.16991e+00
 6.57807e+03  1.07435e+00
 6.57836e+03  1.05520e+00
 6.57865e+03  1.05005e+00
 6.57894e+03  1.13242e+00
 6.57923e+03  1.05240e+00
 6.57952e+03  1.01511e+00
 6.57980e+03  1.01438e+00
 6.58009e+03  1.09824e+00
 6.58038e+03  1.04280e+00
 6.58067e+03  1.24691e+00
 6.58096e+03  1.09790e+00
 6.58125e+03  1.11130e+00
 6.58154e+03  1.17852e+00
 6.58182e+03  1.29276e+00
 6.58211e+03  9.99837e-01
 6.58240e+03  1.29109e+00
 6.58269e+03  1.06702e+00
 6.58298e+03  1.10156e+00
 6.58327e+03  1.37592e+00
 6.58355e+03  1.24500e+00
 6.58384e+03  1.16060e+00
 6.58413e+03  1.12884e+00
 6.58442e+03  1.15225e+00
 6.58471e+03  1.20318e+00
 6.58500e+03  1.14699e+00
 6.58528e+03  1.07473e+00
 6.58557e+03  1.12048e+00
 6.58586e+03  1.11311e+00
 6.58615e+03  1.09904e+00
 6.58644e+03  1.26084e+00
 6.58673e+03  1.40323e+00
 6.58702e+03  1.32963e+00
 6.58730e+03  1.29353e+00
 6.58759e+03  1.17371e+00
 6.58788e+03  1.23659e+00
 6.58817e+03  1.25945e+00
 6.58846e+03  1.11760e+00
 6.58875e+03  1.12182e+00
 6.58903e+03  1.28943e+00
 6.58932e+03  1.25510e+00
 6.58961e+03  1.32981e+00
 6.58990e+03  1.51360e+00
 6.59019e+03  1.21875e+00
 6.59048e+03  1.26053e+00
 6.59076e+03  1.38644e+00
 6.59105e+03  1.33316e+00
 6.59134e+03  1.32335e+00
 6.59163e+03  1.31917e+00
 6.59192e+03  1.34732e+00
 6.59221e+03  1.24673e+00
 6.59250e+03  1.45972e+00
 6.59278e+03  1.36312e+00
 6.59307e+03  1.19761e+00
 6.59336e+03  1.25875e+00
 6.59365e+03  1.40154e+00
 6.59394e+03  1.55791e+00
 6.59423e+03  1.50832e+00
 6.59451e+03  1.48522e+00
 6.59480e+03  1.48257e+00
 6.59509e+03  1.45829e+00
 6.59538e+03  1.61663e+00
 6.59567e+03  1.53535e+00
 6.59596e+03  1.62865e+00
 6.59624e+03  1.48093e+00
 6.59653e+03  1.56861e+00
 6.59682e+03  1.59331e+00
 6.59711e+03  1.55436e+00
 6.59740e+03  1.48962e+00
 6.59769e+03  1.49648e+00
 6.59798e+03  1.47370e+00
 6.59826e+03  1.40474e+00
 6.59855e+03  1.47254e+00
 6.59884e+03  1.56044e+00
 6.59913e+03  1.58350e+00
 6.59942e+03  1.51470e+00
 6.59971e+03  1.60420e+00
 6.59999e+03  1.67079e+00
 6.60028e+03  1.64350e+00
 6.60057e+03  1.80759e+00
 6.60086e+03  1.59843e+00
 6.60115e+03  1.55558e+00
 6.60144e+03  1.85973e+00
 6.60172e+03  1.82438e+00
 6.60201e+03  1.79587e+00
 6.60230e+03  1.74111e+00
 6.60259e+03  1.52097e+00
 6.60288e+03  1.73532e+00
 6.60317e+03  1.87205e+00
 6.60346e+03  1.77606e+00
 6.60374e+03  2.00184e+00
 6.60403e+03  1.92568e+00
 6.60432e+03  1.71569e+00
 6.60461e+03  1.72293e+00
 6.60490e+03  1.61423e+00
 6.60519e+03  1.57465e+00
 6.60547e+03  1.88573e+00
 6.60576e+03  1.96516e+00
 6.60605e+03  1.80371e+00
 6.60634e+03  1.75441e+00
 6.60663e+03  1.92027e+00
 6.60692e+03  1.79859e+00
 6.60720e+03  1.79490e+00
 6.60749e+03  1.80679e+00
 6.60778e+03  1.84236e+00
 6.60807e+03  1.95183e+00
 6.60836e+03  2.02404e+00
 6.60865e+03  2.10352e+00
 6.60894e+03  1.94174e+00
 6.60922e+03  2.11729e+00
 6.60951e+03  1.95335e+00
 6.60980e+03  1.98668e+00
 6.61009e+03  2.01334e+00
 6.61038e+03  2.00057e+00
 6.61067e+03  1.99877e+00
 6.61095e+03  2.12237e+00
 6.61124e+03  1.97241e+00
 6.61153e+03  2.07699e+00
 6.61182e+03  2.16942e+00
 6.61211e+03  2.23096e+00
 6.61240e+03  2.45089e+00
 6.61268e+03  2.23816e+00
 6.61297e+03  2.33574e+00
 6.61326e+03  2.49073e+00
 6.61355e+03  2.54563e+00
 6.61384e+03  2.54261e+00
 6.61413e+03  2.72958e+00
 6.61441e+03  2.78605e+00
 6.61470e+03  2.69202e+00
 6.61499e+03  2.90632e+00
 6.61528e+03  2.97044e+00
 6.61557e+03  2.78116e+00
 6.61586e+03  2.78828e+00
 6.61615e+03  3.18297e+00
 6.61643e+03  3.09648e+00
 6.61672e+03  3.11807e+00
 6.61701e+03  3.51840e+00
 6.61730e+03  3.46430e+00
 6.61759e+03  3.68299e+00
 6.61788e+03  3.88142e+00
 6.61816e+03  3.76783e+00
 6.61845e+03  3.86368e+00
 6.61874e+03  4.31777e+00
 6.61903e+03  4.47022e+00
 6.61932e+03  4.64888e+00
 6.61961e+03  5.33722e+00
 6.61989e+03  6.19679e+00
 6.62018e+03  7.00696e+00
 6.62047e+03  7.87739e+00
 6.62076e+03  8.87605e+00
 6.62105e+03  9.99001e+00
 6.62134e+03  1.04304e+01
 6.62162e+03  1.07313e+01
 6.62191e+03  1.02601e+01
 6.62220e+03  9.34446e+00
 6.62249e+03  8.23370e+00
 6.62278e+03  7.34318e+00
 6.62307e+03  6.15145e+00
 6.62336e+03  5.67684e+00
 6.62364e+03  5.96970e+00
 6.62393e+03  5.24911e+00
 6.62422e+03  4.87904e+00
 6.62451e+03  4.75309e+00
 6.62480e+03  4.70579e+00
 6.62509e+03  4.47489e+00
 6.62537e+03  4.44227e+00
 6.62566e+03  4.10057e+00
 6.62595e+03  4.11775e+00
 6.62624e+03  4.10621e+00
 6.62653e+03  3.69768e+00
 6.62682e+03  3.57354e+00
 6.62710e+03  3.52587e+00
 6.62739e+03  3.62920e+00
 6.62768e+03  3.53339e+00
 6.62797e+03  3.71430e+00
 6.62826e+03  3.27584e+00
 6.62855e+03  3.12591e+00
 6.62884e+03  3.06010e+00
 6.62912e+03  3.41809e+00
 6.62941e+03  3.30891e+00
 6.62970e+03  3.20601e+00
 6.62999e+03  3.38338e+00
 6.63028e+03  3.16791e+00
 6.63057e+03  2.87413e+00
 6.63085e+03  2.91278e+00
 6.63114e+03  2.90231e+00
 6.63143e+03  2.57348e+00
 6.63172e+03  2.77450e+00
 6.63201e+03  2.93863e+00
 6.63230e+03  2.78804e+00
 6.63258e+03  2.72149e+00
 6.63287e+03  2.88584e+00
 6.63316e+03  2.82655e+00
 6.63345e+03  2.57368e+00
 6.63374e+03  2.57641e+00
 6.63403e+03  2.47629e+00
 6.63432e+03  2.62880e+00
 6.63460e+03  2.61873e+00
 6.63489e+03  2.43619e+00
 6.63518e+03  2.66197e+00
 6.63547e+03  2.49860e+00
 6.63576e+03  2.34716e+00
 6.63605e+03  2.14990e+00
 6.63633e+03  2.46053e+00
 6.63662e+03  2.35621e+00
 6.63691e+03  2.30138e+00
 6.63720e+03  2.20370e+00
 6.63749e+03  1.96728e+00
 6.63778e+03  2.24696e+00
 6.63806e+03  2.22552e+00
 6.63835e+03  2.23183e+00
 6.63864e+03  2.13869e+00
 6.63893e+03  2.23880e+00
 6.63922e+03  2.10610e+00
 6.63951e+03  2.10899e+00
 6.63980e+03  1.92942e+00
 6.64008e+03  2.11472e+00
 6.64037e+03  1.91491e+00
 6.64066e+03  1.91739e+00
 6.64095e+03  2.17797e+00
 6.64124e+03  2.21951e+00
 6.64153e+03  2.08077e+00
 6.64181e+03  2.20143e+00
 6.64210e+03  2.02904e+00
 6.64239e+03  1.92473e+00
 6.64268e+03  1.86007e+00
 6.64297e+03  1.76734e+00
 6.64326e+03  1.84741e+00
 6.64354e+03  1.89742e+00
 6.64383e+03  1.79350e+00
 6.64412e+03  1.68670e+00
 6.64441e+03  1.60288e+00
 6.64470e+03  1.68233e+00
 6.64499e+03  1.90291e+00
 6.64528e+03  1.86740e+00
 6.64556e+03  1.71177e+00
 6.64585e+03  1.71649e+00
 6.64614e+03  1.68390e+00
 6.64643e+03  1.81533e+00
 6.64672e+03  1.77963e+00
 6.64701e+03  1.84097e+00
 6.64729e+03  1.81749e+00
 6.64758e+03  1.53236e+00
 6.64787e+03  1.66135e+00
 6.64816e+03  1.68864e+00
 6.64845e+03  1.54422e+00
 6.64874e+03  1.61672e+00
 6.64902e+03  1.62245e+00
 6.64931e+03  1.52459e+00
 6.64960e+03  1.39021e+00
 6.64989e+03  1.72783e+00
 6.65018e+03  1.68661e+00
 6.65047e+03  1.67613e+00
 6.65076e+03  1.59936e+00
 6.65104e+03  1.51971e+00
 6.65133e+03  1.50465e+00
 6.65162e+03  1.53939e+00
 6.65191e+03  1.58161e+00
 6.65220e+03  1.42094e+00
 6.65249e+03  1.41852e+00
 6.65277e+03  1.48029e+00
 6.65306e+03  1.36595e+00
 6.65335e+03  1.31844e+00
 6.65364e+03  1.37835e+00
 6.65393e+03  1.37940e+00
 6.65422e+03  1.31651e+00
 6.65450e+03  1.34278e+00
 6.65479e+03  1.53842e+00
 6.65508e+03  1.49369e+00
 6.65537e+03  1.28522e+00
 6.65566e+03  1.27500e+00
 6.65595e+03  1.32792e+00
 6.65623e+03  1.42474e+00
 6.65652e+03  1.56424e+00
 6.65681e+03  1.19887e+00
 6.65710e+03  1.17666e+00
 6.65739e+03  1.29240e+00
 6.65768e+03  1.34783e+00
 6.65797e+03  1.29992e+00
 6.65825e+03  1.42717e+00
 6.65854e+03  1.29338e+00
 6.65883e+03  1.23562e+00
 6.65912e+03  1.31115e+00
 6.65941e+03  1.21670e+00
 6.65970e+03  1.27201e+00
 6.65998e+03  1.27485e+00
 6.66027e+03  1.32426e+00
 6.66056e+03  1.22302e+00
 6.66085e+03  1.30143e+00
 6.66114e+03  1.23133e+00
 6.66143e+03  1.26591e+00
 6.66171e+03  1.19743e+00
 6.66200e+03  1.30639e+00
 6.66229e+03  1.28430e+00
 6.66258e+03  1.24960e+00
 6.66287e+03  1.00317e+00
 6.66316e+03  1.34377e+00
 6.66345e+03  1.22913e+00
 6.66373e+03  1.18310e+00
 6.66402e+03  1.25476e+00
 6.66431e+03  1.25455e+00
 6.66460e+03  1.15509e+00
 6.66489e+03  1.16861e+00
 6.66518e+03  1.07475e+00
 6.66546e+03  1.21656e+00
 6.66575e+03  1.18023e+00
 6.66604e+03  1.22771e+00
 6.66633e+03  1.08102e+00
 6.66662e+03  1.01169e+00
 6.66691e+03  1.19559e+00
 6.66719e+03  1.28174e+00
 6.66748e+03  1.12334e+00
 6.66777e+03  1.23176e+00
 6.66806e+03  1.10059e+00
 6.66835e+03  1.12169e+00
 6.66864e+03  9.81692e-01
 6.66893e+03  9.85059e-01
 6.66921e+03  1.08076e+00
 6.66950e+03  1.14822e+00
 6.66979e+03  1.12627e+00
 6.67008e+03  1.18441e+00
 6.67037e+03  1.06201e+00
 6.67066e+03  9.48105e-01
 6.67094e+03  8.79170e-01
 6.67123e+03  9.63078e-01
 6.67152e+03  1.03970e+00
 6.67181e+03  1.07709e+00
 6.67210e+03  1.22749e+00
 6.67239e+03  1.29306e+00
 6.67267e+03  1.16327e+00
 6.67296e+03  9.78277e-01
 6.67325e+03  9.22288e-01
 6.67354e+03  1.00471e+00
 6.67383e+03  9.97085e-01
 6.67412e+03  1.04069e+00
 6.67441e+03  1.02288e+00
 6.67469e+03  1.00921e+00
 6.67498e+03  1.09524e+00
 6.67527e+03  9.82283e-01
 6.67556e+03  8.52006e-01
 6.67585e+03  9.80861e-01
 6.67614e+03  1.10839e+00
 6.67642e+03  1.01048e+00
 6.67671e+03  1.17507e+00
 6.67700e+03  1.33975e+00
 6.67729e+03  9.64851e-01
 6.67758e+03  9.60072e-01
 6.67787e+03  1.07449e+00
 6.67815e+03  9.88491e-01
 6.67844e+03  1.23253e+00
 6.67873e+03  1.02066e+00
 6.67902e+03  9.26824e-01
 6.67931e+03  1.12035e+00
 6.67960e+03  1.10467e+00
 6.67989e+03  1.00735e+00
 6.68017e+03  1.01960e+00
 6.68046e+03  8.59028e-01
 6.68075e+03  9.73237e-01
 6.68104e+03  9.14107e-01
 6.68133e+03  1.00638e+00
 6.68162e+03  8.77496e-01
 6.68190e+03  8.74462e-01
 6.68219e+03  9.22638e-01
 6.68248e+03  1.05098e+00
 6.68277e+03  1.07873e+00
 6.68306e+03  9.44246e-01
 6.68335e+03  9.04369e-01
 6.68363e+03  1.06853e+00
 6.68392e+03  9.30680e-01
 6.68421e+03  8.50680e-01
 6.68450e+03  1.05826e+00
 6.68479e+03  1.03992e+00
 6.68508e+03  7.52762e-01
 6.68537e+03  7.30283e-01
 6.68565e+03  7.79347e-01
 6.68594e+03  8.47117e-01
 6.68623e+03  1.00310e+00
 6.68652e+03  9.24405e-01
 6.68681e+03  9.00264e-01
 6.68710e+03  8.88409e-01
 6.68738e+03  7.48019e-01
 6.68767e+03  8.58672e-01
 6.68796e+03  9.71809e-01
 6.68825e+03  1.03372e+00
 6.68854e+03  8.46971e-01
 6.68883e+03  9.44614e-01
 6.68911e+03  1.05772e+00
 6.68940e+03  7.35028e-01
 6.68969e+03  6.43506e-01
 6.68998e+03  9.73849e-01
 6.69027e+03  8.80872e-01
 6.69056e+03  8.14526e-01
 6.69085e+03  8.57104e-01
 6.69113e+03  1.00553e+00
 6.69142e+03  8.94417e-01
 6.69171e+03  8.73673e-01
 6.69200e+03  9.85789e-01
 6.69229e+03  9.64689e-01
 6.69258e+03  9.11181e-01
 6.69286e+03  8.76908e-01
 6.69315e+03  9.19562e-01
 6.69344e+03  9.96774e-01
 6.69373e+03  9.49145e-01
 6.69402e+03  7.95113e-01
 6.69431e+03  8.09676e-01
 6.69459e+03  8.91907e-01
 6.69488e+03  7.75096e-01
 6.69517e+03  8.30153e-01
 6.69546e+03  8.89446e-01
 6.69575e+03  7.84971e-01
 6.69604e+03  7.29439e-01
 6.69632e+03  8.47664e-01
 6.69661e+03  7.21733e-01
 6.69690e+03  6.78437e-01
 6.69719e+03  9.01696e-01
 6.69748e+03  9.25850e-01
 6.69777e+03  9.77263e-01
 6.69806e+03  1.10228e+00
 6.69834e+03  1.11902e+00
 6.69863e+03  8.25916e-01
 6.69892e+03  8.24555e-01
 6.69921e+03  9.51154e-01
 6.69950e+03  1.06493e+00
 6.69979e+03  9.79781e-01
 6.70007e+03  7.80154e-01
 6.70036e+03  9.12072e-01
 6.70065e+03  8.81680e-01
 6.70094e+03  8.68193e-01
 6.70123e+03  8.81404e-01
 6.70152e+03  1.00657e+00
 6.70180e+03  8.75112e-01
 6.70209e+03  7.96469e-01
 6.70238e+03  7.95107e-01
 6.70267e+03  8.97977e-01
 6.70296e+03  8.47761e-01
 6.70325e+03  1.00554e+00
 6.70354e+03  9.79256e-01
 6.70382e+03  1.02419e+00
 6.70411e+03  9.90879e-01
 6.70440e+03  9.26308e-01
 6.70469e+03  9.99773e-01
 6.70498e+03  8.88064e-01
 6.70527e+03  8.24007e-01
 6.70555e+03  1.00251e+00
 6.70584e+03  9.71024e-01
 6.70613e+03  9.34056e-01
 6.70642e+03  9.59875e-01
 6.70671e+03  7.49483e-01
 6.70700e+03  7.84776e-01
 6.70728e+03  7.86623e-01
 6.70757e+03  9.38091e-01
 6.70786e+03  1.00691e+00
 6.70815e+03  8.18084e-01
 6.70844e+03  8.55220e-01
 6.70873e+03  9.86609e-01
 6.70902e+03  7.00275e-01
 6.70930e+03  6.30472e-01
 6.70959e+03  9.34173e-01
 6.70988e+03  9.17865e-01
 6.71017e+03  8.43719e-01
 6.71046e+03  9.04881e-01
 6.71075e+03  8.76486e-01
 6.71103e+03  7.84334e-01
 6.71132e+03  7.19919e-01
 6.71161e+03  6.79578e-01
 6.71190e+03  7.78975e-01
 6.71219e+03  8.95083e-01
 6.71248e+03  7.57437e-01
 6.71276e+03  8.60374e-01
 6.71305e+03  1.12914e+00
 6.71334e+03  1.02884e+00
 6.71363e+03  9.14325e-01
 6.71392e+03  1.03678e+00
 6.71421e+03  9.45550e-01
 6.71450e+03  7.59663e-01
 6.71478e+03  8.08758e-01
 6.71507e+03  9.73688e-01
 6.71536e+03  1.02003e+00
 6.71565e+03  1.02143e+00
 6.71594e+03  9.17518e-01
 6.71623e+03  8.13473e-01
 6.71651e+03  7.02998e-01
 6.71680e+03  8.81252e-01
 6.71709e+03  1.14786e+00
 6.71738e+03  1.15527e+00
 6.71767e+03  9.48542e-01
 6.71796e+03  6.64160e-01
 6.71824e+03  6.44762e-01
 6.71853e+03  9.44109e-01
 6.71882e+03  9.27789e-01
 6.71911e+03  9.49162e-01
 6.71940e+03  9.48936e-01
 6.71969e+03  9.82230e-01
 6.71998e+03  9.35502e-01
 6.72026e+03  1.06215e+00
 6.72055e+03  8.40490e-01
 6.72084e+03  7.51506e-01
 6.72113e+03  9.73021e-01
 6.72142e+03  1.00814e+00
 6.72171e+03  1.04613e+00
 6.72199e+03  1.00671e+00
 6.72228e+03  9.16155e-01
 6.72257e+03  9.03758e-01
 6.72286e+03  7.51483e-01
 6.72315e+03  8.73218e-01
 6.72344e+03  8.92123e-01
 6.72372e+03  1.02641e+00
 6.72401e+03  7.59063e-01
 6.72430e+03  7.32597e-01
 6.72459e+03  9.68335e-01
 6.72488e+03  7.10644e-01
 6.72517e+03  6.22554e-01
 6.72546e+03  8.37502e-01
 6.72574e+03  8.26367e-01
 6.72603e+03  9.70641e-01
 6.72632e+03  8.30172e-01
 6.72661e+03  9.83228e-01
 6.72690e+03  1.15945e+00
 6.72719e+03  1.06995e+00
 6.72747e+03  8.82089e-01
 6.72776e+03  7.54033e-01
 6.72805e+03  7.08084e-01
 6.72834e+03  7.29214e-01
 6.72863e+03  7.97715e-01
 6.72892e+03  8.32161e-01
 6.72920e+03  7.12064e-01
 6.72949e+03  8.37706e-01
 6.72978e+03  8.71172e-01
 6.73007e+03  7.96926e-01
 6.73036e+03  8.07970e-01
 6.73065e+03  9.28750e-01
 6.73094e+03  9.75934e-01
 6.73122e+03  1.00351e+00
 6.73151e+03  1.01315e+00
 6.73180e+03  7.84141e-01
 6.73209e+03  6.83410e-01
 6.73238e+03  5.56052e-01
 6.73267e+03  8.03095e-01
 6.73295e+03  9.64680e-01
 6.73324e+03  7.16504e-01
 6.73353e+03  7.55426e-01
 6.73382e+03  9.68127e-01
 6.73411e+03  8.86293e-01
 6.73440e+03  6.78997e-01
 6.73468e+03  6.92248e-01
 6.73497e+03  1.10629e+00
 6.73526e+03  8.61491e-01
 6.73555e+03  7.35852e-01
 6.73584e+03  9.42232e-01
 6.73613e+03  7.84622e-01
 6.73641e+03  7.95881e-01
 6.73670e+03  1.04642e+00
 6.73699e+03  9.14660e-01
 6.73728e+03  6.63738e-01
 6.73757e+03  7.40387e-01
 6.73786e+03  8.71099e-01
 6.73815e+03  9.63938e-01
 6.73843e+03  7.52756e-01
 6.73872e+03  6.38048e-01
 6.73901e+03  8.10282e-01
 6.73930e+03  8.74874e-01
 6.73959e+03  7.66790e-01
 6.73988e+03  8.36221e-01
 6.74016e+03  9.79139e-01
 6.74045e+03  9.69143e-01
 6.74074e+03  1.19980e+00
 6.74103e+03  1.14140e+00
 6.74132e+03  9.07516e-01
 6.74161e+03  8.36495e-01
 6.74189e+03  9.72212e-01
 6.74218e+03  9.63985e-01
 6.74247e+03  8.67448e-01
 6.74276e+03  9.81313e-01
 6.74305e+03  9.81370e-01
 6.74334e+03  7.87473e-01
 6.74362e+03  8.34700e-01
 6.74391e+03  7.76983e-01
 6.74420e+03  7.13767e-01
 6.74449e+03  5.99768e-01
 6.74478e+03  6.97904e-01
 6.74507e+03  9.05580e-01
 6.74536e+03  8.33309e-01
 6.74564e+03  8.03657e-01
 6.74593e+03  7.99943e-01
 6.74622e+03  1.02636e+00
 6.74651e+03  9.02832e-01
 6.74680e+03  7.82036e-01
 6.74709e+03  9.45553e-01
 6.74737e+03  9.67827e-01
 6.74766e+03  8.37888e-01
 6.74795e+03  7.93353e-01
 6.74824e+03  5.54449e-01
 6.74853e+03  6.75652e-01
 6.74882e+03  9.38693e-01
 6.74910e+03  6.78440e-01
 6.74939e+03  5.99076e-01
 6.74968e+03  7.75424e-01
 6.74997e+03  8.22221e-01
 6.75026e+03  9.00341e-01
 6.75055e+03  1.03855e+00
 6.75084e+03  1.11302e+00
 6.75112e+03  1.19231e+00
 6.75141e+03  8.87868e-01
 6.75170e+03  1.01401e+00
 6.75199e+03  1.16490e+00
 6.75228e+03  1.09898e+00
 6.75257e+03  1.16330e+00
 6.75285e+03  1.14889e+00
 6.75314e+03  1.14973e+00
 6.75343e+03  8.72689e-01
 6.75372e+03  8.28270e-01
 6.75401e+03  8.49285e-01
 6.75430e+03  8.55015e-01
 6.75458e+03  8.52722e-01
 6.75487e+03  8.06398e-01
 6.75516e+03  8.44397e-01
 6.75545e+03  9.39821e-01
 6.75574e+03  8.52396e-01
 6.75603e+03  8.59402e-01
 6.75632e+03  8.51966e-01
 6.75660e+03  7.84816e-01
 6.75689e+03  7.76126e-01
 6.75718e+03  8.38793e-01
 6.75747e+03  9.51642e-01
 6.75776e+03  1.08951e+00
 6.75805e+03  9.34764e-01
 6.75833e+03  8.26750e-01
 6.75862e+03  7.22864e-01
 6.75891e+03  7.75260e-01
 6.75920e+03  9.22236e-01
 6.75949e+03  9.41584e-01
 6.75978e+03  1.02621e+00
 6.76006e+03  1.02730e+00
 6.76035e+03  8.02062e-01
 6.76064e+03  6.76624e-01
 6.76093e+03  7.86255e-01
 6.76122e+03  8.51773e-01
 6.76151e+03  8.31117e-01
 6.76180e+03  9.11825e-01
 6.76208e+03  9.15123e-01
 6.76237e+03  9.04173e-01
 6.76266e+03  1.01749e+00
 6.76295e+03  1.10799e+00
 6.76324e+03  9.16790e-01
 6.76353e+03  8.55787e-01
 6.76381e+03  1.07794e+00
 6.76410e+03  9.45297e-01
 6.76439e+03  9.91949e-01
 6.76468e+03  1.11942e+00
 6.76497e+03  8.85337e-01
 6.76526e+03  7.19183e-01
 6.76554e+03  9.42441e-01
 6.76583e+03  1.07504e+00
 6.76612e+03  8.69957e-01
 6.76641e+03  8.74147e-01
 6.76670e+03  9.86100e-01
 6.76699e+03  9.51819e-01
 6.76728e+03  9.34714e-01
 6.76756e+03  9.14307e-01
 6.76785e+03  7.72540e-01
 6.76814e+03  7.53781e-01
 6.76843e+03  9.39901e-01
 6.76872e+03  9.23902e-01
 6.76901e+03  1.00951e+00
 6.76929e+03  9.85356e-01
 6.76958e+03  9.36722e-01
 6.76987e+03  1.07415e+00
 6.77016e+03  1.13488e+00
 6.77045e+03  1.12055e+00
 6.77074e+03  7.91905e-01
 6.77102e+03  8.18540e-01
 6.77131e+03  9.41687e-01
 6.77160e+03  8.63950e-01
 6.77189e+03  8.73519e-01
 6.77218e+03  9.83578e-01
 6.77247e+03  9.16313e-01
 6.77276e+03  8.67815e-01
 6.77304e+03  7.49369e-01
 6.77333e+03  6.28478e-01
 6.77362e+03  7.11944e-01
 6.77391e+03  8.22807e-01
 6.77420e+03  7.38270e-01
 6.77449e+03  1.00471e+00
 6.77477e+03  1.02296e+00
 6.77506e+03  9.54735e-01
 6.77535e+03  8.98236e-01
 6.77564e+03  8.28202e-01
 6.77593e+03  9.05877e-01
 6.77622e+03  1.01820e+00
 6.77650e+03  1.04492e+00
 6.77679e+03  6.12730e-01
 6.77708e+03  5.93802e-01
 6.77737e+03  9.65648e-01
 6.77766e+03  9.65928e-01
 6.77795e+03  8.08654e-01
 6.77824e+03  6.36514e-01
 6.77852e+03  6.22135e-01
 6.77881e+03  7.76893e-01
 6.77910e+03  8.71454e-01
 6.77939e+03  8.37623e-01
 6.77968e+03  9.00244e-01
 6.77997e+03  1.09548e+00
 6.78025e+03  1.11311e+00
 6.78054e+03  1.04370e+00
 6.78083e+03  9.15341e-01
 6.78112e+03  9.10986e-01
 6.78141e+03  1.02765e+00
 6.78170e+03  9.45513e-01
 6.78198e+03  1.13551e+00
 6.78227e+03  1.14911e+00
 6.78256e+03  9.22072e-01
 6.78285e+03  8.65811e-01
 6.78314e+03  9.55715e-01
 6.78343e+03  8.31141e-01
 6.78371e+03  8.66514e-01
 6.78400e+03  1.01764e+00
 6.78429e+03  1.05429e+00
 6.78458e+03  7.94420e-01
 6.78487e+03  6.06289e-01
 6.78516e+03  9.21571e-01
 6.78545e+03  1.11028e+00
 6.78573e+03  7.95729e-01
 6.78602e+03  8.35353e-01
 6.78631e+03  1.08401e+00
 6.78660e+03  1.05315e+00
 6.78689e+03  1.03398e+00
 6.78718e+03  1.06385e+00
 6.78746e+03  9.04489e-01
 6.78775e+03  7.03180e-01
 6.78804e+03  8.46960e-01
 6.78833e+03  1.01092e+00
 6.78862e+03  6.89290e-01
 6.78891e+03  5.57806e-01
 6.78919e+03  7.69215e-01
 6.78948e+03  7.84468e-01
 6.78977e+03  8.33200e-01
 6.79006e+03  9.97862e-01
 6.79035e+03  8.95644e-01
 6.79064e+03  1.03414e+00
 6.79093e+03  1.14332e+00
 6.79121e+03  8.40034e-01
 6.79150e+03  7.41174e-01
 6.79179e+03  1.09126e+00
 6.79208e+03  1.19274e+00
 6.79237e+03  1.19569e+00
 6.79266e+03  9.33635e-01
 6.79294e+03  6.74247e-01
 6.79323e+03  6.72063e-01
 6.79352e+03  7.78327e-01
 6.79381e+03  8.03610e-01
 6.79410e+03  9.49342e-01
 6.79439e+03  9.40909e-01
 6.79467e+03  1.03167e+00
 6.79496e+03  1.13664e+00
 6.79525e+03  9.07626e-01
 6.79554e+03  6.55693e-01
 6.79583e+03  6.62705e-01
 6.79612e+03  7.48583e-01
 6.79641e+03  8.22610e-01
 6.79669e+03  9.94635e-01
 6.79698e+03  1.10581e+00
 6.79727e+03  7.85303e-01
 6.79756e+03  8.54316e-01
 6.79785e+03  8.09852e-01
 6.79814e+03  7.40577e-01
 6.79842e+03  9.96032e-01
 6.79871e+03  1.02681e+00
 6.79900e+03  7.92308e-01
 6.79929e+03  8.40053e-01
 6.79958e+03  9.20018e-01
 6.79987e+03  9.00665e-01
 6.80015e+03  9.50467e-01
 6.80044e+03  8.02376e-01
 6.80073e+03  8.27229e-01
 6.80102e+03  8.14253e-01
 6.80131e+03  7.96412e-01
 6.80160e+03  9.85141e-01
 6.80189e+03  1.15788e+00
 6.80217e+03  9.66660e-01
 6.80246e+03  9.07013e-01
 6.80275e+03  1.03849e+00
 6.80304e+03  1.11531e+00
 6.80333e+03  1.07113e+00
 6.80362e+03  9.37738e-01
 6.80390e+03  6.90445e-01
 6.80419e+03  7.35912e-01
 6.80448e+03  1.04214e+00
 6.80477e+03  1.14491e+00
 6.80506e+03  1.02197e+00
 6.80535e+03  1.28593e+00
 6.80563e+03  1.41040e+00
 6.80592e+03  1.16191e+00
 6.80621e+03  9.42752e-01
 6.80650e+03  1.05952e+00
 6.80679e+03  1.19851e+00
 6.80708e+03  8.54160e-01
 6.80737e+03  6.57444e-01
 6.80765e+03  8.38750e-01
 6.80794e+03  8.86658e-01
 6.80823e+03  8.57385e-01
 6.80852e+03  7.41026e-01
 6.80881e+03  9.11142e-01
 6.80910e+03  1.09111e+00
 6.80938e+03  9.18929e-01
 6.80967e+03  8.40290e-01
 6.80996e+03  7.16146e-01
 6.81025e+03  8.52001e-01
 6.81054e+03  1.02930e+00
 6.81083e+03  1.11580e+00
 6.81111e+03  1.40939e+00
 6.81140e+03  1.10258e+00
 6.81169e+03  1.14889e+00
 6.81198e+03  1.17205e+00
 6.81227e+03  6.44481e-01
 6.81256e+03  5.12211e-01
 6.81285e+03  1.05900e+00
 6.81313e+03  1.35934e+00
 6.81342e+03  9.85612e-01
 6.81371e+03  7.13779e-01
 6.81400e+03  1.10472e+00
 6.81429e+03  9.00018e-01
 6.81458e+03  7.63869e-01
 6.81486e+03  9.46491e-01
 6.81515e+03  9.68398e-01
 6.81544e+03  6.42236e-01
 6.81573e+03  5.15179e-01
 6.81602e+03  1.02183e+00
 6.81631e+03  1.23177e+00
 6.81659e+03  9.39718e-01
 6.81688e+03  9.80112e-01
 6.81717e+03  7.75168e-01
 6.81746e+03  9.23675e-01
 6.81775e+03  1.17799e+00
 6.81804e+03  1.09069e+00
 6.81833e+03  9.30752e-01
 6.81861e+03  9.42607e-01
 6.81890e+03  8.87432e-01
 6.81919e+03  7.41235e-01
 6.81948e+03  6.94409e-01
 6.81977e+03  7.52375e-01
 6.82006e+03  6.65162e-01
 6.82034e+03  8.12126e-01
 6.82063e+03  1.00125e+00
 6.82092e+03  8.62287e-01
 6.82121e+03  5.75601e-01
 6.82150e+03  4.63183e-01
 6.82179e+03  9.17834e-01
 6.82207e+03  1.24307e+00
 6.82236e+03  9.38564e-01
 6.82265e+03  7.66540e-01
 6.82294e+03  8.22300e-01
 6.82323e+03  1.02984e+00
 6.82352e+03  1.22117e+00
 6.82380e+03  1.14305e+00
 6.82409e+03  7.41439e-01
 6.82438e+03  7.76948e-01
 6.82467e+03  1.15923e+00
 6.82496e+03  1.35338e+00
 6.82525e+03  1.20824e+00
 6.82554e+03  1.09396e+00
 6.82582e+03  9.78358e-01
 6.82611e+03  9.87990e-01
 6.82640e+03  9.65848e-01
 6.82669e+03  7.21216e-01
 6.82698e+03  9.24784e-01
 6.82727e+03  8.81272e-01
 6.82755e+03  8.03560e-01
 6.82784e+03  1.02725e+00
 6.82813e+03  1.00294e+00
 6.82842e+03  1.05842e+00
 6.82871e+03  1.01946e+00
 6.82900e+03  1.00610e+00
 6.82928e+03  1.19462e+00
 6.82957e+03  1.16231e+00
 6.82986e+03  1.14099e+00
 6.83015e+03  1.26930e+00
 6.83044e+03  1.28752e+00
 6.83073e+03  9.92460e-01
 6.83102e+03  8.50720e-01
 6.83130e+03  6.72219e-01
 6.83159e+03  6.73006e-01
 6.83188e+03  9.24577e-01
 6.83217e+03  9.31867e-01
 6.83246e+03  1.14542e+00
 6.83275e+03  1.08635e+00
 6.83303e+03  8.57777e-01
 6.83332e+03  1.03449e+00
 6.83361e+03  1.13366e+00
 6.83390e+03  1.05875e+00
 6.83419e+03  1.05769e+00
 6.83448e+03  1.24574e+00
 6.83476e+03  1.33603e+00
 6.83505e+03  1.00929e+00
 6.83534e+03  1.08525e+00
 6.83563e+03  1.33520e+00
 6.83592e+03  9.77409e-01
 6.83621e+03  7.13007e-01
 6.83650e+03  8.77903e-01
 6.83678e+03  1.07429e+00
 6.83707e+03  1.09542e+00
 6.83736e+03  1.22729e+00
 6.83765e+03  1.07383e+00
 6.83794e+03  1.06566e+00
 6.83823e+03  1.10925e+00
 6.83851e+03  8.80567e-01
 6.83880e+03  1.03995e+00
 6.83909e+03  1.14171e+00
 6.83938e+03  1.16207e+00
 6.83967e+03  1.13189e+00
 6.83996e+03  8.02178e-01
 6.84024e+03  9.71322e-01
 6.84053e+03  9.36208e-01
 6.84082e+03  7.00064e-01
 6.84111e+03  1.04874e+00
 6.84140e+03  1.16810e+00
 6.84169e+03  9.74757e-01
 6.84198e+03  8.31308e-01
 6.84226e+03  9.63248e-01
 6.84255e+03  1.20011e+00
 6.84284e+03  1.42722e+00
 6.84313e+03  1.24054e+00
 6.84342e+03  8.91265e-01
 6.84371e+03  1.10739e+00
 6.84399e+03  1.15938e+00
 6.84428e+03  9.49809e-01
 6.84457e+03  8.74553e-01
 6.84486e+03  9.79588e-01
 6.84515e+03  6.10486e-01
 6.84544e+03  7.69456e-01
 6.84572e+03  1.25948e+00
 6.84601e+03  1.28472e+00
 6.84630e+03  1.19825e+00
 6.84659e+03  9.57376e-01
 6.84688e+03  7.59710e-01
 6.84717e+03  8.03750e-01
 6.84746e+03  9.42555e-01
 6.84774e+03  8.23780e-01
 6.84803e+03  8.99912e-01
 6.84832e+03  1.19921e+00
 6.84861e+03  1.22792e+00
 6.84890e+03  1.33664e+00
 6.84919e+03  1.07404e+00
 6.84947e+03  7.20695e-01
 6.84976e+03  8.54426e-01
 6.85005e+03  8.82785e-01
 6.85034e+03  1.18017e+00
 6.85063e+03  1.42319e+00
 6.85092e+03  1.15871e+00
 6.85120e+03  9.25758e-01
 6.85149e+03  9.31975e-01
 6.85178e+03  1.06381e+00
 6.85207e+03  1.15311e+00
 6.85236e+03  1.18323e+00
 6.85265e+03  1.17161e+00
 6.85294e+03  1.18985e+00
 6.85322e+03  1.03686e+00
 6.85351e+03  5.58817e-01
 6.85380e+03  7.80526e-01
 6.85409e+03  8.70739e-01
 6.85438e+03  5.59287e-01
 6.85467e+03  7.96157e-01
 6.85495e+03  1.10402e+00
 6.85524e+03  1.14426e+00
 6.85553e+03  1.12799e+00
 6.85582e+03  1.29839e+00
 6.85611e+03  1.10537e+00
 6.85640e+03  9.53503e-01
 6.85668e+03  9.53046e-01
 6.85697e+03  8.66229e-01
 6.85726e+03  1.02092e+00
 6.85755e+03  1.04771e+00
 6.85784e+03  1.04272e+00
 6.85813e+03  1.19163e+00
 6.85842e+03  8.06776e-01
 6.85870e+03  5.72618e-01
 6.85899e+03  6.63104e-01
 6.85928e+03  7.80599e-01
 6.85957e+03  1.15267e+00
 6.85986e+03  1.17320e+00
 6.86015e+03  8.85274e-01
 6.86043e+03  8.21232e-01
 6.86072e+03  1.00436e+00
 6.86101e+03  1.11852e+00
 6.86130e+03  1.02573e+00
 6.86159e+03  9.26113e-01
 6.86188e+03  1.11370e+00
 6.86216e+03  1.30950e+00
 6.86245e+03  1.36630e+00
 6.86274e+03  1.28730e+00
 6.86303e+03  9.87351e-01
 6.86332e+03  8.14100e-01
 6.86361e+03  9.27026e-01
 6.86389e+03  1.13354e+00
 6.86418e+03  1.12159e+00
 6.86447e+03  8.73379e-01
 6.86476e+03  7.38867e-01
 6.86505e+03  8.29917e-01
 6.86534e+03  5.92658e-01
 6.86562e+03  8.12629e-01
 6.86591e+03  1.23127e+00
 6.86620e+03  1.13691e+00
 6.86649e+03  1.28327e+00
 6.86678e+03  1.22624e+00
 6.86707e+03  9.90748e-01
 6.86736e+03  9.88435e-01
 6.86764e+03  7.66757e-01
 6.86793e+03  6.48813e-01
 6.86822e+03  9.47769e-01
 6.86851e+03  1.31725e+00
 6.86880e+03  8.06228e-01
 6.86909e+03  4.31559e-01
 6.86937e+03  7.17435e-01
 6.86966e+03  8.95364e-01
 6.86995e+03  7.22510e-01
 6.87024e+03  7.98594e-01
 6.87053e+03  1.22937e+00
 6.87082e+03  1.30558e+00
 6.87110e+03  1.03665e+00
 6.87139e+03  1.11857e+00
 6.87168e+03  1.48639e+00
 6.87197e+03  1.12022e+00
 6.87226e+03  8.11858e-01
 6.87255e+03  9.30287e-01
 6.87284e+03  1.14537e+00
 6.87312e+03  1.00458e+00
 6.87341e+03  7.88125e-01
 6.87370e+03  8.19315e-01
 6.87399e+03  1.12531e+00
 6.87428e+03  1.41615e+00
 6.87457e+03  1.31735e+00
 6.87485e+03  1.10456e+00
 6.87514e+03  1.17734e+00
 6.87543e+03  1.00242e+00
 6.87572e+03  1.10798e+00
 6.87601e+03  1.33463e+00
 6.87630e+03  9.28901e-01
 6.87658e+03  8.46302e-01
 6.87687e+03  1.07848e+00
 6.87716e+03  1.22929e+00
 6.87745e+03  1.25480e+00
 6.87774e+03  1.25982e+00
 6.87803e+03  1.38478e+00
 6.87832e+03  1.43255e+00
 6.87860e+03  9.22468e-01
 6.87889e+03  7.35400e-01
 6.87918e+03  8.95937e-01
 6.87947e+03  8.36677e-01
 6.87976e+03  8.48542e-01
 6.88005e+03  7.43031e-01
 6.88033e+03  6.21199e-01
 6.88062e+03  8.50253e-01
 6.88091e+03  1.10421e+00
 6.88120e+03  1.18361e+00
 6.88149e+03  1.06979e+00
 6.88178e+03  8.68244e-01
 6.88206e+03  8.61834e-01
 6.88235e+03  1.16087e+00
 6.88264e+03  1.49474e+00
 6.88293e+03  1.33480e+00
 6.88322e+03  1.19862e+00
 6.88351e+03  1.18680e+00
 6.88380e+03  9.87273e-01
 6.88408e+03  1.09751e+00
 6.88437e+03  1.16064e+00
 6.88466e+03  1.10005e+00
 6.88495e+03  1.44657e+00
 6.88524e+03  1.32193e+00
 6.88553e+03  9.99645e-01
 6.88581e+03  1.09293e+00
 6.88610e+03  1.10199e+00
 6.88639e+03  1.01075e+00
 6.88668e+03  1.00554e+00
 6.88697e+03  1.20061e+00
 6.88726e+03  1.47182e+00
 6.88754e+03  1.32805e+00
 6.88783e+03  1.01629e+00
 6.88812e+03  1.50296e+00
 6.88841e+03  1.36264e+00
 6.88870e+03  7.23466e-01
 6.88899e+03  6.85485e-01
 6.88928e+03  9.92409e-01
 6.88956e+03  1.19586e+00
 6.88985e+03  1.20202e+00
 6.89014e+03  1.24149e+00
 6.89043e+03  1.06456e+00
 6.89072e+03  9.74283e-01
 6.89101e+03  1.21332e+00
 6.89129e+03  1.32387e+00
 6.89158e+03  1.13140e+00
 6.89187e+03  9.29723e-01
 6.89216e+03  1.08903e+00
 6.89245e+03  1.28053e+00
 6.89274e+03  1.29404e+00
 6.89302e+03  1.24083e+00
 6.89331e+03  1.42564e+00
 6.89360e+03  1.65268e+00
 6.89389e+03  1.48820e+00
 6.89418e+03  9.32557e-01
 6.89447e+03  1.06652e+00
 6.89476e+03  1.42575e+00
 6.89504e+03  1.37551e+00
 6.89533e+03  1.17819e+00
 6.89562e+03  1.34149e+00
 6.89591e+03  1.62179e+00
 6.89620e+03  1.50093e+00
 6.89649e+03  1.25436e+00
 6.89677e+03  1.16931e+00
 6.89706e+03  1.20577e+00
 6.89735e+03  1.03730e+00
 6.89764e+03  7.44686e-01
 6.89793e+03  7.61863e-01
 6.89822e+03  1.21540e+00
 6.89850e+03  1.24268e+00
 6.89879e+03  8.42148e-01
 6.89908e+03  4.54336e-01
