SN2005J 0.013953 0.075 53379.3 CSP
filter u
53389.3	16.727	0.016
53390.3	16.72	0.02
53391.2	16.824	0.017
53393.3	16.953	0.022
53395.3	17.065	0.022
53397.3	17.262	0.021
53402.3	17.812	0.023
53403.3	17.957	0.024
53404.3	18.062	0.023
53406.3	18.374	0.037
53407.3	18.449	0.048
53408.3	18.623	0.045
53409.3	18.668	0.046
53410.3	18.86	0.05
53411.3	18.972	0.037
53412.3	19.06	0.048
53413.3	18.966	0.064
53414.3	19.183	0.043
53415.3	19.333	0.042
53416.4	19.313	0.045
53417.3	19.448	0.035
53418.3	19.483	0.04
53419.3	19.589	0.034
53420.3	19.657	0.044
53421.3	19.604	0.046
53422.3	19.73	0.066
53424.3	19.928	0.093
53426.3	20.055	0.185
53428.2	20.043	0.089
53431.2	20.254	0.074
53436.2	20.412	0.063
53444.2	20.806	0.076
53445.2	20.85	0.067
53446.2	20.928	0.088
filter B
53389.3	16.809	0.013
53390.3	16.802	0.015
53391.2	16.849	0.013
53393.3	16.9	0.016
53395.3	16.939	0.019
53397.3	17.006	0.018
53402.3	17.21	0.013
53403.3	17.281	0.013
53404.3	17.302	0.016
53406.3	17.451	0.015
53407.3	17.489	0.014
53408.3	17.552	0.015
53409.3	17.597	0.018
53410.3	17.658	0.016
53411.3	17.701	0.016
53412.3	17.77	0.017
53413.3	17.81	0.026
53414.3	17.84	0.018
53415.3	17.844	0.018
53416.4	17.939	0.017
53417.3	17.959	0.016
53418.3	17.98	0.018
53419.3	18.007	0.016
53420.3	18.08	0.018
53421.3	18.099	0.018
53422.3	18.105	0.019
53424.3	18.169	0.03
53425.2	18.209	0.036
53426.3	18.33	0.052
53427.3	18.281	0.047
53428.2	18.28	0.027
53429.4	18.348	0.049
53431.2	18.32	0.021
53436.2	18.464	0.016
53444.2	18.552	0.017
53445.2	18.556	0.017
53446.2	18.595	0.017
53452.2	18.649	0.03
53453.1	18.685	0.038
53455.2	18.71	0.06
53456.2	18.735	0.041
53457.2	18.747	0.031
53458.2	18.749	0.027
53459.2	18.785	0.026
53464.2	18.865	0.016
53465.2	18.9	0.016
53466.2	18.924	0.017
53468.1	18.936	0.016
53472.1	19.067	0.016
53474.1	19.083	0.017
53478.1	19.22	0.022
53480.1	19.293	0.025
53483.1	19.532	0.055
53489.0	19.856	0.022
53490.0	19.951	0.022
53491.0	20.024	0.022
filter g
53389.3	16.718	0.011
53390.3	16.724	0.014
53391.2	16.746	0.011
53393.3	16.784	0.012
53395.3	16.827	0.014
53397.3	16.853	0.013
53402.3	16.981	0.011
53403.3	17.0	0.012
53404.3	17.049	0.011
53406.3	17.128	0.013
53407.3	17.171	0.012
53408.3	17.221	0.014
53409.3	17.243	0.014
53410.3	17.284	0.012
53411.3	17.303	0.013
53412.3	17.377	0.012
53413.3	17.372	0.019
53414.3	17.415	0.014
53415.3	17.46	0.015
53416.4	17.486	0.014
53417.3	17.508	0.015
53418.3	17.546	0.014
53419.3	17.562	0.014
53420.3	17.582	0.014
53421.3	17.624	0.015
53422.3	17.617	0.022
53424.3	17.645	0.027
53425.2	17.773	0.029
53426.3	17.703	0.043
53427.3	17.695	0.034
53428.2	17.723	0.022
53429.4	17.774	0.025
53431.2	17.808	0.017
53436.2	17.854	0.012
53444.2	17.969	0.013
53445.2	17.954	0.015
53446.2	17.966	0.013
53452.2	17.987	0.02
53453.1	18.059	0.025
53454.2	18.089	0.062
53455.2	17.967	0.035
53456.2	18.055	0.022
53457.2	18.064	0.019
53458.2	18.115	0.022
53459.2	18.116	0.017
53464.2	18.194	0.014
53465.2	18.197	0.015
53466.2	18.231	0.015
53468.1	18.241	0.014
53472.1	18.33	0.014
53474.1	18.412	0.014
53478.1	18.51	0.016
53480.1	18.586	0.022
53483.1	18.734	0.032
53489.0	19.055	0.016
53490.0	19.169	0.015
53491.0	19.245	0.019
filter V
53389.3	16.756	0.011
53390.3	16.758	0.014
53391.2	16.774	0.012
53393.3	16.768	0.015
53395.3	16.815	0.019
53397.3	16.828	0.014
53402.3	16.863	0.013
53403.3	16.876	0.012
53404.3	16.894	0.013
53406.3	16.924	0.012
53407.3	16.954	0.013
53408.3	16.993	0.015
53409.3	16.973	0.017
53410.3	17.037	0.014
53411.3	17.048	0.013
53412.3	17.075	0.013
53413.3	17.096	0.021
53414.3	17.14	0.014
53415.3	17.132	0.016
53416.4	17.147	0.014
53417.3	17.153	0.016
53418.3	17.171	0.016
53419.3	17.209	0.015
53420.3	17.215	0.014
53421.3	17.221	0.015
53422.3	17.261	0.02
53424.3	17.321	0.023
53425.2	17.326	0.024
53426.3	17.258	0.044
53427.3	17.28	0.035
53428.2	17.335	0.021
53429.4	17.327	0.02
53431.2	17.335	0.015
53436.2	17.404	0.014
53444.2	17.466	0.012
53445.2	17.482	0.014
53446.2	17.489	0.013
53452.2	17.516	0.018
53453.1	17.589	0.023
53455.2	17.534	0.029
53456.2	17.568	0.024
53457.2	17.571	0.017
53458.2	17.583	0.019
53459.2	17.611	0.016
53464.2	17.641	0.014
53465.2	17.673	0.014
53466.2	17.663	0.015
53468.1	17.696	0.014
53472.1	17.776	0.014
53474.1	17.815	0.014
53478.1	17.904	0.017
53480.1	17.975	0.02
53483.1	18.092	0.027
53489.0	18.396	0.014
53490.0	18.484	0.013
53491.0	18.542	0.019
53512.2	20.24	0.146
filter r
53389.3	16.771	0.009
53390.3	16.752	0.012
53391.2	16.76	0.01
53393.3	16.746	0.011
53395.3	16.77	0.013
53397.3	16.763	0.013
53402.3	16.761	0.012
53403.3	16.753	0.008
53404.3	16.765	0.013
53406.3	16.793	0.013
53407.3	16.786	0.012
53408.3	16.815	0.013
53409.3	16.822	0.012
53410.3	16.828	0.012
53411.3	16.853	0.011
53412.3	16.847	0.011
53413.3	16.849	0.016
53414.3	16.873	0.011
53415.3	16.885	0.013
53416.4	16.917	0.012
53417.3	16.919	0.013
53418.3	16.915	0.019
53419.3	16.926	0.013
53420.3	16.952	0.013
53421.3	16.963	0.013
53422.3	16.934	0.04
53424.3	16.96	0.018
53425.2	17.021	0.018
53426.3	17.033	0.028
53427.3	16.985	0.025
53428.2	17.02	0.013
53429.4	17.032	0.017
53431.2	17.046	0.014
53436.2	17.077	0.01
53444.2	17.112	0.01
53445.2	17.129	0.012
53446.2	17.117	0.01
53452.2	17.165	0.013
53453.1	17.18	0.018
53455.2	17.15	0.016
53456.2	17.182	0.013
53457.2	17.189	0.013
53458.2	17.191	0.013
53459.2	17.198	0.012
53464.2	17.219	0.011
53465.2	17.249	0.012
53466.2	17.259	0.01
53468.1	17.281	0.011
53472.1	17.343	0.011
53474.1	17.348	0.01
53478.1	17.423	0.012
53480.1	17.479	0.012
53483.1	17.537	0.017
53489.0	17.784	0.011
53490.0	17.823	0.011
53491.0	17.896	0.013
53512.2	19.145	0.041
filter i
53389.3	16.897	0.013
53390.3	16.878	0.014
53391.2	16.872	0.013
53393.3	16.908	0.014
53395.3	16.888	0.015
53397.3	16.884	0.014
53402.3	16.886	0.013
53403.3	16.877	0.012
53404.3	16.86	0.013
53406.3	16.897	0.014
53407.3	16.898	0.012
53408.3	16.89	0.016
53409.3	16.905	0.013
53410.3	16.895	0.013
53411.3	16.911	0.013
53412.3	16.891	0.013
53413.3	16.902	0.015
53414.3	16.933	0.014
53415.3	16.911	0.017
53416.4	16.942	0.013
53417.3	16.93	0.015
53418.3	16.948	0.021
53419.3	16.955	0.013
53420.3	16.978	0.015
53421.3	16.969	0.014
53422.3	16.955	0.056
53424.3	16.96	0.019
53425.2	16.957	0.018
53426.3	16.976	0.037
53427.3	17.02	0.03
53428.2	17.004	0.014
53429.4	17.01	0.014
53431.2	17.023	0.014
53436.2	17.044	0.011
53444.2	17.082	0.012
53445.2	17.079	0.013
53446.2	17.096	0.011
53452.2	17.135	0.014
53453.1	17.136	0.018
53455.2	17.098	0.02
53456.2	17.157	0.015
53457.2	17.15	0.014
53458.2	17.15	0.013
53459.2	17.151	0.013
53464.2	17.214	0.013
53465.2	17.188	0.013
53466.2	17.216	0.013
53468.1	17.233	0.013
53472.1	17.277	0.011
53474.1	17.289	0.011
53478.1	17.346	0.012
53480.1	17.391	0.013
53483.1	17.445	0.014
53489.0	17.657	0.011
53490.0	17.7	0.012
53491.0	17.733	0.015
53512.2	19.078	0.041
