3426 0.0675658
3428 0.102586
3430 0.11837
3432 0.166947
3434 0.117596
3436 0.151305
3438 0.126069
3440 0.0866162
3442 0.108133
3444 0.0959048
3446 0.14482
3448 0.128605
3450 0.0910793
3452 0.0935125
3454 0.14327
3456 0.14933
3458 0.150348
3460 0.120573
3462 0.241231
3464 0.0782873
3466 0.103489
3468 0.148447
3470 0.0955067
3472 0.122887
3474 0.0930124
3476 0.179171
3478 0.142707
3480 0.153341
3482 0.135065
3484 0.111038
3486 0.070895
3488 0.144077
3490 0.0616235
3492 0.10135
3494 0.113468
3496 0.166013
3498 0.145513
3500 0.13334
3502 0.196108
3504 0.0594948
3506 0.112147
3508 0.216399
3510 0.149628
3512 0.124544
3514 0.126313
3516 0.154036
3518 0.15149
3520 0.14667
3522 0.121678
3524 0.145826
3526 0.173937
3528 0.150944
3530 0.196704
3532 0.170838
3534 0.201491
3536 0.226958
3538 0.126434
3540 0.214507
3542 0.132062
3544 0.18029
3546 0.167788
3548 0.217329
3550 0.1577
3552 0.128481
3554 0.238803
3556 0.196957
3558 0.129309
3560 0.164146
3562 0.144424
3564 0.146171
3566 0.128949
3568 0.150075
3570 0.186466
3572 0.165717
3574 0.169508
3576 0.173969
3578 0.15422
3580 0.116236
3582 0.119929
3584 0.207208
3586 0.182507
3588 0.118761
3590 0.11912
3592 0.164349
3594 0.132008
3596 0.197958
3598 0.195103
3600 0.137882
3602 0.13412
3604 0.153576
3606 0.125159
3608 0.149408
3610 0.202719
3612 0.146894
3614 0.147169
3616 0.133227
3618 0.144944
3620 0.144504
3622 0.201077
3624 0.156874
3626 0.194071
3628 0.163402
3630 0.195113
3632 0.163633
3634 0.157653
3636 0.148771
3638 0.116763
3640 0.159591
3642 0.171351
3644 0.185558
3646 0.166091
3648 0.1671
3650 0.224013
3652 0.194914
3654 0.167225
3656 0.220851
3658 0.215565
3660 0.152513
3662 0.18837
3664 0.0935309
3666 0.213001
3668 0.163048
3670 0.175595
3672 0.264955
3674 0.127762
3676 0.118394
3678 0.176401
3680 0.180067
3682 0.167684
3684 0.140192
3686 0.137213
3688 0.18324
3690 0.154815
3692 0.128165
3694 0.145421
3696 0.122567
3698 0.176157
3700 0.190254
3702 0.146274
3704 0.198725
3706 0.152035
3708 0.144909
3710 0.166652
3712 0.145428
3714 0.146513
3716 0.164458
3718 0.178318
3720 0.15424
3722 0.169599
3724 0.16341
3726 0.168345
3728 0.13618
3730 0.177033
3732 0.157794
3734 0.145038
3736 0.13967
3738 0.143031
3740 0.200646
3742 0.160249
3744 0.153658
3746 0.16535
3748 0.169763
3750 0.153637
3752 0.170436
3754 0.148223
3756 0.114834
3758 0.13656
3760 0.130813
3762 0.158168
3764 0.177299
3766 0.184306
3768 0.161912
3770 0.136703
3772 0.158014
3774 0.159781
3776 0.180128
3778 0.148934
3780 0.12023
3782 0.135897
3784 0.174284
3786 0.17566
3788 0.153332
3790 0.18933
3792 0.181723
3794 0.173357
3796 0.188662
3798 0.188829
3800 0.226665
3802 0.207095
3804 0.167192
3806 0.155389
3808 0.221127
3810 0.226768
3812 0.185593
3814 0.22189
3816 0.215773
3818 0.22423
3820 0.232912
3822 0.215416
3824 0.246159
3826 0.253508
3828 0.342347
3830 0.472081
3832 0.507315
3834 0.332307
3836 0.2498
3838 0.236249
3840 0.243943
3842 0.234035
3844 0.228158
3846 0.240872
3848 0.256579
3850 0.23282
3852 0.237944
3854 0.261228
3856 0.240412
3858 0.230225
3860 0.276404
3862 0.250268
3864 0.275045
3866 0.271059
3868 0.25626
3870 0.254346
3872 0.241889
3874 0.265042
3876 0.251616
3878 0.279276
3880 0.269291
3882 0.24457
3884 0.259893
3886 0.254554
3888 0.262292
3890 0.259638
3892 0.219341
3894 0.209829
3896 0.237283
3898 0.226007
3900 0.248035
3902 0.233255
3904 0.231874
3906 0.201825
3908 0.189319
3910 0.197586
3912 0.204369
3914 0.187598
3916 0.203708
3918 0.16192
3920 0.161383
3922 0.153488
3924 0.16459
3926 0.158811
3928 0.151065
3930 0.12297
3932 0.121031
3934 0.130857
3936 0.16444
3938 0.145821
3940 0.144773
3942 0.144481
3944 0.128851
3946 0.13769
3948 0.138985
3950 0.124491
3952 0.128453
3954 0.124223
3956 0.137941
3958 0.136659
3960 0.119366
3962 0.145826
3964 0.115171
3966 0.128024
3968 0.132875
3970 0.144296
3972 0.155271
3974 0.165783
3976 0.160108
3978 0.188604
3980 0.155346
3982 0.173644
3984 0.166256
3986 0.155161
3988 0.174752
3990 0.193314
3992 0.183319
3994 0.194431
3996 0.208204
3998 0.2043
4000 0.188622
4002 0.196052
4004 0.231697
4006 0.23514
4008 0.244558
4010 0.237839
4012 0.256307
4014 0.261012
4016 0.254404
4018 0.291531
4020 0.261315
4022 0.281516
4024 0.310788
4026 0.28082
4028 0.267933
4030 0.270335
4032 0.255346
4034 0.269322
4036 0.269473
4038 0.295076
4040 0.281953
4042 0.26556
4044 0.279295
4046 0.289997
4048 0.298326
4050 0.324375
4052 0.295008
4054 0.31031
4056 0.319525
4058 0.339258
4060 0.301692
4062 0.329549
4064 0.332876
4066 0.300624
4068 0.332796
4070 0.324979
4072 0.339209
4074 0.342739
4076 0.29401
4078 0.351451
4080 0.339082
4082 0.33137
4084 0.313737
4086 0.332806
4088 0.329233
4090 0.351507
4092 0.350757
4094 0.338095
4096 0.350874
4098 0.333327
4100 0.333904
4102 0.368984
4104 0.346938
4106 0.335057
4108 0.34096
4110 0.338096
4112 0.349114
4114 0.32228
4116 0.36337
4118 0.328687
4120 0.358111
4122 0.327693
4124 0.305196
4126 0.314998
4128 0.356767
4130 0.335899
4132 0.313536
4134 0.321357
4136 0.331388
4138 0.331378
4140 0.331995
4142 0.308612
4144 0.337021
4146 0.341089
4148 0.351219
4150 0.347405
4152 0.362838
4154 0.353007
4156 0.345805
4158 0.346012
4160 0.344829
4162 0.361302
4164 0.361766
4166 0.339271
4168 0.34955
4170 0.351176
4172 0.340679
4174 0.325825
4176 0.340183
4178 0.34401
4180 0.338908
4182 0.319391
4184 0.329617
4186 0.327057
4188 0.324322
4190 0.29556
4192 0.288043
4194 0.304339
4196 0.308541
4198 0.338
4200 0.286807
4202 0.275668
4204 0.302214
4206 0.311714
4208 0.296675
4210 0.304169
4212 0.318261
4214 0.353627
4216 0.343955
4218 0.313827
4220 0.334112
4222 0.337937
4224 0.348185
4226 0.323073
4228 0.320227
4230 0.348724
4232 0.340385
4234 0.309402
4236 0.302806
4238 0.327067
4240 0.321031
4242 0.308602
4244 0.312889
4246 0.307567
4248 0.333862
4250 0.308478
4252 0.275718
4254 0.297449
4256 0.294769
4258 0.300522
4260 0.309975
4262 0.271096
4264 0.301167
4266 0.292594
4268 0.26899
4270 0.259854
4272 0.25834
4274 0.262832
4276 0.28738
4278 0.275831
4280 0.272278
4282 0.266932
4284 0.267022
4286 0.283069
4288 0.249127
4290 0.290997
4292 0.257184
4294 0.273513
4296 0.26886
4298 0.243116
4300 0.245439
4302 0.236622
4304 0.225119
4306 0.221746
4308 0.221098
4310 0.23881
4312 0.203711
4314 0.222231
4316 0.207277
4318 0.212628
4320 0.212736
4322 0.185643
4324 0.188664
4326 0.179147
4328 0.181662
4330 0.179259
4332 0.175464
4334 0.183418
4336 0.175871
4338 0.16799
4340 0.204687
4342 0.195203
4344 0.191721
4346 0.185406
4348 0.154125
4350 0.175119
4352 0.161522
4354 0.180054
4356 0.169265
4358 0.187781
4360 0.203983
4362 0.189754
4364 0.176882
4366 0.18962
4368 0.183374
4370 0.199967
4372 0.208148
4374 0.21532
4376 0.239177
4378 0.238998
4380 0.231273
4382 0.235594
4384 0.25719
4386 0.245143
4388 0.252951
4390 0.24895
4392 0.257145
4394 0.249278
4396 0.257959
4398 0.260457
4400 0.247374
4402 0.245342
4404 0.258201
4406 0.262837
4408 0.240836
4410 0.223091
4412 0.246923
4414 0.256363
4416 0.24857
4418 0.251695
4420 0.246732
4422 0.24523
4424 0.256598
4426 0.238805
4428 0.25445
4430 0.254808
4432 0.260088
4434 0.258312
4436 0.27316
4438 0.269578
4440 0.276334
4442 0.278784
4444 0.282454
4446 0.271341
4448 0.282388
4450 0.275567
4452 0.286689
4454 0.252733
4456 0.292741
4458 0.303557
4460 0.321972
4462 0.325805
4464 0.293756
4466 0.283496
4468 0.280412
4470 0.287477
4472 0.267333
4474 0.27099
4476 0.272518
4478 0.264501
4480 0.26072
4482 0.265469
4484 0.286918
4486 0.281434
4488 0.279137
4490 0.2913
4492 0.280406
4494 0.284094
4496 0.292963
4498 0.272303
4500 0.273881
4502 0.266947
4504 0.275306
4506 0.277685
4508 0.261413
4510 0.273524
4512 0.2807
4514 0.263599
4516 0.267074
4518 0.253638
4520 0.261917
4522 0.277705
4524 0.24714
4526 0.26329
4528 0.27965
4530 0.249163
4532 0.259619
4534 0.267648
4536 0.254388
4538 0.252728
4540 0.255146
4542 0.235412
4544 0.249839
4546 0.249128
4548 0.251754
4550 0.253364
4552 0.250121
4554 0.225531
4556 0.220259
4558 0.247837
4560 0.214773
4562 0.217694
4564 0.206219
4566 0.226219
4568 0.226927
4570 0.223937
4572 0.211615
4574 0.231212
4576 0.231145
4578 0.219316
4580 0.219546
4582 0.216966
4584 0.229391
4586 0.227328
4588 0.233229
4590 0.211662
4592 0.228747
4594 0.2202
4596 0.221116
4598 0.209815
4600 0.230349
4602 0.238956
4604 0.246333
4606 0.245642
4608 0.228499
4610 0.244065
4612 0.26366
4614 0.269549
4616 0.275513
4618 0.266421
4620 0.288823
4622 0.285621
4624 0.301705
4626 0.292152
4628 0.296369
4630 0.323677
4632 0.314925
4634 0.314022
4636 0.31044
4638 0.335919
4640 0.327136
4642 0.340898
4644 0.335844
4646 0.327825
4648 0.341039
4650 0.328704
4652 0.330245
4654 0.348166
4656 0.33191
4658 0.351668
4660 0.358483
4662 0.348423
4664 0.347358
4666 0.346418
4668 0.361537
4670 0.354551
4672 0.381394
4674 0.369113
4676 0.373443
4678 0.381219
4680 0.369161
4682 0.359712
4684 0.364645
4686 0.382787
4688 0.364052
4690 0.357161
4692 0.369127
4694 0.355243
4696 0.358096
4698 0.370993
4700 0.368952
4702 0.37072
4704 0.373874
4706 0.375081
4708 0.369324
4710 0.3799
4712 0.388896
4714 0.384031
4716 0.407662
4718 0.409634
4720 0.411905
4722 0.38909
4724 0.394131
4726 0.375368
4728 0.398235
4730 0.378254
4732 0.38783
4734 0.387364
4736 0.384557
4738 0.384754
4740 0.396981
4742 0.375981
4744 0.357231
4746 0.365957
4748 0.385647
4750 0.373437
4752 0.35996
4754 0.390874
4756 0.365508
4758 0.353781
4760 0.385793
4762 0.370024
4764 0.346713
4766 0.351838
4768 0.349588
4770 0.344138
4772 0.362024
4774 0.347862
4776 0.340494
4778 0.321946
4780 0.339023
4782 0.341303
4784 0.33776
4786 0.333814
4788 0.323494
4790 0.32498
4792 0.339841
4794 0.331629
4796 0.324063
4798 0.336712
4800 0.318574
4802 0.290879
4804 0.304614
4806 0.311747
4808 0.307122
4810 0.295538
4812 0.29201
4814 0.295483
4816 0.288621
4818 0.282053
4820 0.28114
4822 0.280137
4824 0.262633
4826 0.271133
4828 0.264502
4830 0.257992
4832 0.263447
4834 0.269416
4836 0.257321
4838 0.258944
4840 0.260247
4842 0.226893
4844 0.231496
4846 0.233765
4848 0.230844
4850 0.219624
4852 0.246615
4854 0.247716
4856 0.230657
4858 0.228924
4860 0.235379
4862 0.217617
4864 0.219033
4866 0.21252
4868 0.225788
4870 0.202678
4872 0.210142
4874 0.206206
4876 0.216141
4878 0.21591
4880 0.22365
4882 0.209016
4884 0.206937
4886 0.215308
4888 0.21349
4890 0.225977
4892 0.227805
4894 0.238512
4896 0.252985
4898 0.244052
4900 0.250724
4902 0.272738
4904 0.286248
4906 0.274314
4908 0.283552
4910 0.300474
4912 0.303041
4914 0.304098
4916 0.305767
4918 0.319825
4920 0.314226
4922 0.336337
4924 0.329251
4926 0.342527
4928 0.350404
4930 0.347999
4932 0.344506
4934 0.348356
4936 0.348845
4938 0.350991
4940 0.349139
4942 0.332861
4944 0.351463
4946 0.349054
4948 0.338981
4950 0.355685
4952 0.365159
4954 0.365376
4956 0.333317
4958 0.352453
4960 0.358029
4962 0.351829
4964 0.355699
4966 0.381474
4968 0.377014
4970 0.380071
4972 0.380608
4974 0.379425
4976 0.359679
4978 0.377663
4980 0.39252
4982 0.396298
4984 0.408555
4986 0.41087
4988 0.408742
4990 0.413944
4992 0.412444
4994 0.468092
4996 0.489179
4998 0.480233
5000 0.437736
5002 0.408272
5004 0.417837
5006 0.414768
5008 0.408282
5010 0.397252
5012 0.415664
5014 0.376909
5016 0.38551
5018 0.416958
5020 0.393026
5022 0.386321
5024 0.370247
5026 0.381457
5028 0.377184
5030 0.36402
5032 0.347711
5034 0.350327
5036 0.351346
5038 0.345845
5040 0.317492
5042 0.311651
5044 0.318427
5046 0.331835
5048 0.312553
5050 0.322015
5052 0.310137
5054 0.323441
5056 0.311438
5058 0.316683
5060 0.303275
5062 0.329303
5064 0.318555
5066 0.347202
5068 0.346393
5070 0.338663
5072 0.351207
5074 0.351091
5076 0.347415
5078 0.339362
5080 0.345059
5082 0.349459
5084 0.350138
5086 0.369585
5088 0.368471
5090 0.353005
5092 0.359489
5094 0.390386
5096 0.375728
5098 0.380885
5100 0.371061
5102 0.3554
5104 0.358178
5106 0.369235
5108 0.358849
5110 0.349527
5112 0.36567
5114 0.363189
5116 0.367353
5118 0.366045
5120 0.362979
5122 0.361659
5124 0.372007
5126 0.354979
5128 0.342952
5130 0.353733
5132 0.358595
5134 0.378029
5136 0.353557
5138 0.370504
5140 0.369323
5142 0.373628
5144 0.398518
5146 0.435652
5148 0.391105
5150 0.362946
5152 0.360474
5154 0.347198
5156 0.338406
5158 0.328493
5160 0.309476
5162 0.318485
5164 0.311433
5166 0.30171
5168 0.310183
5170 0.287947
5172 0.289701
5174 0.303644
5176 0.268554
5178 0.269876
5180 0.264668
5182 0.283404
5184 0.264237
5186 0.26693
5188 0.257584
5190 0.270853
5192 0.263318
5194 0.257963
5196 0.25133
5198 0.259794
5200 0.256546
5202 0.25257
5204 0.256389
5206 0.25261
5208 0.240085
5210 0.258695
5212 0.253115
5214 0.25047
5216 0.229689
5218 0.240823
5220 0.258268
5222 0.251902
5224 0.250609
5226 0.266422
5228 0.250833
5230 0.266955
5232 0.266658
5234 0.270652
5236 0.272304
5238 0.282692
5240 0.271708
5242 0.292255
5244 0.28854
5246 0.288221
5248 0.292102
5250 0.300849
5252 0.282113
5254 0.297563
5256 0.278676
5258 0.278534
5260 0.278947
5262 0.300372
5264 0.319232
5266 0.313126
5268 0.290847
5270 0.287473
5272 0.297653
5274 0.303534
5276 0.298613
5278 0.309594
5280 0.297127
5282 0.283136
5284 0.319878
5286 0.323886
5288 0.31666
5290 0.31812
5292 0.301
5294 0.317992
5296 0.318544
5298 0.304138
5300 0.313408
5302 0.319093
5304 0.316141
5306 0.316788
5308 0.304276
5310 0.309109
5312 0.324165
5314 0.325499
5316 0.333995
5318 0.314739
5320 0.320455
5322 0.345039
5324 0.325838
5326 0.325268
5328 0.320532
5330 0.337918
5332 0.322762
5334 0.319904
5336 0.331512
5338 0.324602
5340 0.315532
5342 0.332341
5344 0.332708
5346 0.327873
5348 0.305823
5350 0.317016
5352 0.335978
5354 0.306005
5356 0.316628
5358 0.326943
5360 0.309437
5362 0.315459
5364 0.317106
5366 0.338484
5368 0.325198
5370 0.32603
5372 0.331851
5374 0.326601
5376 0.311599
5378 0.309608
5380 0.331144
5382 0.333108
5384 0.32614
5386 0.324308
5388 0.306038
5390 0.350975
5392 0.339089
5394 0.354147
5396 0.331158
5398 0.364441
5400 0.362618
5402 0.341072
5404 0.32312
5406 0.328853
5408 0.334096
5410 0.336312
5412 0.324332
5414 0.334015
5416 0.334976
5418 0.333625
5420 0.329799
5422 0.32892
5424 0.348899
5426 0.346533
5428 0.328079
5430 0.314085
5432 0.364992
5434 0.363965
5436 0.338303
5438 0.340978
5440 0.337224
5442 0.328789
5444 0.332864
5446 0.346553
5448 0.352872
5450 0.354568
5452 0.360154
5454 0.362868
5456 0.359778
5458 0.359673
5460 0.360976
5462 0.352413
5464 0.326982
5466 0.322058
5468 0.340497
5470 0.354434
5472 0.352759
5474 0.350775
5476 0.353403
5478 0.359611
5480 0.355013
5482 0.340025
5484 0.329047
5486 0.326984
5488 0.331153
5490 0.337996
5492 0.351797
5494 0.357019
5496 0.354066
5498 0.352017
5500 0.352675
5502 0.355351
5504 0.357363
5506 0.357093
5508 0.355399
5510 0.355444
5512 0.350689
5514 0.33117
5516 0.312865
5518 0.315081
5520 0.331846
5522 0.335372
5524 0.333789
5526 0.330133
5528 0.320946
5530 0.315328
5532 0.317975
5534 0.325732
5536 0.328016
5538 0.326125
5540 0.328725
5542 0.339242
5544 0.344673
5546 0.339883
5548 0.331217
5550 0.329419
5552 0.333399
5554 0.330012
5556 0.316337
5558 0.308009
5560 0.31085
5562 0.319445
5564 0.325163
5566 0.332817
5568 0.335385
5570 0.336658
5572 0.327601
5574 0.305195
5576 0.300362
5578 0.318764
5580 0.343987
5582 0.346194
5584 0.325962
5586 0.323418
5588 0.337697
5590 0.352456
5592 0.352613
5594 0.34276
5596 0.339307
5598 0.336419
5600 0.337617
5602 0.341936
5604 0.349322
5606 0.361152
5608 0.372162
5610 0.371036
5612 0.360823
5614 0.355831
5616 0.353567
5618 0.347207
5620 0.337188
5622 0.329092
5624 0.328056
5626 0.331684
5628 0.331041
5630 0.326515
5632 0.326139
5634 0.329978
5636 0.336671
5638 0.341341
5640 0.344243
5642 0.344943
5644 0.34485
5646 0.339439
5648 0.324318
5650 0.316034
5652 0.322184
5654 0.337789
5656 0.340667
5658 0.336008
5660 0.328546
5662 0.313799
5664 0.308008
5666 0.31666
5668 0.330521
5670 0.330126
5672 0.320152
5674 0.316111
5676 0.316074
5678 0.314029
5680 0.309052
5682 0.302548
5684 0.297589
5686 0.296553
5688 0.296594
5690 0.29816
5692 0.297923
5694 0.301005
5696 0.3029
5698 0.306324
5700 0.317832
5702 0.316025
5704 0.300164
5706 0.293561
5708 0.296521
5710 0.299588
5712 0.304513
5714 0.311444
5716 0.307485
5718 0.291768
5720 0.287416
5722 0.291467
5724 0.298828
5726 0.307511
5728 0.315492
5730 0.324068
5732 0.33602
5734 0.335047
5736 0.316867
5738 0.307071
5740 0.307191
5742 0.310977
5744 0.311153
5746 0.309024
5748 0.307694
5750 0.304102
5752 0.305929
5754 0.316723
5756 0.326239
5758 0.324674
5760 0.315816
5762 0.311139
5764 0.306827
5766 0.303092
5768 0.298111
5770 0.296419
5772 0.300351
5774 0.306504
5776 0.305498
5778 0.299638
5780 0.293099
5782 0.280349
5784 0.275645
5786 0.284205
5788 0.297342
5790 0.301185
5792 0.299878
5794 0.300397
5796 0.301235
5798 0.302895
5800 0.302581
5802 0.299367
5804 0.297042
5806 0.292235
5808 0.290021
5810 0.291428
5812 0.291829
5814 0.284308
5816 0.275467
5818 0.27772
5820 0.29038
5822 0.29371
5824 0.293809
5826 0.290362
5828 0.279879
5830 0.271785
5832 0.274229
5834 0.280464
5836 0.279904
5838 0.276037
5840 0.274963
5842 0.274175
5844 0.273402
5846 0.273507
5848 0.27329
5850 0.275447
5852 0.283041
5854 0.28824
5856 0.292044
5858 0.290376
5860 0.292884
5862 0.293438
5864 0.278117
5866 0.250578
5868 0.24143
5870 0.241889
5872 0.248227
5874 0.269947
5876 0.288473
5878 0.288667
5880 0.276657
5882 0.270981
5884 0.264236
5886 0.259676
5888 0.257259
5890 0.260605
5892 0.263709
5894 0.270905
5896 0.273771
5898 0.267486
5900 0.263524
5902 0.26635
5904 0.278226
5906 0.289011
5908 0.29799
5910 0.299707
5912 0.292078
5914 0.291781
5916 0.300089
5918 0.304294
5920 0.299719
5922 0.290905
5924 0.281642
5926 0.268947
5928 0.265901
5930 0.272429
5932 0.275962
5934 0.279503
5936 0.281435
5938 0.279157
5940 0.277096
5942 0.276601
5944 0.276264
5946 0.275329
5948 0.275405
5950 0.27763
5952 0.283556
5954 0.292205
5956 0.295387
5958 0.295523
5960 0.293796
5962 0.286788
5964 0.284103
5966 0.289769
5968 0.296333
5970 0.293327
5972 0.282106
5974 0.279037
5976 0.279821
5978 0.286044
5980 0.298231
5982 0.307465
5984 0.306879
5986 0.297629
5988 0.291822
5990 0.282521
5992 0.281816
5994 0.288795
5996 0.294124
5998 0.29456
6000 0.29256
6002 0.291127
6004 0.289402
6006 0.288131
6008 0.284463
6010 0.282022
6012 0.285332
6014 0.290465
6016 0.290978
6018 0.28848
6020 0.288037
6022 0.289402
6024 0.289812
6026 0.285805
6028 0.280275
6030 0.281682
6032 0.287671
6034 0.292398
6036 0.300143
6038 0.30356
6040 0.29957
6042 0.293087
6044 0.290805
6046 0.292103
6048 0.288867
6050 0.280442
6052 0.274645
6054 0.274567
6056 0.276938
6058 0.277105
6060 0.277293
6062 0.27757
6064 0.276555
6066 0.279248
6068 0.286615
6070 0.293369
6072 0.298766
6074 0.301155
6076 0.298752
6078 0.292194
6080 0.287505
6082 0.280001
6084 0.275598
6086 0.277557
6088 0.280595
6090 0.282396
6092 0.285712
6094 0.288049
6096 0.288152
6098 0.289727
6100 0.295316
6102 0.302048
6104 0.30389
6106 0.300773
6108 0.294734
6110 0.280792
6112 0.275286
6114 0.275924
6116 0.276487
6118 0.275654
6120 0.27467
6122 0.275329
6124 0.278196
6126 0.280563
6128 0.282105
6130 0.28081
6132 0.279276
6134 0.276277
6136 0.272461
6138 0.266209
6140 0.270712
6142 0.289972
6144 0.299389
6146 0.29393
6148 0.282298
6150 0.278578
6152 0.278175
6154 0.278156
6156 0.280966
6158 0.281217
6160 0.277445
6162 0.273312
6164 0.272428
6166 0.271864
6168 0.272006
6170 0.273223
6172 0.276208
6174 0.279712
6176 0.279353
6178 0.274498
6180 0.266723
6182 0.267099
6184 0.275943
6186 0.277427
6188 0.270675
6190 0.265442
6192 0.265987
6194 0.269711
6196 0.272586
6198 0.276972
6200 0.276805
6202 0.270442
6204 0.267682
6206 0.270552
6208 0.274747
6210 0.276848
6212 0.279533
6214 0.278687
6216 0.271648
6218 0.268927
6220 0.272751
6222 0.277733
6224 0.277962
6226 0.275193
6228 0.274145
6230 0.274225
6232 0.27273
6234 0.268751
6236 0.26515
6238 0.264545
6240 0.265865
6242 0.266818
6244 0.268235
6246 0.271091
6248 0.276847
6250 0.278741
6252 0.274693
6254 0.265974
6256 0.262797
6258 0.263717
6260 0.264454
6262 0.266276
6264 0.264945
6266 0.258772
6268 0.251144
6270 0.24969
6272 0.25057
6274 0.253926
6276 0.263512
6278 0.269778
6280 0.27129
6282 0.27012
6284 0.263221
6286 0.247154
6288 0.243937
6290 0.250696
6292 0.257111
6294 0.262727
6296 0.264331
6298 0.263415
6300 0.258702
6302 0.257158
6304 0.258168
6306 0.260796
6308 0.262452
6310 0.26061
6312 0.260985
6314 0.263151
6316 0.26307
6318 0.261982
6320 0.262952
6322 0.265372
6324 0.266561
6326 0.268361
6328 0.269748
6330 0.268433
6332 0.264886
6334 0.262398
6336 0.258186
6338 0.257377
6340 0.262244
6342 0.269981
6344 0.274361
6346 0.277454
6348 0.274891
6350 0.264121
6352 0.257288
6354 0.254753
6356 0.256631
6358 0.260341
6360 0.265898
6362 0.266984
6364 0.264675
6366 0.263221
6368 0.261659
6370 0.260557
6372 0.261874
6374 0.265169
6376 0.264106
6378 0.259159
6380 0.258157
6382 0.260029
6384 0.262307
6386 0.266946
6388 0.27326
6390 0.273083
6392 0.266009
6394 0.262223
6396 0.261082
6398 0.258403
6400 0.252101
6402 0.246602
6404 0.242307
6406 0.23597
6408 0.232696
6410 0.23136
6412 0.23196
6414 0.234029
6416 0.237145
6418 0.24116
6420 0.245426
6422 0.244755
6424 0.238818
6426 0.237961
6428 0.24137
6430 0.24283
6432 0.242749
6434 0.24212
6436 0.241557
6438 0.240945
6440 0.242422
6442 0.246738
6444 0.248208
6446 0.246188
6448 0.245005
6450 0.248536
6452 0.255556
6454 0.254427
6456 0.244313
6458 0.23921
6460 0.238627
6462 0.239967
6464 0.24244
6466 0.24853
6468 0.249111
6470 0.244705
6472 0.24201
6474 0.242057
6476 0.242374
6478 0.241827
6480 0.242462
6482 0.24045
6484 0.234606
6486 0.231226
6488 0.231089
6490 0.233231
6492 0.235987
6494 0.238543
6496 0.235818
6498 0.227766
6500 0.223397
6502 0.221242
6504 0.219685
6506 0.219304
6508 0.219495
6510 0.218023
6512 0.216038
6514 0.214756
6516 0.213171
6518 0.212331
6520 0.214642
6522 0.216971
6524 0.21448
6526 0.207831
6528 0.203514
6530 0.199129
6532 0.196095
6534 0.194452
6536 0.193359
6538 0.192202
6540 0.190477
6542 0.186086
6544 0.178172
6546 0.175909
6548 0.178655
6550 0.17888
6552 0.178043
6554 0.179084
6556 0.181064
6558 0.183868
6560 0.185613
6562 0.188022
6564 0.188698
6566 0.184973
6568 0.180836
6570 0.182758
6572 0.189488
6574 0.192247
6576 0.192189
6578 0.192682
6580 0.19573
6582 0.200055
6584 0.201127
6586 0.200346
6588 0.203847
6590 0.210344
6592 0.216078
6594 0.224079
6596 0.232325
6598 0.236927
6600 0.240043
6602 0.245727
6604 0.25268
6606 0.258663
6608 0.263383
6610 0.270744
6612 0.282482
6614 0.297528
6616 0.307973
6618 0.316109
6620 0.320266
6622 0.318189
6624 0.319019
6626 0.32443
6628 0.333307
6630 0.341418
6632 0.350045
6634 0.357746
6636 0.365188
6638 0.371327
6640 0.377257
6642 0.384259
6644 0.391438
6646 0.398154
6648 0.403068
6650 0.406448
6652 0.410298
6654 0.413141
6656 0.414509
6658 0.415637
6660 0.416481
6662 0.420884
6664 0.429191
6666 0.434969
6668 0.439805
6670 0.442281
6672 0.44074
6674 0.436703
6676 0.438535
6678 0.446385
6680 0.449164
6682 0.446404
6684 0.444431
6686 0.446689
6688 0.450494
6690 0.451929
6692 0.451873
6694 0.45287
6696 0.454485
6698 0.455973
6700 0.457787
6702 0.459298
6704 0.459277
6706 0.458139
6708 0.460411
6710 0.468047
6712 0.469954
6714 0.464155
6716 0.456992
6718 0.453854
6720 0.451628
6722 0.451718
6724 0.455129
6726 0.45784
6728 0.459238
6730 0.460906
6732 0.463222
6734 0.468043
6736 0.480216
6738 0.499528
6740 0.520789
6742 0.557553
6744 0.572391
6746 0.558687
6748 0.527173
6750 0.50015
6752 0.47277
6754 0.456276
6756 0.446173
6758 0.440761
6760 0.444866
6762 0.451242
6764 0.456695
6766 0.464215
6768 0.460422
6770 0.444884
6772 0.433907
6774 0.42621
6776 0.419767
6778 0.41225
6780 0.405225
6782 0.398757
6784 0.392774
6786 0.385704
6788 0.376618
6790 0.369621
6792 0.368453
6794 0.37278
6796 0.373584
6798 0.372544
6800 0.370171
6802 0.36641
6804 0.363699
6806 0.361109
6808 0.358519
6810 0.35531
6812 0.351201
6814 0.349605
6816 0.350515
6818 0.350604
6820 0.352146
6822 0.352621
6824 0.347567
6826 0.33801
6828 0.334102
6830 0.33468
6832 0.332277
6834 0.325949
6836 0.320691
6838 0.319403
6840 0.321143
6842 0.322114
6844 0.324004
6846 0.323324
6848 0.320493
6850 0.317739
6852 0.316065
6854 0.315373
6856 0.310878
6858 0.302301
6860 0.296296
6862 0.289135
6864 0.288155
6866 0.296684
6868 0.307306
6870 0.310007
6872 0.309274
6874 0.304401
6876 0.290593
6878 0.282534
6880 0.281606
6882 0.28382
6884 0.284909
6886 0.28658
6888 0.288008
6890 0.289854
6892 0.290401
6894 0.289381
6896 0.289344
6898 0.291271
6900 0.294465
6902 0.294814
6904 0.293315
6906 0.291393
6908 0.287606
6910 0.284981
6912 0.286531
6914 0.2906
6916 0.290041
6918 0.286563
6920 0.281541
6922 0.272199
6924 0.267176
6926 0.267664
6928 0.267491
6930 0.261864
6932 0.252484
6934 0.249725
6936 0.251982
6938 0.253771
6940 0.257301
6942 0.259946
6944 0.259173
6946 0.25826
6948 0.257212
6950 0.254814
6952 0.252883
6954 0.253449
6956 0.25386
6958 0.25191
6960 0.248524
6962 0.246318
6964 0.244437
6966 0.241528
6968 0.237205
6970 0.235067
6972 0.234638
6974 0.234148
6976 0.231658
6978 0.22689
6980 0.226002
6982 0.228505
6984 0.231229
6986 0.234595
6988 0.238614
6990 0.241115
6992 0.241921
6994 0.240663
6996 0.235714
6998 0.234002
7000 0.233399
7002 0.232676
7004 0.233127
7006 0.234191
7008 0.235779
7010 0.239046
7012 0.240011
7014 0.238021
7016 0.237253
7018 0.23819
7020 0.239524
7022 0.238727
7024 0.236165
7026 0.233336
7028 0.229778
7030 0.22693
7032 0.22445
7034 0.223042
7036 0.222679
7038 0.223806
7040 0.222943
7042 0.220593
7044 0.217562
7046 0.214642
7048 0.212837
7050 0.212525
7052 0.212638
7054 0.21244
7056 0.211466
7058 0.213414
7060 0.216458
7062 0.218929
7064 0.221316
7066 0.224058
7068 0.225083
7070 0.224124
7072 0.224294
7074 0.226062
7076 0.22688
7078 0.226977
7080 0.226935
7082 0.225931
7084 0.224164
7086 0.223338
7088 0.222635
7090 0.221719
7092 0.22162
7094 0.221839
7096 0.22206
7098 0.22278
7100 0.223661
7102 0.225228
7104 0.225359
7106 0.224638
7108 0.223951
7110 0.222302
7112 0.219983
7114 0.220987
7116 0.227833
7118 0.227576
7120 0.220271
7122 0.214893
7124 0.21572
7126 0.22075
7128 0.223698
7130 0.226709
7132 0.228081
7134 0.229511
7136 0.230822
7138 0.229471
7140 0.226747
7142 0.224582
7144 0.221275
7146 0.219852
7148 0.221063
7150 0.221922
7152 0.222074
7154 0.222397
7156 0.221814
7158 0.220075
7160 0.218146
7162 0.214629
7164 0.21422
7166 0.215983
7168 0.217571
7170 0.21962
7172 0.222326
7174 0.221234
7176 0.215081
7178 0.21254
7180 0.212439
7182 0.214796
7184 0.21802
7186 0.22102
7188 0.222018
7190 0.221476
7192 0.220987
7194 0.21943
7196 0.218719
7198 0.22004
7200 0.22248
7202 0.221901
7204 0.219087
7206 0.217849
7208 0.217743
7210 0.216525
7212 0.214842
7214 0.214962
7216 0.215795
7218 0.216842
7220 0.217064
7222 0.217623
7224 0.216827
7226 0.214313
7228 0.2121
7230 0.21073
7232 0.20873
7234 0.210444
7236 0.217521
7238 0.221624
7240 0.222001
7242 0.219242
7244 0.215003
7246 0.207995
7248 0.206204
7250 0.208175
7252 0.210445
7254 0.213765
7256 0.216635
7258 0.217345
7260 0.216978
7262 0.21553
7264 0.211632
7266 0.207874
7268 0.203179
7270 0.201836
7272 0.203609
7274 0.207402
7276 0.210484
7278 0.213571
7280 0.214985
7282 0.214838
7284 0.215456
7286 0.216941
7288 0.215943
7290 0.209861
7292 0.199258
7294 0.19703
7296 0.200594
7298 0.205051
7300 0.212826
7302 0.218655
7304 0.218767
7306 0.214776
7308 0.215884
7310 0.221567
7312 0.223294
7314 0.22132
7316 0.216996
7318 0.210018
7320 0.199709
7322 0.19743
7324 0.201883
7326 0.205586
7328 0.20956
7330 0.213141
7332 0.216482
7334 0.218688
7336 0.220186
7338 0.22179
7340 0.221017
7342 0.217155
7344 0.21353
7346 0.210996
7348 0.208199
7350 0.204612
7352 0.200252
7354 0.198982
7356 0.200079
7358 0.202208
7360 0.205433
7362 0.208487
7364 0.211131
7366 0.213293
7368 0.213786
7370 0.212674
7372 0.211612
7374 0.209547
7376 0.208017
7378 0.2086
7380 0.210428
7382 0.209697
7384 0.207318
7386 0.205686
7388 0.203697
7390 0.202475
7392 0.203125
7394 0.204459
7396 0.204917
7398 0.205069
7400 0.205793
7402 0.207345
7404 0.208297
7406 0.207645
7408 0.206417
7410 0.208091
7412 0.213035
7414 0.21329
7416 0.20972
7418 0.207229
7420 0.20493
7422 0.203045
7424 0.203078
7426 0.204791
7428 0.206776
7430 0.210593
7432 0.212163
7434 0.211753
7436 0.209514
7438 0.206518
7440 0.204692
7442 0.207644
7444 0.216596
7446 0.219984
7448 0.218806
7450 0.216443
7452 0.214315
7454 0.211664
7456 0.209168
7458 0.205529
7460 0.203371
7462 0.201776
7464 0.202793
7466 0.205501
7468 0.20867
7470 0.210554
7472 0.210101
7474 0.209652
7476 0.207035
7478 0.208645
7480 0.213957
7482 0.21867
7484 0.221054
7486 0.222181
7488 0.220089
7490 0.213464
7492 0.209339
7494 0.207985
7496 0.206798
7498 0.20192
7500 0.195211
7502 0.194086
7504 0.197014
7506 0.198651
7508 0.200261
7510 0.201888
7512 0.203135
7514 0.20576
7516 0.209761
7518 0.214548
7520 0.215628
7522 0.213235
7524 0.211782
7526 0.211125
7528 0.211148
7530 0.20935
7532 0.204606
7534 0.203472
7536 0.205611
7538 0.206507
7540 0.205775
7542 0.203506
7544 0.199983
7546 0.195317
7548 0.194572
7550 0.197149
7552 0.199336
7554 0.20184
7556 0.20349
7558 0.20371
7560 0.202798
7562 0.20478
7564 0.209811
7566 0.211505
7568 0.210596
7570 0.208562
7572 0.204807
7574 0.201738
7576 0.202186
7578 0.205196
7580 0.205539
7582 0.202604
7584 0.203393
7586 0.210213
7588 0.215781
7590 0.212819
7592 0.202984
7594 0.198081
7596 0.192915
7598 0.191528
7600 0.195831
7602 0.203993
7604 0.20867
7606 0.208137
7608 0.206903
7610 0.202825
7612 0.202851
7614 0.207021
7616 0.209378
7618 0.205547
7620 0.198954
7622 0.199307
7624 0.204486
7626 0.208099
7628 0.21397
7630 0.214846
7632 0.209326
7634 0.201392
7636 0.196884
7638 0.194919
7640 0.195374
7642 0.199471
7644 0.201217
7646 0.203052
7648 0.204596
7650 0.204205
7652 0.201749
7654 0.203503
7656 0.209651
7658 0.213342
7660 0.215048
7662 0.213837
7664 0.2104
7666 0.205322
7668 0.201866
7670 0.198608
7672 0.197758
7674 0.1994
7676 0.199624
7678 0.20003
7680 0.201619
7682 0.200863
7684 0.197655
7686 0.196367
7688 0.196193
7690 0.197263
7692 0.200079
7694 0.202825
7696 0.202613
7698 0.199889
7700 0.201328
7702 0.206956
7704 0.210425
7706 0.212694
7708 0.215172
7710 0.21525
7712 0.210864
7714 0.206523
7716 0.200471
7718 0.195697
7720 0.189574
7722 0.185324
7724 0.18442
7726 0.186557
7728 0.189299
7730 0.194311
7732 0.194253
7734 0.18966
7736 0.18834
7738 0.189605
7740 0.192044
7742 0.193318
7744 0.194739
7746 0.195298
7748 0.194121
7750 0.193659
7752 0.196566
7754 0.198613
7756 0.195915
7758 0.190825
7760 0.18917
7762 0.189532
7764 0.1893
7766 0.191086
7768 0.190628
7770 0.18568
7772 0.178383
7774 0.175752
7776 0.176615
7778 0.177092
7780 0.177827
7782 0.17575
7784 0.171233
7786 0.16419
7788 0.161306
7790 0.161004
7792 0.161807
7794 0.164145
7796 0.166539
7798 0.168108
7800 0.168986
7802 0.169036
7804 0.168841
7806 0.166118
7808 0.158026
7810 0.154368
7812 0.157281
7814 0.161769
7816 0.165687
7818 0.172044
7820 0.172126
7822 0.164851
7824 0.161197
7826 0.159822
7828 0.157509
7830 0.156604
7832 0.15725
7834 0.157196
7836 0.156968
7838 0.157923
7840 0.159077
7842 0.159168
7844 0.160186
7846 0.163247
7848 0.165451
7850 0.166816
7852 0.170208
7854 0.17785
7856 0.181536
7858 0.179627
7860 0.17717
7862 0.178658
7864 0.183249
7866 0.183426
7868 0.178824
7870 0.176199
7872 0.178298
7874 0.179918
7876 0.176678
7878 0.17107
7880 0.169656
7882 0.169428
7884 0.172146
7886 0.180556
7888 0.188924
7890 0.193816
7892 0.198135
7894 0.199263
7896 0.196338
7898 0.19404
7900 0.191752
7902 0.192015
7904 0.19434
7906 0.196527
7908 0.197481
7910 0.199303
7912 0.198411
7914 0.190952
7916 0.186262
7918 0.191379
7920 0.200276
7922 0.200576
7924 0.195454
7926 0.19485
7928 0.196897
7930 0.198647
7932 0.201651
7934 0.204702
7936 0.203648
7938 0.198056
7940 0.19465
7942 0.191386
7944 0.190005
7946 0.189228
7948 0.189035
7950 0.188536
7952 0.186626
7954 0.184963
7956 0.181232
7958 0.182481
7960 0.190874
7962 0.197819
7964 0.197626
7966 0.194475
7968 0.193202
7970 0.189885
7972 0.190383
7974 0.19809
7976 0.204755
7978 0.20217
7980 0.193834
7982 0.193736
7984 0.198052
7986 0.20035
7988 0.203115
7990 0.205474
7992 0.203189
7994 0.199156
7996 0.198147
7998 0.196503
8000 0.191561
8002 0.181426
8004 0.177499
8006 0.176852
8008 0.176642
8010 0.176454
8012 0.177605
8014 0.180483
8016 0.185418
8018 0.188693
8020 0.195417
8022 0.198839
8024 0.189504
8026 0.173953
8028 0.17175
8030 0.177721
8032 0.180645
8034 0.184668
8036 0.18805
8038 0.189077
8040 0.189398
8042 0.187897
8044 0.18412
8046 0.184245
8048 0.189674
8050 0.189568
8052 0.184659
8054 0.181326
8056 0.183635
8058 0.191226
8060 0.192795
8062 0.190743
8064 0.187668
8066 0.182655
8068 0.177428
8070 0.175808
8072 0.17756
8074 0.179632
8076 0.184355
8078 0.186015
8080 0.183897
8082 0.183335
8084 0.187176
8086 0.193609
8088 0.195251
8090 0.193308
8092 0.190077
8094 0.184283
8096 0.182339
8098 0.18247
8100 0.183845
8102 0.185517
8104 0.187229
8106 0.187549
8108 0.187501
8110 0.187148
8112 0.184786
8114 0.182106
8116 0.181065
8118 0.180465
8120 0.181161
8122 0.184575
8124 0.186049
8126 0.184516
8128 0.18213
8130 0.180523
8132 0.178327
8134 0.178022
8136 0.179434
8138 0.180386
8140 0.18089
8142 0.18234
8144 0.184835
8146 0.187735
8148 0.189639
8150 0.191461
8152 0.191764
8154 0.190056
8156 0.188374
8158 0.18722
8160 0.186609
8162 0.184794
8164 0.182273
8166 0.181719
8168 0.182181
8170 0.182668
8172 0.187645
8174 0.193376
8176 0.192851
8178 0.18905
8180 0.185723
8182 0.180067
8184 0.176325
8186 0.175594
8188 0.175905
8190 0.175814
8192 0.174789
8194 0.175343
8196 0.178296
8198 0.178996
8200 0.176168
8202 0.173896
8204 0.172563
8206 0.171791
8208 0.173038
8210 0.17599
8212 0.177513
8214 0.178103
8216 0.180697
8218 0.185392
8220 0.189654
8222 0.186191
8224 0.172932
8226 0.169218
8228 0.174084
8230 0.178867
8232 0.180663
8234 0.181556
8236 0.180662
8238 0.176365
8240 0.176407
8242 0.180754
8244 0.18282
8246 0.183721
8248 0.182902
8250 0.177917
8252 0.171234
8254 0.169462
8256 0.171296
8258 0.169586
8260 0.165934
8262 0.166281
8264 0.169375
8266 0.171623
8268 0.173928
8270 0.178143
8272 0.180895
8274 0.180942
8276 0.181088
8278 0.181333
8280 0.177878
8282 0.177834
8284 0.182473
8286 0.182873
8288 0.180192
8290 0.175323
8292 0.165083
8294 0.15668
8296 0.159342
8298 0.169858
8300 0.172646
8302 0.17066
8304 0.170535
8306 0.171836
8308 0.17358
8310 0.17412
8312 0.172384
8314 0.171038
8316 0.169094
8318 0.169014
8320 0.170396
8322 0.170823
8324 0.168724
8326 0.165243
8328 0.168203
8330 0.177349
8332 0.182111
8334 0.185556
8336 0.18624
8338 0.178844
8340 0.164267
8342 0.162228
8344 0.172439
8346 0.179075
8348 0.185596
8350 0.18799
8352 0.188288
8354 0.185732
8356 0.184211
8358 0.185346
8360 0.18601
8362 0.18887
8364 0.186396
8366 0.177664
8368 0.168495
8370 0.167169
8372 0.17364
8374 0.174215
8376 0.171713
8378 0.169222
8380 0.167227
8382 0.166309
8384 0.167114
8386 0.16971
8388 0.169842
8390 0.167073
8392 0.1684
8394 0.174215
8396 0.179621
8398 0.185701
8400 0.193128
8402 0.193117
8404 0.186161
8406 0.181526
8408 0.17636
8410 0.172809
8412 0.172049
8414 0.172654
8416 0.17155
8418 0.171111
8420 0.169428
8422 0.166445
8424 0.162661
8426 0.159894
8428 0.157403
8430 0.155423
8432 0.154535
8434 0.153721
8436 0.153107
8438 0.153619
8440 0.154765
8442 0.15693
8444 0.160154
8446 0.162523
8448 0.163273
8450 0.163061
8452 0.162572
8454 0.16106
8456 0.159036
8458 0.157199
8460 0.156922
8462 0.155799
8464 0.154092
8466 0.153129
8468 0.154085
8470 0.151985
8472 0.147081
8474 0.142295
8476 0.13985
8478 0.138434
8480 0.136523
8482 0.13421
8484 0.133006
8486 0.133641
8488 0.133573
8490 0.131346
8492 0.129026
8494 0.125847
8496 0.120483
8498 0.117929
8500 0.118759
8502 0.119718
8504 0.119791
8506 0.117938
8508 0.114348
8510 0.107655
8512 0.104416
8514 0.104594
8516 0.105418
8518 0.103343
8520 0.100191
8522 0.0992251
8524 0.0991609
8526 0.0984133
8528 0.0975877
8530 0.0969848
8532 0.0954604
8534 0.0930046
8536 0.0927927
8538 0.0960411
8540 0.0973665
8542 0.0982038
8544 0.0975882
8546 0.0968858
8548 0.096922
8550 0.0965478
8552 0.0960043
8554 0.0960884
8556 0.0970672
8558 0.09603
8560 0.092691
8562 0.0908948
8564 0.0910599
8566 0.0915343
8568 0.0919604
8570 0.0933244
8572 0.0942332
8574 0.0941251
8576 0.0938335
8578 0.0945322
8580 0.0973954
8582 0.101842
8584 0.108092
8586 0.109848
8588 0.107435
8590 0.106185
8592 0.104908
8594 0.104809
8596 0.10738
8598 0.110368
8600 0.11368
8602 0.119103
8604 0.122992
8606 0.122386
8608 0.121145
8610 0.12346
8612 0.126906
8614 0.125843
8616 0.120252
8618 0.118425
8620 0.118344
8622 0.121279
8624 0.127844
8626 0.13421
8628 0.135855
8630 0.134559
8632 0.135147
8634 0.136098
8636 0.136046
8638 0.136068
8640 0.137472
8642 0.138923
8644 0.140091
8646 0.140044
8648 0.139522
8650 0.137757
8652 0.133755
8654 0.131849
8656 0.132196
8658 0.132471
8660 0.132024
8662 0.131424
8664 0.13085
8666 0.129336
8668 0.127712
8670 0.127414
8672 0.127226
8674 0.127627
8676 0.12889
8678 0.131706
8680 0.136647
8682 0.138755
8684 0.137261
8686 0.132839
8688 0.129177
8690 0.124731
8692 0.122145
8694 0.119664
8696 0.120498
8698 0.124302
8700 0.129355
8702 0.134461
8704 0.140413
8706 0.140704
8708 0.133928
8710 0.130964
8712 0.131571
8714 0.133498
8716 0.135068
8718 0.138065
8720 0.138795
8722 0.136661
8724 0.136528
8726 0.139745
8728 0.143879
8730 0.147254
8732 0.1514
8734 0.15174
8736 0.147213
8738 0.145494
8740 0.146832
8742 0.150377
8744 0.153758
8746 0.156933
8748 0.158877
8750 0.160033
8752 0.160074
8754 0.157204
8756 0.157109
8758 0.16103
8760 0.166185
8762 0.171189
8764 0.177958
8766 0.177901
8768 0.168535
8770 0.165095
8772 0.16795
8774 0.172247
8776 0.174503
8778 0.17604
8780 0.176136
8782 0.172704
8784 0.174083
8786 0.181394
8788 0.187392
8790 0.188616
8792 0.187265
8794 0.184878
8796 0.179369
8798 0.177682
8800 0.1783
8802 0.180436
8804 0.186768
8806 0.19264
8808 0.19186
8810 0.18627
8812 0.187118
8814 0.191187
8816 0.196625
8818 0.208595
8820 0.216383
8822 0.205331
8824 0.178295
8826 0.170781
8828 0.176168
8830 0.181354
8832 0.191068
8834 0.201431
8836 0.201179
8838 0.191802
8840 0.192503
8842 0.200593
8844 0.202859
8846 0.202296
8848 0.202847
8850 0.20051
8852 0.195207
8854 0.196238
8856 0.202986
8858 0.205382
8860 0.205195
8862 0.203763
8864 0.199047
8866 0.192776
8868 0.190577
8870 0.192244
8872 0.190357
8874 0.183191
8876 0.178801
8878 0.182939
8880 0.189963
8882 0.19353
8884 0.201
8886 0.202517
8888 0.198987
8890 0.191886
8892 0.181831
8894 0.169477
8896 0.166184
8898 0.17417
8900 0.175617
8902 0.174698
8904 0.173306
8906 0.172221
8908 0.173198
8910 0.17474
8912 0.175672
8914 0.178298
8916 0.18135
8918 0.184287
8920 0.190605
8922 0.196388
8924 0.194534
8926 0.188658
8928 0.185552
8930 0.181749
8932 0.181355
8934 0.18556
8936 0.188883
8938 0.191081
8940 0.190334
8942 0.184265
8944 0.171701
8946 0.16827
8948 0.170757
8950 0.176746
8952 0.186584
8954 0.191765
8956 0.187638
8958 0.172906
8960 0.166486
8962 0.163898
8964 0.163304
8966 0.160721
8968 0.158496
8970 0.161672
8972 0.168458
8974 0.168698
8976 0.164451
8978 0.162844
8980 0.161348
8982 0.160786
8984 0.164995
8986 0.171446
8988 0.173244
8990 0.171058
8992 0.171904
8994 0.17596
8996 0.179814
8998 0.179443
9000 0.177463
9002 0.177632
9004 0.177076
9006 0.175232
9008 0.172094
9010 0.169621
9012 0.166215
9014 0.16644
9016 0.16931
9018 0.172699
9020 0.173929
9022 0.172269
9024 0.174299
9026 0.182408
9028 0.18875
9030 0.186089
9032 0.179023
9034 0.180835
9036 0.190753
9038 0.18989
9040 0.1771
9042 0.169314
9044 0.169983
9046 0.171722
9048 0.168515
9050 0.162882
9052 0.159766
9054 0.157343
9056 0.155991
9058 0.155227
9060 0.154716
9062 0.157315
9064 0.162604
9066 0.162717
9068 0.157294
9070 0.155509
9072 0.155746
9074 0.157628
9076 0.160395
9078 0.162683
9080 0.164525
9082 0.166477
9084 0.16773
9086 0.166726
9088 0.167889
9090 0.171954
9092 0.175627
9094 0.173361
9096 0.165188
9098 0.1615
9100 0.160351
9102 0.160217
9104 0.161648
9106 0.16442
9108 0.164831
9110 0.163713
9112 0.161795
9114 0.158025
9116 0.155265
9118 0.154892
9120 0.155916
9122 0.154647
9124 0.151409
9126 0.150809
9128 0.151502
9130 0.154161
9132 0.159913
9134 0.163633
9136 0.161314
9138 0.15372
9140 0.149203
9142 0.142957
9144 0.143125
9146 0.151878
9148 0.15904
9150 0.158686
9152 0.155015
9154 0.153967
9156 0.152963
9158 0.150685
9160 0.148412
9162 0.146705
9164 0.141945
9166 0.138309
9168 0.141871
9170 0.150359
9172 0.153299
9174 0.154379
9176 0.1548
9178 0.149504
9180 0.142978
9182 0.141483
9184 0.140737
9186 0.141845
9188 0.146455
9190 0.15062
9192 0.152731
9194 0.152882
9196 0.152571
9198 0.151848
9200 0.149479
9202 0.143959
9204 0.142133
9206 0.143279
9208 0.145713
9210 0.149675
9212 0.154827
9214 0.158609
9216 0.161844
9218 0.162328
9220 0.159353
9222 0.159924
9224 0.162374
9226 0.163665
9228 0.161171
9230 0.155778
9232 0.151081
9234 0.144282
9236 0.139986
9238 0.140719
9240 0.143395
9242 0.144997
9244 0.147977
9246 0.147295
9248 0.141105
9250 0.139652
9252 0.143619
9254 0.146735
9256 0.146512
9258 0.14444
9260 0.144264
9262 0.145417
9264 0.14552
9266 0.144534
9268 0.143445
9270 0.140768
9272 0.138365
9274 0.140939
9276 0.146983
9278 0.153773
9280 0.166637
9282 0.17304
9284 0.170192
9286 0.162559
9288 0.157228
9290 0.154036
9292 0.149732
9294 0.143093
9296 0.134765
9298 0.129632
9300 0.129005
9302 0.130376
9304 0.140416
9306 0.146416
9308 0.154694
9310 0.14911
9312 0.136643
9314 0.134143
9316 0.144062
9318 0.160111
9320 0.166533
9322 0.170935
9324 0.170519
9326 0.159626
9328 0.145828
9330 0.135695
9332 0.125968
9334 0.123845
9336 0.131602
9338 0.13305
9340 0.123707
9342 0.12126
9344 0.13642
9346 0.1587
9348 0.167492
9350 0.169771
9352 0.166033
9354 0.148508
9356 0.141082
9358 0.147273
9360 0.157774
9362 0.161285
9364 0.155688
9366 0.154543
9368 0.151619
9370 0.16094
9372 0.176327
9374 0.187537
9376 0.194343
9378 0.195578
9380 0.180677
9382 0.140502
9384 0.127862
9386 0.138018
9388 0.149979
9390 0.161074
9392 0.171296
9394 0.172005
9396 0.163038
9398 0.159201
9400 0.158629
9402 0.159888
9404 0.156275
9406 0.153178
9408 0.157473
9410 0.164925
9412 0.168104
9414 0.171311
9416 0.172473
9418 0.168379
9420 0.162889
9422 0.15732
9424 0.150986
9426 0.144413
9428 0.132099
9430 0.130791
9432 0.143664
9434 0.155576
9436 0.163941
9438 0.175158
9440 0.171433
9442 0.150338
9444 0.143543
9446 0.145884
9448 0.150851
9450 0.163299
9452 0.177233
9454 0.184148
9456 0.188927
9458 0.183279
9460 0.156097
9462 0.150144
9464 0.168187
9466 0.186746
9468 0.18267
9470 0.159395
9472 0.143557
9474 0.118885
9476 0.118231
9478 0.145407
9480 0.180399
9482 0.200303
9484 0.210456
9486 0.2067
9488 0.176465
9490 0.169713
9492 0.181907
9494 0.198565
9496 0.202101
9498 0.189374
9500 0.178375
9502 0.162658
9504 0.150124
9506 0.134969
9508 0.130697
9510 0.132985
9512 0.135959
9514 0.148282
9516 0.17194
9518 0.182413
9520 0.185385
9522 0.187282
9524 0.175638
9526 0.157096
9528 0.151155
9530 0.154011
9532 0.151232
9534 0.141159
9536 0.138235
9538 0.149966
9540 0.159127
9542 0.160936
9544 0.167607
9546 0.174734
9548 0.186815
9550 0.187913
9552 0.178003
9554 0.164146
9556 0.15519
9558 0.152254
9560 0.146747
9562 0.130981
9564 0.129646
9566 0.158367
9568 0.192865
9570 0.199835
9572 0.184932
9574 0.164743
9576 0.121596
9578 0.113313
9580 0.142187
9582 0.168577
9584 0.184148
9586 0.193184
9588 0.188505
9590 0.168153
9592 0.160217
9594 0.160579
9596 0.159323
9598 0.154143
9600 0.151631
9602 0.152343
9604 0.147256
9606 0.145714
9608 0.149583
9610 0.151323
9612 0.139116
9614 0.128626
9616 0.135192
9618 0.156206
9620 0.161644
9622 0.156344
9624 0.149941
9626 0.145941
9628 0.145171
9630 0.142511
9632 0.138891
9634 0.144461
9636 0.166
9638 0.17549
9640 0.168123
9642 0.161714
9644 0.169641
9646 0.175456
9648 0.174374
9650 0.171448
9652 0.163662
9654 0.14481
9656 0.134335
9658 0.132509
9660 0.136014
9662 0.137624
9664 0.136891
9666 0.136664
9668 0.138653
9670 0.13481
9672 0.121839
9674 0.117441
9676 0.124049
9678 0.137673
9680 0.154983
9682 0.186106
9684 0.193596
9686 0.176128
9688 0.16198
9690 0.156066
9692 0.15334
9694 0.155436
9696 0.164824
9698 0.161384
9700 0.142737
9702 0.132249
9704 0.132976
9706 0.141561
9708 0.153101
9710 0.172531
9712 0.179212
9714 0.178064
9716 0.170307
9718 0.155532
9720 0.139701
9722 0.127358
9724 0.119817
9726 0.121447
9728 0.1339
9730 0.142222
9732 0.156805
9734 0.166402
9736 0.163521
9738 0.156186
9740 0.151072
9742 0.142032
9744 0.141313
9746 0.150943
9748 0.159197
9750 0.166536
9752 0.170838
9754 0.166309
9756 0.153703
9758 0.151318
9760 0.157564
9762 0.158398
9764 0.15355
9766 0.146037
9768 0.144938
9770 0.150405
9772 0.158001
9774 0.170861
9776 0.179821
9778 0.188119
9780 0.189447
9782 0.182387
9784 0.166882
9786 0.16052
9788 0.153938
9790 0.159148
9792 0.178813
9794 0.202702
9796 0.224082
9798 0.247321
9800 0.239961
9802 0.199472
9804 0.173813
9806 0.1573
9808 0.14672
9810 0.145827
9812 0.152305
9814 0.149821
9816 0.145785
9818 0.144854
9820 0.143623
9822 0.139935
9824 0.140541
9826 0.142801
9828 0.147006
9830 0.154799
9832 0.155271
9834 0.145602
9836 0.144137
9838 0.154652
9840 0.160808
9842 0.152147
9844 0.139333
9846 0.139789
9848 0.151147
9850 0.156195
9852 0.162004
9854 0.166595
9856 0.163631
9858 0.151288
9860 0.149215
9862 0.155481
9864 0.156575
9866 0.154724
9868 0.148159
9870 0.129656
9872 0.101515
9874 0.0929425
9876 0.0959978
9878 0.1066
9880 0.131698
9882 0.152656
9884 0.164771
9886 0.170064
9888 0.169504
9890 0.161016
9892 0.15328
9894 0.134903
9896 0.132684
9898 0.159256
9900 0.189595
9902 0.184334
9904 0.151927
9906 0.152967
9908 0.175667
9910 0.190726
9912 0.224777
9914 0.239884
9916 0.171065
9918 0.0392359
9920 0.0195909
9922 0.0805246
9924 0.113846
9926 0.14175
9928 0.1616
9930 0.160331
9932 0.143425
9934 0.144419
9936 0.156593
9938 0.154254
9940 0.133507
9942 0.127064
9944 0.132384
9946 0.140576
9948 0.148981
9950 0.154037
9952 0.169809
9954 0.209671
9956 0.228839
9958 0.202858
9960 0.169691
9962 0.176965
9964 0.201062
9966 0.211251
9968 0.220621
9970 0.222691
9972 0.212335
9974 0.211207
9976 0.20924
9978 0.193976
9980 0.184571
9982 0.180119
9984 0.175517
9986 0.168804
9988 0.15447
9990 0.13507
9992 0.115472
9994 0.11041
9996 0.123666
9998 0.127526
10000 0.126442
10002 0.112913
10004 0.0928428
10006 0.079372
10008 0.0960211
10010 0.142896
10012 0.157549
10014 0.140588
10016 0.149027
10018 0.183019
10020 0.195982
10022 0.184583
10024 0.151605
10026 0.134692
10028 0.121442
10030 0.125214
10032 0.129797
10034 0.130284
10036 0.141178
10038 0.159026
10040 0.163264
10042 0.154751
10044 0.150104
10046 0.149754
10048 0.155034
10050 0.159787
10052 0.165798
10054 0.164387
10056 0.154192
10058 0.147707
10060 0.141443
10062 0.139802
10064 0.149958
10066 0.165816
10068 0.158033
10070 0.124867
10072 0.115699
10074 0.116205
10076 0.135086
10078 0.176189
10080 0.211875
10082 0.210648
10084 0.169485
10086 0.150718
10088 0.1305
10090 0.131207
10092 0.153981
10094 0.175905
10096 0.186601
10098 0.196976
10100 0.172191
10102 0.100808
10104 0.0759517
10106 0.0976484
10108 0.110915
10110 0.112391
10112 0.115907
10114 0.133583
10116 0.173522
10118 0.195495
10120 0.206513
10122 0.199268
10124 0.182926
10126 0.16067
10128 0.141247
10130 0.121135
10132 0.117688
10134 0.137834
10136 0.146739
10138 0.131929
10140 0.0997706
10142 0.0857239
10144 0.0860085
10146 0.11911
10148 0.209945
10150 0.239791
10152 0.206707
10154 0.18346
10156 0.188686
10158 0.205177
10160 0.202041
10162 0.187671
10164 0.163213
10166 0.119075
10168 0.0891706
10170 0.0855686
10172 0.0986083
10174 0.132733
10176 0.210255
10178 0.253062
10180 0.285233
10182 0.27162
10184 0.194125
10186 0.108189
10188 0.115755
10190 0.1902
10192 0.214895
10194 0.228027
10196 0.224778
10198 0.180906
10200 0.116498
10202 0.086842
10204 0.0730955
10206 0.0901322
10208 0.160075
10210 0.206752
10212 0.219817
10214 0.200561
10216 0.163843
10218 0.121069
10220 0.122854
10222 0.154549
10224 0.158104
10226 0.162008
10228 0.165433
10230 0.127668
10232 0.0740287
10234 0.0513062
10236 0.0286886
10238 0.0369275
10240 0.0999195
10242 0.141247
10244 0.146642
10246 0.140741
10248 0.114648
10250 0.0618583
10252 0.0517026
10254 0.0756741
10256 0.0898487
10258 0.121427
10260 0.145856
10262 0.130844
10264 0.113969
10266 0.10294
10268 0.0783569
10270 0.0586437
10272 0.0731634
10274 0.112933
10276 0.132524
10278 0.154749
10280 0.224514
10282 0.346105
10284 0.397806
10286 0.380565
10288 0.393447
10290 0.478312
10292 0.588701
10294 0.538599
10296 0.346366
10298 0.269997
10300 0.264247
10302 0.256424
10304 0.315068
10306 0.38689
10308 0.324881
10310 0.144888
10312 0.0725984
10314 0.0333524
10316 0.0673061
10318 0.195054
10320 0.302392
10322 0.29769
10324 0.231089
10326 0.186998
10328 0.119314
10330 0.0578093
10332 0.011558
10334 0.0292017
10336 0.0751616
10338 0.120105
10340 0.154533
10342 0.202844
10344 0.198896
10346 0.127587
10348 0.0665284
10350 0.0214657
10352 0.00599082
10354 0.018215
10356 0.0400694
10358 0.0683585
10360 0.13252
10362 0.172732
10364 0.196064
10366 0.227633
10368 0.169416
10370 0.00149701
10372 -0.0249457
10374 0.0693635
10376 0.123315
10378 0.154882
10380 0.191854
10382 0.231472
10384 0.29279
10386 0.322261
10388 0.342264
10390 0.308298
10392 0.206611
10394 0.122023
10396 0.117596
10398 0.198891
10400 0.242305
10402 0.275792
10404 0.282475
10406 0.277447
10408 0.27264
10410 0.265624
10412 0.287088
10414 0.295766
10416 0.266442
10418 0.210207
10420 0.101269
10422 0.0801511
10424 0.116804
10426 0.16552
10428 0.209644
10430 0.253342
10432 0.250725
10434 0.198405
10436 0.173577
10438 0.112986
10440 0.0727894
10442 0.126551
10444 0.228113
10446 0.220581
10448 0.111951
10450 0.0754423
10452 0.0978438
10454 0.142982
10456 0.190364
10458 0.268612
10460 0.269987
10462 0.179567
10464 0.121911
10466 0.116328
10468 0.120045
10470 0.0613189
10472 -0.0147061
10474 -0.0265083
10476 0.00117679
10478 0.0381707
10480 0.113859
10482 0.16447
10484 0.18852
10486 0.186668
10488 0.176942
10490 0.164534
10492 0.132475
10494 0.0465291
10496 0.0269879
10498 0.0742402
10500 0.131509
10502 0.186692
10504 0.249707
10506 0.259997
10508 0.213657
10510 0.204279
10512 0.23418
10514 0.250816
10516 0.220561
10518 0.162506
10520 0.135626
10522 0.115365
10524 0.106222
10526 0.122257
10528 0.133022
10530 0.115265
10532 0.112294
10534 0.133176
10536 0.165027
10538 0.165883
10540 0.146387
10542 0.128757
10544 0.0958707
10546 0.068749
10548 0.0895255
10550 0.146979
10552 0.170132
10554 0.183652
10556 0.184483
10558 0.149172
10560 0.112499
10562 0.128319
10564 0.188685
10566 0.209661
10568 0.215611
10570 0.220929
10572 0.217914
10574 0.205724
10576 0.194535
10578 0.170194
10580 0.166525
10582 0.181831
10584 0.195808
10586 0.221608
10588 0.227646
10590 0.183813
10592 0.111337
10594 0.0823751
10596 0.079681
10598 0.0783119
10600 0.0889012
10602 0.0915536
10604 0.0879758
10606 0.0829561
10608 0.0931659
10610 0.130035
10612 0.14718
10614 0.149168
10616 0.156202
10618 0.180171
10620 0.199239
10622 0.204606
10624 0.205794
10626 0.198942
10628 0.180972
10630 0.159288
10632 0.130652
10634 0.112915
10636 0.108719
10638 0.109895
10640 0.115296
10642 0.1379
10644 0.150817
10646 0.147207
10648 0.138676
10650 0.148986
10652 0.166907
10654 0.183487
10656 0.213804
10658 0.199524
10660 0.11391
10662 0.0793247
10664 0.121984
10666 0.183075
10668 0.190136
10670 0.166095
10672 0.163227
10674 0.177767
10676 0.169902
10678 0.13175
10680 0.0890913
10682 0.0763056
10684 0.0927963
10686 0.101346
10688 0.114381
10690 0.118577
10692 0.124682
10694 0.11871
10696 0.0982203
10698 0.0755302
10700 0.0611075
10702 0.0431836
10704 0.0584417
10706 0.122623
10708 0.16352
10710 0.169248
10712 0.158719
10714 0.152605
10716 0.142674
10718 0.139522
10720 0.15164
10722 0.143405
10724 0.0988818
10726 0.0482125
10728 0.0499516
10730 0.108599
10732 0.124088
10734 0.117129
10736 0.104617
10738 0.1036
10740 0.106179
10742 0.0854269
10744 0.0541969
10746 0.0720642
10748 0.138495
10750 0.162222
10752 0.159538
10754 0.152525
10756 0.147077
10758 0.14207
10760 0.11697
10762 0.0643281
10764 0.064652
10766 0.121926
10768 0.165985
10770 0.18634
10772 0.178933
10774 0.169917
10776 0.159434
10778 0.151801
10780 0.15058
10782 0.128444
10784 0.072135
10786 0.0372715
10788 0.0658979
10790 0.135434
10792 0.142321
10794 0.096276
10796 0.0821948
10798 0.0931875
10800 0.115462
10802 0.132537
10804 0.142387
10806 0.153778
10808 0.177269
10810 0.175726
10812 0.126075
10814 0.0878278
10816 0.102318
10818 0.14913
10820 0.188419
10822 0.244274
10824 0.24758
10826 0.187523
10828 0.156926
10830 0.154065
10832 0.155951
10834 0.166277
10836 0.196427
10838 0.194281
10840 0.160937
10842 0.133527
10844 0.105624
10846 0.0782395
10848 0.0860819
10850 0.131954
10852 0.14315
10854 0.138869
10856 0.131787
10858 0.114077
10860 0.0846301
10862 0.0559162
10864 0.0401097
10866 0.0511212
10868 0.0966534
10870 0.0982122
10872 0.0471994
10874 0.0398347
10876 0.109244
10878 0.109244
